2000
16 38 93
135 35 64
81 77 32
141 90 60
67 52 35
8225392192891 82 74
38317227 32 33
2778058697910 90 73
12 89 34
18 6 76
22781952 76 69
112 64 59
315730 2 41
601681 88 12
390873161101107 27 100
145 9 52
122 24 41
8867866 63 73
147 52 50
880593886511684 5 100
8767143698 93 88
30 40 35
100 44 81
45 32 25
61341931029 52 87
12 82 95
8132818412188 46 84
371365185370 76 82
5476 32 81
111 95 58
99 36 78
9826722 37 76
84 24 26
93 7 92
55243 53 47
70 3 23
96 98 89
138 31 41
107 2 95
51837004451955 60 18
1577451226 93 11
137 28 59
74 16 10
44 72 99
77187209 61 80
121 65 51
72 72 13
9 32 20
276840 75 12
44466892 40 52
81 32 15
85 9 71
70 31 70
15 8 86
17113841356 23 71
18 32 58
71 39 20
2495892212 47 39
36 29 87
89 92 4
13 74 24
229945422 41 33
59 29 40
37 98 8
6439 58 69
61 25 5
111 87 76
7604486078 73 14
121 82 17
57167560779 3 7
62 75 76
8619958599 56 3
288893 86 30
30 61 14
46707111500536 78 19
18929014 53 19
82 40 55
77 56 78
701 41 91
74 34 11
118 63 36
7717 7 97
4540321 59 45
122 97 38
44 85 36
4925561 40 82
238 16 62
453301929105 76 68
597332 36 25
57 42 67
532613 95 50
391729175 14 64
66154554 41 1
46797668993 99 84
485 15 43
812803220 51 44
118 83 19
4431914937842 36 44
9443 23 21
149 13 80
54 21 26
1796226966 27 22
146 63 8
114 69 69
16 5 3
42248348417923 44 86
74 48 84
70 57 34
95 22 42
22 76 34
98 83 37
4220837383936 49 85
393374 2 58
67 5 24
8696 86 16
83 76 9
65928 65 12
76 38 64
750467312 7 86
8 88 21
60 62 52
112 90 88
7809898 60 15
107 67 99
40 49 29
71 39 47
659775 47 99
135 40 58
87 54 26
6639267847051 39 75
126 19 6
14 20 71
797922919335 9 28
4 25 42
103 74 51
85 95 38
82 32 11
1000000000000000 95 32
4 99 49
28 31 70
70 61 20
74 77 96
13 95 43
131 46 83
792329382 6 69
119 54 85
5714640564459 92 3
93 29 81
79 87 5
66 65 39
6167021477 85 59
122 37 29
915392447 67 93
40 82 48
396699639236 58 27
135 76 97
107 6 67
7051900 63 9
69 99 77
118 75 43
86 16 47
8433236883 94 9
921354506 72 55
781 32 83
485 86 53
6158585573517 95 5
131 37 76
122 62 6
518251288144032 41 0
7616018853 66 52
4232634046942 14 55
50 12 82
2 34 63
7 24 65
1 16 9
675453135541 66 74
128821994 75 14
449 61 28
4 37 49
30 9 10
1648328455283 71 2
6 79 44
143 98 25
88 2 71
3 16 25
95 6 45
101 13 65
55698 80 80
16 96 40
6 65 34
128 64 63
26 5 30
27 71 73
32 18 42
343736237527 61 77
4471 61 18
37 57 2
886841372699 49 84
692290883 65 65
381 37 40
89431697982 94 71
90 31 59
56741313 60 19
71 2 99
9099373 60 48
82 80 2
7607 85 98
68 19 53
411 44 47
9193687099 75 13
509817664819673 55 100
8 17 31
227650737230954 97 0
66 61 18
79 31 62
125 90 84
978265094340006 22 100
147 90 61
104 49 83
6482991772 65 58
55 86 41
143642476 57 30
44 83 58
71 29 40
155615495321 88 53
243538 64 35
134 84 9
139 1 41
150 80 54
6726976369572 88 19
130 28 47
795271633530 17 17
7 9 59
104 36 18
8787884937036 49 87
450 86 90
380 94 8
76 24 75
54 70 58
78 7 42
961437618024 31 40
115 73 38
120 64 59
693485 93 77
52898213 52 91
3 65 60
53 98 81
4080269 26 57
72 97 46
5 89 29
32 5 5
6173876828 32 52
81906277014 44 68
537 56 40
49 33 60
70 65 9
10 16 92
9 7 83
5243759592249 63 79
9953 97 6
3 3 31
853054 30 3
58 46 70
94 8 85
60 68 67
847276599 89 31
927 95 18
65 45 40
862 43 67
139 7 96
59 93 85
58 14 34
960803666083 17 81
66 3 37
28 91 32
28 6 34
73 35 37
890993540149617 78 39
273534744879 7 38
88 75 18
92 4 85
5117707 55 55
66 14 71
105 39 52
126 40 15
5 99 73
551493 89 1
110 56 7
5294 36 13
13885 94 10
1 50 2
944553081700110 36 0
91395888365340 89 36
98 7 68
4 75 90
8804760 57 37
73 29 79
3757725637201 73 14
4721197177630 42 89
75 49 97
93852840 86 54
66421143977 80 2
27 90 90
774962897277055 77 100
5375909697794 96 70
74 34 55
76760 23 26
6 97 78
105 9 85
654798 37 52
30 80 39
702 91 79
8591281505 48 3
67706173449787 48 18
39 8 73
96 13 61
319463562 6 95
727100970996 10 69
107 30 75
809444056 67 77
108 40 35
22428161 54 56
57539279799771 61 63
18 5 97
106 37 63
499806 1 68
122 68 58
19439220 28 88
5525707691 17 36
64 41 30
49 86 38
8 74 81
3 8 64
7116997091318 7 89
4152451 92 40
99 20 46
4943353891148 69 43
23 29 97
116 40 20
20 69 69
526 70 9
21 27 99
402580395 12 89
9354640184 76 45
18769212 56 77
39554 20 88
11 26 30
9239246370 94 29
150 65 47
46 85 9
39269879456 50 73
86 97 91
51 84 66
122 63 55
237244993 13 21
26119729962 30 32
16932657001046 14 70
962713004 28 30
139 64 11
129 49 64
8347 70 20
64 26 13
270910396 80 71
33 30 27
50 6 85
38 13 31
626922898 65 77
35819562088975 14 19
873414846692941 96 0
111 92 80
8 78 8
64871006726 95 68
112 30 82
72 29 81
10 52 83
135 44 72
743594057805 87 85
768426819 76 82
4 1 11
988454374 36 10
80 90 45
9476738763 34 82
8494 42 68
5519344864067 85 63
104 84 31
794888526918522 41 35
926 13 35
6166637990069 21 12
34 48 92
9 97 31
24 15 51
3437 37 79
48 43 51
9 48 38
80 32 15
88 84 5
122 28 62
882577635287 68 11
24385047 47 1
5611655 75 21
78 41 86
206 2 25
93 83 95
117 62 19
648463542199151 100 100
2630 53 9
843028 30 25
1145511 12 62
147 38 30
76 87 82
9079634196 49 64
125 80 74
36280889 35 44
75 97 7
632379 38 25
113 92 27
133 28 2
1669227198 2 3
83034670 52 98
8 10 52
652627 19 12
94 46 10
10 71 13
59218638870 56 84
61 5 37
6595963941878 51 34
1 88 7
113 34 83
114 74 5
3 82 44
99 10 81
147 56 67
963615269462 37 44
127 75 60
6 18 3
271426488 61 80
93851 19 95
57 91 89
4586433347861 92 19
15962937569412 57 89
63 62 88
67 36 2
6749 28 88
7 41 7
82682830 1 98
114 22 55
17695068826964 12 8
67700120088 53 42
40 73 88
136 28 9
1516 67 6
54 32 2
138 47 57
140 51 73
10935 7 53
6 75 62
94 11 80
9 45 98
4017605 41 13
405274850 62 72
36470740730806 24 97
81515391 90 84
123 22 2
120 50 33
482657271 5 24
6 73 41
119 60 63
2736 41 28
41556071 20 97
19 96 16
244581 77 46
9 87 87
4 99 15
62 79 75
1 36 9
108 33 33
44919136771 98 58
3687304 26 1
10 90 40
75 22 89
4044 56 74
44512 99 79
6939793705 40 12
147 24 74
149 21 15
97732192 93 96
40 2 78
86 60 60
19 47 62
47182309961 4 8
37 59 42
34 57 73
869880887364184 68 0
77 43 9
786397158613 71 28
86 24 87
66 58 5
86382 95 38
84 95 79
1 31 0
114912026281238 84 82
150 87 97
50 92 2
15 92 69
18 20 96
870330476109032 97 73
947178 61 86
102 77 4
695643922 9 77
63 16 23
17 65 63
841859191316733 50 100
1530314790148 82 43
814 31 10
37 38 78
30 11 69
99161 25 93
132 60 35
571539107907433 41 100
58 88 42
42 95 59
7615 1 35
112 58 17
140 56 22
1764180764 14 30
40511 6 30
106 47 10
71 89 40
130 94 20
150 91 27
80 94 93
115 14 9
7339139746055 69 32
15 96 50
419129035 89 55
80 75 76
513832004337664 67 100
633749101091 29 39
114 70 51
49 85 24
58 61 63
7 8 69
2206587550 76 19
4285223949392 29 95
90 27 42
50 69 83
21 86 56
9438689447 46 74
74 8 25
846680428609 4 85
106 63 70
78 85 10
86266239237 72 52
818874037 91 6
87177 74 32
110 39 20
54 51 53
95 7 34
484928796798555 15 53
5879253325 88 14
4524655 20 63
14 33 74
122 73 71
56 58 95
801486 54 17
48 66 15
769 28 2
25416 57 63
135 39 70
474417373702 92 58
20 80 22
7766 60 58
114 73 65
44 29 35
95621734 39 91
42 42 28
57279436278211 6 87
54580075589737 25 56
7 4 40
2035499834 1 26
315403555590 64 99
626 79 88
23 24 19
92 19 20
523708249668233 93 0
16751343111822 61 68
92 80 47
826363500 54 45
824 35 59
77 71 44
6574929 36 34
56 9 43
16 25 9
64938116937391 17 14
137 3 36
132 54 84
23397 20 80
74 37 92
6420550 87 81
3079706197 92 96
41 9 33
50 73 29
38586226973 37 76
359359554665 85 79
20 9 11
757 82 55
123 25 75
5213458737109 53 64
812050638561 71 69
15826 69 3
4970 94 97
32671635790513 20 30
106 99 2
117 99 10
11 98 61
112 98 71
66914 62 27
25527582519886 71 12
32 55 79
5646 11 58
62 11 76
89 9 27
138 87 16
8 90 4
91 56 12
7690 43 31
180451607695233 42 35
8863824094 64 4
140595 23 74
55 97 96
86 42 5
1929436 14 43
773209504 2 38
9962083511273 6 64
91 39 42
55 78 67
107382861 41 99
846383095967 21 91
26 74 39
91243 71 39
230979 15 40
18 21 38
237103403408842 60 33
81024896 35 82
140 77 37
74 54 50
26671013006837 73 98
141 85 57
87 98 76
6529 68 58
8277997511 10 59
70 81 79
85525 79 96
9688923165103 5 99
10 51 12
92 25 77
17 41 28
5 20 22
7330238421 6 87
134 42 40
87 27 2
87 81 55
702390180 31 35
85270 16 25
17 9 9
53 51 68
85 95 60
134 96 62
96997715544 6 82
16 66 92
5 8 78
32 59 78
13075342577745 94 17
285606305 59 53
14 95 74
36 58 1
629 35 65
8862 45 12
541613454 63 79
9385813139 46 59
16 13 24
28 2 1
56819 60 41
99 16 79
2 75 86
144 60 96
9 49 53
70021401940 73 30
871867587710582 50 0
92 62 82
67 43 14
4045443303 4 89
372368 64 32
41840606597824 73 62
146 55 53
5 40 61
33 40 63
7700153582 19 52
132 14 48
4175106256237 8 17
70 56 99
31 34 77
49 2 73
1312049903333 74 65
2889323654521 95 59
31 29 25
506080 6 38
93 23 77
972956904066111 82 9
12 13 11
11 15 15
3195802219959 55 33
31 29 33
46460 43 2
8602 5 83
6661729611 82 55
76113829 97 69
112 83 95
79 79 13
339799730 9 62
3605874344 32 81
47 10 45
859621 11 85
9537285551 31 39
19346 1 8
3180206 24 85
7150143425589 71 79
10 98 54
133 20 16
919794403 76 95
412339 27 47
51 82 66
16038 11 50
82 45 59
632829 96 21
137 76 48
563569724166 31 5
32185551209666 53 25
8 87 25
53 89 22
28 79 63
6992 70 62
27401498818 56 95
10 49 34
751934037876679 24 100
96 84 99
109 67 13
6339656179 99 73
8898 31 62
584146469161232 45 45
21 74 50
634006637303 23 80
7 10 61
2 63 28
280791215841481 10 4
22 65 2
146 45 50
871899796825 78 7
45 18 41
69 69 51
10 74 67
118 56 88
43 65 90
4699607 14 46
130 55 59
128 39 37
70 63 56
119 2 86
90 8 95
9 22 41
44 10 85
93251786477 22 25
92 16 81
9221493603413 40 28
6 63 60
91 31 92
583695615 43 21
32 76 75
246 92 15
114 68 64
29 57 35
971623545528187 29 7
320155720 46 77
135 4 98
83 95 59
23 18 51
3949954716615 15 7
17 78 62
493564252 48 5
44 64 38
98 48 67
70 46 10
4083975060230 93 49
53 72 6
108 91 37
41 43 5
842432 92 41
472096882267528 7 0
74 68 11
442113405649715 44 12
139 1 32
838835 44 56
4 44 71
62469540 41 39
5 91 89
44315935 90 63
18704 22 89
10918 12 31
807 32 18
53722920 42 78
722 24 3
14 74 5
18 82 80
31 80 69
63 47 86
1 64 94
51816 13 73
71 53 93
31 54 11
27542773525 78 22
594493422609916 38 75
148 56 83
362885 34 40
81 45 10
145 21 47
6 64 63
5351268 63 96
326857 50 51
58 86 21
699584499 84 60
530240190912 25 76
28 88 36
30874503 45 67
131 75 50
130 57 48
46 63 83
26 43 37
69 7 74
24 33 11
110 47 94
88 4 86
22562820253 93 55
57 76 9
2455056565222 99 82
20 3 94
990 97 73
9 17 38
23 85 15
7 39 36
880713175645077 56 3
745547147955 69 98
4 8 84
147 82 11
46 72 56
6 66 55
9 37 2
130 52 7
190918951 58 10
7927 48 31
66495593 44 30
124 93 90
1 50 99
221860617741539 56 100
436464420 1 60
96 10 9
36 22 86
80009050891038 1 77
78980086 19 89
567156 17 24
268 24 46
85 11 63
18508904565135 2 60
125 38 93
56388200913 62 53
47 78 37
88459 49 20
88 58 52
50 64 93
5 3 96
114 97 63
558 57 68
66 96 97
29 5 34
35 38 78
24 88 68
9280285131626 63 38
6894911385159 43 4
12219089545691 12 27
19 92 43
63 58 66
3933 55 16
7916512049147 70 25
2 20 15
4 27 27
360253884 7 38
941766303844 91 64
6 25 55
11546069 11 35
98 66 77
53 36 89
7 17 28
11 16 26
233607043667 48 69
47287 15 12
82 65 22
865772965 16 74
92 46 17
516291468131 17 28
6 62 61
109 49 64
97 46 84
4414492065560 29 47
803159 50 24
501576078885888 87 0
862051384138 15 54
45 53 42
39 2 26
149 76 69
147 63 58
27 72 69
87 87 49
56 15 23
1098222452 4 28
101 49 20
914289 13 72
348068654054746 84 100
77 27 36
19 15 87
671737114320 88 18
702042049107 24 36
76 4 74
2301 16 77
2563894832 37 64
7204332 4 60
58 3 41
100 9 78
136 3 72
38 34 14
111 92 50
65 80 15
87 7 97
53 32 80
138 14 31
40 10 54
139781 59 35
31 61 77
2751 63 95
338460184828657 49 0
8 60 71
228322502 63 83
48869 70 66
88 89 52
67395107292 43 3
22328869 53 91
26 55 41
6 35 74
58 7 72
98092553 47 4
55 25 39
15 34 10
32 79 91
90 52 88
99 32 29
546111500705351 63 0
72578301107949 80 18
96 40 59
99714869899530 48 50
895099767627 64 42
65 27 90
2 13 45
147 41 76
99 65 20
35 35 7
91411 45 95
90 22 64
37 31 56
23 58 47
4273480817594 77 15
76206 84 42
90 25 41
10 47 37
809719238870 79 72
87 63 33
169854531 40 89
83 57 28
2998184397 89 15
10796 84 67
9660030 46 44
480 3 18
75876 54 95
58 87 79
106 76 15
72 15 14
41 67 59
136 48 79
47 54 45
143 80 50
143 37 31
427795276 10 81
4152 58 38
85 68 59
10 45 5
57276665 44 14
1 13 80
3955843848659 89 82
66 25 85
4 26 84
6 14 20
146 88 57
55 44 96
133 25 45
6407310604203 73 53
24 96 21
15 44 23
5449350018 62 92
40 85 74
8559 27 52
759060 85 78
86 48 55
1930635042 92 37
64352224949 37 46
148 43 78
2675019 31 54
97 40 35
595 11 59
56 66 83
13686 30 22
133 32 14
101 71 75
37 97 73
2 42 56
9 43 54
45468896521599 47 11
758624 93 64
5926 58 55
20 30 51
8316225836 79 99
20 78 38
2 50 22
1760451 45 61
100 14 44
481832 86 77
90 29 91
92 59 9
93 82 56
659765 83 54
2519933388 39 79
135 16 82
13157871468 99 51
65 54 4
1 91 11
28 5 13
38205201794457 42 47
13 12 23
23 52 6
135 13 37
727481513383240 88 0
30412880493815 84 53
867193500 41 10
3328574 2 68
5704 79 94
333039163676650 60 7
13590753388160 66 58
77 28 87
98 80 3
21 36 74
339 28 42
458433755989 67 69
131 3 31
5909236003 4 42
2167282026952 19 33
184748559366 36 2
142 62 83
24 98 88
20 42 88
131 61 89
24 82 17
10 10 42
8128 84 56
94 34 33
182 69 37
130 60 46
4787 51 97
141 84 73
112 60 18
116 7 92
9 74 4
112 90 34
78872 25 99
620632890165 33 67
20 50 11
1 45 55
10 78 51
60 28 67
122 52 31
406 71 11
9251783 37 26
7 55 25
10464809700 95 3
2829 13 5
83162 89 34
10 59 7
19 87 27
7 88 17
3 14 14
558557 71 12
123 38 25
474 84 61
32 28 66
7305160 82 35
138 80 76
111 45 70
65 49 22
77 23 84
32932211 65 36
5 60 57
65 19 58
5 30 68
7772653873 47 20
3 25 37
53246534 44 68
58 57 24
101 96 58
95 30 31
9 52 18
29 78 61
70759 71 80
11114 93 52
141 92 5
116 16 64
140 94 90
947169 50 15
147 35 49
137 74 22
78 97 56
76 90 26
9149544723 77 7
99 88 17
70890 0 0
75 71 44
115 73 17
2 23 98
47871826 85 62
164138 9 64
666284442 93 59
2069367183 48 69
4156146112 98 49
88 31 64
85 95 25
51207 3 53
6515903900 72 13
757536220964764 85 100
48 50 77
88970136499790 12 17
143 87 88
47 48 68
148 78 95
43375 68 6
135 23 98
685660042618 85 16
41 28 18
77 84 28
321274361124 92 15
44 87 40
70219233503824 95 25
14 53 58
12 93 81
31313 25 20
21 3 37
587423 33 11
132 61 29
421629493237 55 95
2502922 66 45
160961632606243 2 0
36 93 50
57 94 45
804579229374865 76 100
101 97 31
120844740959 40 43
62 73 76
28 78 86
82611 74 43
68 31 57
85 44 20
127 12 20
25249632439 53 39
487237223064214 41 0
62730 57 33
9228 91 16
706 13 57
36 37 44
37 32 25
59 14 2
45 87 17
69 90 52
22186322 78 68
29 32 65
122331333 58 53
76 37 91
424622419 14 47
139 57 1
59 19 73
691 36 51
144 52 6
39 66 45
60 15 72
2 50 89
25 74 31
61 26 22
79432210 22 48
39 61 48
43 16 18
129 63 83
103 51 91
9995268627683 36 65
2352837299792 94 88
399447 60 51
139 96 57
56222330388 53 52
36 74 13
464008 44 84
18 39 84
102 86 89
11 21 31
26 89 21
3491650612986 27 42
10 11 16
36 99 4
1208571900 75 23
125 92 69
49244058401685 20 89
1716055 79 61
102 91 21
1653 93 81
116 32 13
233566726042069 15 100
78 96 45
283 44 2
139491502885923 37 50
147 60 57
148 23 29
2027759108167 5 64
12 18 18
759291253206 25 29
124 78 52
96 88 84
246195998050 73 40
3 79 62
89 37 69
716521156 29 41
49 94 22
1883 18 53
56518996850 3 11
63 44 96
4591768437140 18 6
4279183585 98 47
856241269757 38 6
48 28 78
41413 6 42
14 24 78
128 33 38
10 29 43
621285102702684 94 77
9291517062 97 97
236564794493497 17 80
14328621459952 97 0
7983058496059 55 40
50 6 71
100 36 88
138 41 19
29899704 40 21
2547 26 39
118 33 97
1730 23 76
18457 82 42
786584404 38 36
19 38 95
42775978 69 50
110 66 13
49 36 34
59 96 89
129 19 71
3 98 88
80 60 31
915686768793586 83 64
8449 13 24
129 75 17
4580369 96 53
103 1 78
141 13 80
24 21 65
9875809 65 68
100 52 74
170609850618118 73 100
317291337965 17 45
126 22 13
101139133 26 40
134 20 29
17 22 25
11038000744 93 75
127 2 48
51669 52 4
120 72 79
117 37 6
62337 80 5
145 86 16
108 68 97
36 44 81
6069826957 47 91
15 30 58
8828465 62 96
74157235 1 16
6190 85 27
61465457 72 4
1 29 89
60 59 72
14 61 65
46 16 66
30 99 38
58 79 27
25376044 94 58
4860539897965 61 55
3066 71 43
40 50 57
14978938 17 50
580655 91 14
266 25 79
68503300360428 5 93
80 47 10
97 21 69
99 45 41
808922149899 61 11
17 64 72
74 78 30
64 49 66
16 35 41
99 10 9
5517 8 77
6587261956 35 47
48 6 42
9887 77 83
2030 81 95
5 93 51
846531485 69 99
31 63 75
111 79 77
53477 76 47
2 25 2
3 38 87
773827686607 39 25
38 20 43
95812087959 36 28
954608 22 43
31 62 1
80808324931 86 42
92 71 45
4271535713 3 58
41 78 38
95 12 11
459107232445 10 69
1974076006 94 17
98854995 87 24
850 86 19
116 70 45
136 64 6
104 21 70
130 34 56
1924160591348 57 47
23 1 76
7 81 71
443012601782218 73 100
98 34 77
103 13 11
17 22 79
937735415434 15 15
551833427 61 68
92 98 21
107 2 22
62947116 97 99
24 65 66
564090570 29 12
276 59 88
147 87 59
84 52 62
7684790 4 38
2178550575106 55 50
10 26 60
23 61 3
132 20 39
723824432318007 75 64
78 87 88
123 80 26
2623 27 14
90 28 9
55 96 36
84333482 14 77
86 33 13
61 65 40
57172 52 41
64 31 53
5906383561594 32 61
148 78 26
91074201134501 78 51
121672589280 49 31
92 9 60
40 14 6
116 19 71
108 24 26
26 68 81
312180 51 6
120 30 82
371 12 64
100 15 46
63 34 74
818715679690 45 33
61 10 7
104 5 60
957 88 48
112 17 81
41 46 65
43714 8 48
107 8 82
9 32 68
67105372835 99 29
4840886189213 71 29
22 99 3
9366672500510 71 47
10 20 82
113 70 50
387873333435410 90 0
16 68 41
35155682921419 93 0
28 75 91
7352866508170 75 15
68 61 56
76 93 85
105 70 37
867634857890175 35 79
785327 52 41
68 27 71
107 69 95
94 48 57
150 54 80
120 83 96
68849209311 52 63
22 41 28
69 42 58
2 40 31
2690001726 34 32
129 60 9
113 23 21
42484060462673 19 55
2 3 18
64 56 37
29 40 60
21 41 27
80 81 24
138 20 29
129 79 51
138 42 95
95 93 80
500243597169771 92 28
140 96 44
53712677 18 67
59 88 77
188041831251560 96 52
6 36 52
22 28 38
1104928 36 70
4 31 17
88 19 52
112 15 46
8228703 92 14
118 88 38
595 99 48
131 35 6
267152645006227 61 92
5181307771373 98 18
13 56 46
2 80 4
149 77 67
708 30 37
53613637421 66 1
26 19 16
698365747377077 26 3
117 48 84
35 88 57
2528205 23 84
697352773334 20 23
47382068115 14 13
349578765747 92 16
367 66 29
87 55 99
99 17 42
48 86 25
124 14 41
120181798056862 75 9
57 29 83
41 94 29
5205718569 43 18
1531171069641 19 53
38 24 89
46 41 76
77 63 45
90078767214832 83 53
76 56 83
5036967 83 20
925 16 16
49 18 92
111 27 8
83757202453512 2 80
756420313596469 46 47
9 9 45
601252326399 95 51
115 66 45
6489798551 40 99
144 92 42
9 25 91
77 28 35
67654180027 81 4
41803495759 14 29
144 65 48
124 87 89
559544268582354 86 59
5 37 53
58 81 30
680669855061 63 12
85 55 37
5 20 85
101 30 64
96727183562 59 19
4143341315 7 42
617253800160812 65 62
123 23 29
20 43 40
40 69 59
4868801674125 93 61
112 8 6
162378241152715 1 19
25484154933 7 77
123 17 83
9549889046007 52 52
86 8 95
457957334877784 54 37
28 47 75
78938648318283 30 1
127 20 19
94 13 9
306897540571 13 49
4555121072258 10 2
949 97 72
6352 21 12
100 72 98
820 20 32
20420722 80 42
78475617251837 31 40
104 6 66
7948 68 7
636512 75 60
2834555656 64 55
10 82 7
71 76 45
12 91 61
6414525278625 72 71
53519745552606 51 59
87 17 21
142560401105316 79 22
27 15 81
44 26 58
7410 76 2
737921244353994 99 100
1 28 60
764668541 5 33
124 68 54
47 11 47
12221 63 62
88 74 97
178603913 20 75
35 97 64
853602696 100 0
85 94 66
871500257 75 83
74 56 38
12 89 60
984 77 22
19 55 72
616641266962 72 15
58 91 32
55063264650 70 36
30 54 8
67316 77 27
36746358 60 43
25 26 6
80 56 48
888683619 91 6
23 57 45
135 73 43
64 48 89
121 38 75
85 18 12
57059799120 3 69
87704619124216 14 26
144 43 83
2 75 59
85 80 61
2007856681 76 10
95594788522 82 40
949729081139926 26 56
150747 95 86
103 14 13
57 16 17
70 98 23
664 37 74
142 79 44
64 28 92
8 0 100
115 70 14
112901778 91 54
58365732 40 10
370335852847984 15 0
10687615 75 10
124 1 23
1728 36 24
2 63 60
106 77 97
44425419 2 77
466315011717 23 21
147 80 90
673 90 12
127 3 47
76 32 82
80 93 58
88 13 50
7918417503 61 96
109 81 59
14 49 63
886896495 33 78
877113342 95 83
121 2 90
6992761671 76 22
3 95 30
368996980568 32 12
21724403571644 64 93
8 40 2
945010769 47 29
135 39 17
88902120036 70 44
95 70 96
60371822 3 83
53 19 70
972446499587 15 25
96 95 92
251663159369 88 43
41 54 66
42 59 31
56 3 49
120 62 6
103 54 91
65207370 63 31
55 16 39
54359653427 27 26
8 14 51
72 79 49
382636927396533 88 0
6 71 20
94 76 93
15367 6 31
7015147250 14 33
7 95 78
10 30 72
142 75 85
27 30 57
33 45 38
414818 57 57
60793515882308 68 47
2098637500474 14 61
44391 8 64
819894448625 56 50
57 58 88
91149501054 94 42
173159 65 43
222030071282 12 69
7 28 4
129 13 81
567 13 61
8553 82 46
68 97 29
128 36 44
34 56 27
12 64 24
81 90 20
53 22 86
7 21 25
14812754794 19 21
27 94 7
7 89 31
8261757868564 1 69
905 69 96
507047411379130 30 100
84 61 2
125 96 89
117 75 10
87 50 78
79 68 39
28154344243 57 52
58 56 37
1 37 100
674868328669319 46 8
131 71 30
43126572216784 84 51
6072501837978 5 59
43 10 33
110 3 81
3325 86 52
127 63 39
100 39 82
124 98 30
69898050762812 65 23
9 90 58
99 44 57
17 98 20
94 36 17
1868263001 92 60
181832773537723 34 50
119 31 94
97 78 14
66806991 4 8
1000000000000000 31 0
131 33 70
213873932171 28 96
142 83 93
2604228640317 25 0
2 58 7
19 43 38
53 81 53
36 88 43
72248 33 60
97 18 40
1 11 95
53 84 68
126 34 78
81 63 67
273732168 23 25
36 83 50
3919 65 90
14 57 86
112 19 81
40 47 38
113 76 22
99 62 36
104 20 96
10912 24 26
7 28 2
97716934555740 2 22
109 29 27
6681829845054 70 73
245162 63 81
62258463052919 20 56
15 37 9
28 11 58
6819006 46 14
977831341391173 83 0
150 77 6
11703748933 45 27
21 87 6
1232 61 6
122 46 47
44 60 10
32 40 89
113720496 46 43
5037738 34 2
78 19 12
22 73 46
9 33 1
72 51 59
18 28 68
2 50 83
31159952 58 36
37 12 59
7413085847 1 15
25 9 83
76 59 76
40 71 41
9 43 62
5537807533209 30 47
449601224652 60 77
71 35 60
7 36 48
6 33 37
765555152596 58 84
2972294 74 88
106 23 48
23 42 81
99 43 99
74062802674 88 39
9 40 56
113 85 31
6330509712 67 59
78716414220041 98 74
4790 4 93
4 20 63
126 29 73
7279987 94 36
7320004 66 49
38 41 48
270570 92 85
59 93 22
98481906337 57 76
87 20 40
379446658647 70 15
1 94 28
531 48 80
4949 28 90
3026459060 79 76
9081 28 34
26 19 23
98 63 64
162 92 69
97 40 18
80674476956 40 94
19 6 37
9 14 68
1 77 64
1219952771 28 82
407416032759306 55 17
2327473 29 72
79 45 12
4576915 23 19
17 5 77
119 48 78
375 39 81
94 28 1
2190 57 5
34 6 58
69 52 75
132 74 44
145 68 82
496230623438328 17 100
24 33 97
75 17 29
75655654744846 5 79
54949301 24 35
25 74 34
145 52 99
113 82 64
57 71 85
24 71 30
101 64 91
63 68 52
42 73 85
265231 30 72
718423462 29 1
23925787 95 99
1689 14 13
59 64 11
117873 32 32
2200 46 92
6418 98 72
5315 62 41
21 72 22
83603658857374 87 100
17 79 71
50 79 9
136 20 70
106 71 29
4179918681 88 86
43 59 57
9691746027 37 22
7879 96 53
10249991682324 92 46
727264858591145 48 41
16 75 49
294132 50 79
43 64 1
3160 60 97
10 7 85
106 35 85
115 11 23
85590591986 15 55
864 66 23
4471184 75 39
323497119357707 11 92
314841910565950 7 100
9499986562 49 52
85232876 17 27
123 33 28
735299104591969 34 22
87 21 14
9536457 63 11
942485466603010 89 26
59308 14 12
65 91 46
12 38 10
37 84 61
125 9 81
5923842744807 31 91
7 36 53
134 6 77
58365 36 50
7490434 49 44
2 38 98
26 25 90
50 52 44
19 85 94
5 82 14
5 58 68
72 23 89
94598 56 7
885116410087 96 58
2629132080183 49 36
11 46 83
90 72 12
162851671096887 68 33
9302446 30 37
4 77 81
83923 43 39
6063728134 8 41
18 97 67
77389504 37 66
20 69 25
100 77 95
51 17 5
30 49 83
137 37 37
98 44 11
4910 71 96
132 87 40
836 82 29
505374525 19 26
3 89 60
1323824163387 39 43
990780 23 16
93 96 4
139 74 23
32 76 13
2277435194 28 5
145 40 69
73777020771 40 53
38 17 31
43 22 49
112 96 95
2866315045442 65 73
16401002204 6 58
39 91 45
121 14 21
802 20 51
18 44 94
17 34 73
112 89 84
12 16 56
122 87 33
102 21 76
14 15 59
125 3 22
420351784922 47 39
1 30 11
70 59 21
104 38 20
48 38 91
950 32 20
912902832292069 72 90
8195 9 4
149 99 23
116 90 41
38794844 36 6
462749504490 28 54
110 29 13
4412338291166 60 64
8889 32 16
139 71 56
60 81 26
14 3 93
111 49 33
8681185331438 47 54
30 12 50
36 65 69
4 14 10
27083 39 72
144 5 79
56 80 34
5286240 73 35
1980 38 72
45 47 37
75 99 42
7332782 53 64
254272 68 93
15550 32 88
947347496706 46 82
999848 32 57
117 29 37
19 44 37
35 4 9
85471864287 99 95
9264545 34 25
9 47 47
16857570707994 80 93
89 35 74
1 50 52
40 48 5
48218740820 87 89
