100
3 86 47
10 48 82
1 54 9
2 50 74
8 99 36
10 86 9
6 40 2
4 8 99
2 25 30
9 40 20
2 90 78
10 70 18
6 75 1
7 92 44
2 72 55
4 23 99
4 13 54
1 24 19
7 40 73
10 16 40
4 86 8
10 5 0
3 28 70
9 90 89
10 70 66
7 80 2
6 92 91
10 96 26
10 46 20
8 100 100
5 22 41
6 53 48
3 61 23
1 50 72
8 91 85
7 77 41
6 62 76
2 25 16
10 65 22
10 72 32
9 64 67
10 1 52
7 85 55
9 37 59
4 23 27
9 99 47
3 60 83
2 40 53
10 61 82
8 30 92
4 63 16
3 75 34
5 20 62
6 25 46
2 50 85
9 66 50
4 82 70
9 90 7
10 46 95
3 0 0
5 3 90
9 100 0
5 75 92
3 40 44
2 50 90
10 13 16
5 27 82
1 50 100
8 62 55
7 82 43
1 50 11
7 30 79
6 63 17
10 12 29
4 0 100
4 94 97
3 70 87
10 39 74
9 34 20
4 57 30
8 74 22
10 15 24
5 50 100
10 58 66
10 2 37
6 30 95
1 50 54
10 3 79
10 10 11
5 50 0
1 63 0
9 89 15
4 43 41
10 65 43
10 62 87
4 82 64
7 54 13
6 14 62
7 73 92
10 10 24
