100
2 50 25
1 50 55
10 35 75
1 59 31
9 57 99
7 26 42
9 69 21
4 93 90
10 14 58
8 25 7
6 25 11
2 100 100
5 30 67
1 34 51
2 2 13
1 35 50
10 65 51
9 95 75
10 64 21
6 25 16
3 36 96
3 40 79
6 30 93
4 31 96
2 57 88
1 46 57
2 75 54
1 37 99
9 90 45
2 40 7
2 32 7
8 50 100
2 50 96
6 43 55
10 45 20
2 16 38
10 6 27
4 10 58
2 40 22
2 50 79
6 0 0
2 93 44
3 67 92
7 80 77
1 50 37
5 30 97
10 87 35
8 70 11
10 28 72
1 7 82
3 30 40
1 50 80
10 52 91
7 17 61
10 10 53
7 40 32
10 70 4
4 40 16
6 45 67
7 58 27
10 79 44
10 99 0
10 54 86
8 80 8
2 36 89
3 24 57
2 3 35
9 61 12
1 98 4
9 30 51
1 86 33
5 6 93
10 24 17
10 3 2
10 93 59
4 43 61
1 37 0
3 50 0
6 74 66
10 0 100
7 90 86
10 21 57
1 47 100
6 87 23
8 19 47
6 25 92
10 18 68
4 49 80
6 73 44
10 90 29
2 18 5
2 80 58
2 64 66
2 25 56
5 59 44
3 81 85
2 75 82
8 10 61
7 30 44
4 100 0
