2
1
1 10 10
0
1
1 10 10
1
1 10 10
1
1 10 10
2
1 10 10
1 10 10
4
1 9 0
1 8 0
0 3 1
0 2 0
2
1 0 0
0 3 1
3
0 6 2
1 6 2
1 4 0
4
0 4 0
1 5 0
1 3 0
0 5 0
3
0 0 0
1 3 1
0 5 0
5
1 9 2
0 3 0
1 7 1
1 1 0
1 3 0
9
0 3 0
0 9 0
0 1 0
1 2 0
0 2 0
0 9 1
1 7 0
0 6 0
1 6 0
0
4
0 6 0
0 6 0
1 3 1
0 5 0
6
0 3 0
0 8 1
1 1 1
1 0 0
0 9 2
1 8 0
6
0 3 0
0 9 0
1 2 1
1 2 0
0 8 0
1 8 0
5
0 7 0
1 0 1
0 0 0
1 5 0
0 7 0
11
1 4 0
0 1 0
0 4 0
0 9 0
0 7 0
0 3 1
1 8 0
1 2 0
0 8 1
0 4 1
0 9 0
1
1 5 0
9
0 9 1
0 0 0
1 8 0
0 2 0
1 8 0
0 2 0
0 7 0
1 3 2
1 9 0
4
0 7 0
1 0 0
0 2 0
1 7 0
14
1 2 2
0 6 0
0 2 1
1 2 1
0 0 0
0 7 0
1 6 0
1 0 0
0 3 1
1 1 0
1 1 0
1 6 0
0 9 0
1 8 2
0
11
0 0 0
1 2 0
1 9 0
0 2 0
0 5 0
0 9 0
1 8 0
1 2 0
0 8 0
0 1 1
0 3 0
4
0 2 0
1 6 0
1 9 0
0 2 0
13
0 1 0
1 0 0
0 0 0
0 2 1
1 3 0
0 2 0
1 8 0
0 4 0
1 9 0
1 0 0
1 6 0
0 4 0
1 2 0
3
0 8 0
1 6 0
0 4 0
10
0 6 0
0 9 0
0 7 1
0 8 0
1 3 0
0 8 0
1 4 0
1 1 1
0 4 0
1 1 0
7
1 5 0
1 8 0
1 3 0
0 3 0
1 6 0
1 7 1
0 0 0
4
0 0 0
0 6 0
1 4 0
0 9 1
14
0 8 2
0 1 0
1 9 0
0 5 0
0 7 0
0 8 0
1 2 0
0 9 0
1 6 0
1 4 0
0 6 0
0 9 0
1 1 0
0 4 0
7
0 3 0
1 1 0
1 6 0
0 1 0
0 0 1
1 9 1
1 3 0
12
0 1 0
0 2 0
1 4 0
1 7 0
1 1 0
1 9 0
0 2 0
1 9 0
1 8 1
0 6 0
0 7 0
1 9 0
20
0 1 0
1 2 0
0 0 0
1 4 0
1 4 2
1 8 0
0 3 1
1 6 0
0 1 0
1 3 0
1 4 1
0 3 0
0 2 0
0 9 0
1 0 0
1 4 0
0 9 0
1 4 0
0 9 0
1 6 0
0
15
1 7 1
0 3 0
0 1 0
1 6 0
0 1 0
0 4 0
1 2 0
1 4 0
1 8 1
1 1 0
0 9 0
0 4 0
1 7 0
0 1 1
1 4 1
6
1 5 0
0 1 0
1 8 0
0 5 0
1 0 0
1 8 0
18
1 1 0
0 4 0
1 5 0
0 9 0
1 4 0
0 8 0
0 3 0
1 3 1
1 4 0
1 0 1
1 7 0
1 2 0
0 5 0
0 7 0
0 1 0
0 9 0
1 4 1
0 4 0
4
1 7 1
0 5 0
1 9 0
0 1 0
16
1 1 0
1 4 0
0 8 0
0 7 0
1 1 0
0 4 0
1 6 0
0 0 0
0 6 0
1 6 0
0 5 1
0 7 0
0 8 0
1 3 0
0 6 0
0 8 0
7
1 0 0
1 2 1
1 7 1
1 1 0
0 6 0
0 3 0
0 5 0
18
1 3 0
1 1 0
0 9 0
1 3 0
0 6 0
1 6 0
0 5 0
0 9 0
1 6 0
0 2 0
0 9 0
1 7 1
0 4 0
1 0 0
0 7 1
1 4 1
1 1 0
0 8 0
6
0 0 0
1 1 0
0 4 0
1 1 0
1 2 0
0 7 0
23
0 3 0
0 8 0
0 0 0
0 4 1
0 6 2
1 6 1
1 4 0
1 0 0
1 7 0
0 0 1
0 2 0
1 7 0
0 2 0
0 7 0
1 3 0
0 1 1
1 9 1
1 7 0
0 2 0
0 3 0
1 4 0
0 1 0
0 5 1
2
0 9 2
0 4 0
25
1 2 0
1 1 0
0 4 0
1 9 0
1 2 0
1 3 0
1 6 0
0 9 0
0 0 0
1 8 0
0 7 0
1 9 0
0 2 0
1 9 0
1 9 0
1 9 1
0 0 0
0 4 0
1 6 1
0 0 0
0 3 0
1 2 0
1 9 0
1 1 0
1 3 0
1
0 5 0
15
0 8 0
0 7 0
0 9 0
1 5 1
1 8 0
1 1 0
1 2 0
0 6 0
0 6 1
1 9 0
1 4 0
0 6 0
1 3 0
0 1 0
1 8 0
12
1 2 0
1 3 0
1 8 0
1 9 1
0 4 0
1 4 0
1 0 0
1 4 1
0 3 0
0 9 0
1 0 1
1 8 1
28
0 8 0
0 4 0
1 3 0
0 5 0
1 5 0
0 4 0
1 6 0
1 9 0
1 2 0
0 2 1
0 9 0
0 1 0
0 2 0
0 6 0
0 0 0
1 5 0
1 4 0
0 7 0
0 5 0
1 0 0
0 2 0
0 8 0
1 7 0
0 4 0
0 8 0
1 4 0
1 4 0
1 9 1
0
20
0 1 0
0 1 1
0 4 0
1 4 0
1 3 0
1 5 0
0 8 0
0 3 0
1 8 0
1 1 0
1 2 1
0 0 0
1 0 0
0 7 0
1 7 0
1 9 0
1 0 0
0 8 0
1 9 0
0 4 0
9
1 5 2
0 1 0
0 8 0
0 0 2
1 1 0
0 0 0
1 8 0
1 2 0
1 6 0
8
0 6 0
1 6 0
1 3 0
0 3 0
0 1 0
1 5 0
1 8 1
0 2 0
22
0 3 0
0 1 0
0 3 0
0 7 0
0 5 0
0 3 1
0 5 0
0 1 0
1 7 0
0 5 2
1 8 0
0 1 0
0 8 0
0 4 0
0 3 1
1 6 0
0 1 0
0 7 0
1 7 0
1 1 1
0 4 0
1 8 1
25
0 0 0
0 3 0
1 9 0
0 3 0
1 2 1
1 8 0
1 8 0
1 3 0
1 1 0
0 9 0
0 3 0
0 5 0
0 7 0
1 9 0
0 9 0
0 5 1
0 2 0
1 2 0
1 3 0
0 4 0
1 2 0
0 4 0
1 2 0
1 9 0
0 2 0
6
1 4 2
1 2 0
0 8 0
1 0 0
1 8 0
0 4 0
16
0 0 0
1 8 0
0 0 0
1 9 0
1 4 1
0 4 1
1 3 0
0 7 0
0 7 0
0 2 0
1 7 0
0 0 0
0 8 0
1 7 0
0 0 0
0 1 0
16
0 9 0
0 9 0
1 4 0
0 5 0
1 2 0
0 6 0
0 2 2
0 6 0
0 4 0
1 8 0
1 3 1
0 7 0
0 8 0
0 1 0
1 3 0
1 3 0
2
0 4 1
0 5 0
31
1 8 0
1 3 0
0 8 1
0 3 0
0 5 0
0 9 2
0 4 1
1 8 0
1 8 0
0 8 0
1 1 0
1 5 0
1 3 0
0 4 0
1 3 0
1 0 0
1 9 0
1 0 0
0 3 0
0 7 0
1 4 0
1 3 0
1 8 0
0 2 0
1 3 0
0 4 0
0 3 0
1 0 0
1 6 1
0 9 1
0 7 0
30
0 8 0
0 3 0
1 4 0
1 2 0
0 1 1
0 2 1
1 4 0
0 4 2
0 8 0
1 1 0
1 6 1
1 4 0
0 0 0
1 9 1
0 7 0
1 8 0
1 9 0
0 6 0
1 3 1
1 2 1
1 3 1
0 4 0
1 4 2
1 5 0
0 7 1
0 0 0
0 1 1
0 7 0
1 5 0
0 2 0
4
1 4 1
0 6 0
1 8 0
1 2 0
31
0 0 0
0 1 0
0 3 0
0 9 0
1 9 0
1 5 1
0 2 0
0 4 0
0 8 0
0 6 0
0 6 0
1 7 0
1 1 1
1 4 0
1 1 0
0 9 0
1 3 1
0 2 0
1 5 2
1 8 0
0 9 0
1 4 0
1 7 0
0 6 1
1 7 0
0 8 0
1 3 1
0 4 0
0 5 0
1 2 0
0 8 0
4
0 3 0
0 8 0
1 0 1
0 5 0
36
0 2 0
0 9 0
0 8 0
1 5 1
1 1 0
0 6 0
0 5 0
0 7 0
0 5 0
0 9 0
0 0 0
1 0 1
1 5 0
1 2 0
0 8 0
1 2 0
0 9 0
0 7 0
0 8 0
1 9 0
1 7 0
0 5 0
1 1 0
1 5 1
1 6 0
1 5 0
0 4 0
0 3 0
1 4 0
1 6 0
0 1 0
1 7 0
0 2 0
1 8 0
1 4 0
0 5 1
0
21
0 2 0
1 7 2
0 5 1
0 7 0
1 4 0
1 1 0
0 3 0
1 7 1
1 7 0
0 5 0
0 4 0
0 9 0
1 0 0
1 8 0
0 4 0
1 3 0
1 3 0
0 0 1
1 9 1
0 9 0
0 0 0
16
0 3 0
1 2 0
1 7 0
1 9 0
1 3 0
1 4 0
1 5 0
1 0 0
0 2 0
1 3 1
1 5 1
1 9 1
1 9 1
0 8 0
0 2 0
1 8 1
24
1 7 0
0 4 2
0 9 1
1 7 0
1 7 0
0 6 0
1 6 1
0 8 0
0 1 0
1 4 0
0 7 0
1 2 0
0 6 0
0 4 0
1 6 1
0 2 0
0 1 0
1 3 1
0 3 1
0 6 0
0 2 0
0 6 0
0 6 1
1 5 0
14
0 6 0
1 4 0
0 8 0
1 8 0
0 0 0
1 1 0
1 7 0
1 3 0
0 1 0
0 7 0
0 5 0
0 3 1
1 5 0
1 1 0
13
0 6 0
0 8 0
1 3 1
0 2 0
1 8 0
1 3 0
1 7 0
1 2 0
0 7 0
1 5 0
1 2 0
1 4 0
0 7 0
26
1 8 0
0 9 0
0 3 0
1 3 0
0 3 0
0 4 0
0 6 0
1 3 1
0 0 0
0 6 2
1 8 0
0 2 0
1 5 0
0 6 0
1 1 0
1 5 0
1 3 0
0 1 0
0 4 0
0 3 0
1 1 0
1 4 0
1 3 1
0 0 0
0 9 0
0 1 0
15
0 4 0
1 2 0
1 5 2
1 8 0
1 0 0
1 3 1
0 8 0
0 8 1
1 3 0
0 4 0
0 8 0
0 0 0
0 8 0
0 3 0
0 1 0
25
1 9 0
0 0 0
1 9 1
0 1 0
0 9 0
1 2 0
0 6 0
0 9 0
0 1 0
0 2 0
1 7 0
0 4 0
0 9 0
1 8 0
1 5 0
0 3 0
1 1 0
1 8 0
1 1 0
1 1 0
0 8 1
1 9 1
0 9 0
1 6 0
0 3 0
3
1 5 1
1 6 0
0 6 1
38
0 8 0
0 7 1
1 9 0
0 0 0
0 0 0
1 7 0
1 4 0
1 5 0
0 5 1
0 6 0
1 2 0
1 1 0
1 1 0
1 1 0
0 3 2
0 1 1
0 5 0
1 6 0
1 3 0
0 8 0
0 0 0
0 1 0
0 7 0
1 7 1
0 9 1
1 9 0
0 4 0
1 9 0
0 1 0
1 1 1
0 7 0
1 3 0
1 1 0
0 4 0
1 5 1
0 2 0
1 0 0
0 2 0
23
0 3 0
0 1 0
1 3 0
1 4 0
0 2 0
1 4 0
1 0 0
0 0 0
0 7 0
0 0 0
1 3 0
0 9 0
1 7 1
0 8 0
0 2 1
1 7 0
0 9 0
1 2 0
1 0 1
0 2 0
0 5 0
0 3 0
1 8 0
19
1 5 0
0 6 0
0 4 0
1 4 1
0 5 0
1 8 1
1 6 0
1 3 0
1 9 0
0 0 0
0 7 0
1 5 1
0 5 0
1 2 0
1 3 2
0 7 0
1 9 0
1 9 0
1 6 1
15
1 3 0
1 2 0
0 1 1
1 6 0
0 7 1
1 0 0
0 3 0
1 4 0
0 3 0
1 8 1
1 0 0
0 3 0
0 7 1
0 2 0
1 2 0
28
1 8 1
1 0 0
0 5 0
0 2 0
0 5 0
0 6 0
1 2 0
0 0 0
0 6 0
0 6 0
1 7 0
1 5 0
1 7 0
1 6 0
0 7 0
0 0 1
0 0 0
1 9 1
1 9 0
0 9 1
0 6 0
0 7 1
1 4 0
0 8 0
0 5 0
1 6 0
1 0 0
1 6 0
10
1 7 0
1 5 0
0 6 0
1 1 0
1 5 0
1 8 0
1 0 2
1 0 0
0 6 0
1 5 0
34
0 8 0
1 8 0
0 9 0
1 7 0
1 3 0
1 5 0
1 6 0
1 6 0
0 6 0
0 3 0
1 8 0
1 5 1
1 3 1
0 5 0
0 9 1
0 7 0
1 0 0
0 2 0
1 4 0
1 9 0
0 4 0
1 4 1
1 5 0
1 2 0
1 8 0
0 6 0
0 6 0
1 5 0
0 3 0
0 3 0
0 3 0
1 5 2
1 3 0
0 8 0
39
0 4 0
0 0 0
0 7 0
1 3 0
1 2 1
0 7 1
1 9 0
0 5 0
1 6 0
1 7 0
0 4 0
0 6 2
0 3 0
1 1 1
1 1 0
0 1 0
0 8 0
0 5 0
1 6 0
0 8 0
1 8 0
0 1 0
1 3 0
1 4 0
1 6 0
1 9 0
0 1 0
1 9 0
0 0 0
0 3 0
1 3 0
0 6 0
0 5 1
0 0 0
1 4 0
1 6 1
0 8 0
0 3 0
0 6 0
6
0 1 0
0 2 1
0 6 0
1 4 1
0 8 0
1 4 0
64
1 12 0
1 18 0
0 6 2
0 7 0
0 9 0
0 13 0
0 2 0
1 2 2
0 12 1
0 1 0
1 20 0
0 1 0
0 0 0
1 7 1
1 1 0
0 9 0
0 12 0
0 7 1
1 8 0
0 16 0
1 12 0
1 1 0
0 10 0
0 10 0
1 10 0
0 16 0
0 10 0
1 9 1
1 19 0
1 20 0
1 19 1
0 18 2
0 14 0
1 14 1
1 17 1
1 1 1
0 12 1
1 16 0
1 13 0
1 3 0
1 7 0
0 3 1
1 17 1
0 4 0
1 12 0
1 20 0
1 9 0
1 4 0
0 19 0
0 19 0
0 2 0
1 16 0
0 14 1
0 4 1
1 7 0
1 18 0
1 17 0
0 16 0
1 7 0
0 6 0
1 15 0
1 6 1
1 17 0
1 11 0
16
1 11 0
0 14 0
0 4 0
1 3 0
0 20 0
1 20 1
1 10 0
0 5 0
1 9 2
0 12 0
1 13 1
1 4 2
0 19 3
0 13 1
0 8 0
0 6 0
48
0 14 0
1 12 0
1 20 0
0 2 0
1 14 0
1 19 0
1 13 2
0 6 0
0 16 0
0 15 0
0 7 0
0 13 0
1 9 0
0 16 0
0 10 1
1 7 0
1 8 0
1 4 0
1 18 0
1 15 0
1 11 0
0 19 0
1 9 0
1 16 0
1 18 1
1 1 0
1 16 0
1 13 0
0 16 0
0 2 0
1 17 0
0 17 0
0 18 0
1 11 0
1 11 0
1 0 0
0 2 0
0 10 0
0 3 0
0 12 0
0 13 0
0 6 0
0 10 0
1 6 0
0 5 0
0 11 0
0 14 0
1 5 1
32
1 3 0
1 9 0
0 10 0
1 16 0
1 6 0
1 1 0
1 1 0
0 15 0
0 5 0
1 6 0
0 3 0
1 12 1
0 17 0
0 2 0
0 2 0
1 1 1
1 5 0
0 19 0
0 8 0
0 2 0
1 9 0
1 6 0
0 4 0
1 8 0
0 12 0
0 5 0
1 0 0
1 18 0
0 10 0
0 13 0
1 17 0
0 6 0
66
1 10 0
1 18 0
0 14 0
1 6 0
1 4 2
0 7 0
1 15 0
1 8 0
0 8 0
0 9 0
1 15 1
1 16 0
0 19 1
0 15 0
1 11 1
0 8 1
0 19 0
0 12 0
1 13 0
0 10 0
0 14 0
0 4 0
1 12 0
1 6 2
1 10 0
1 15 0
1 20 0
1 16 0
0 4 0
0 8 0
0 12 0
1 12 1
0 4 0
1 18 0
1 7 1
1 2 0
1 8 1
1 5 1
1 7 0
1 16 0
1 9 0
1 0 0
1 10 0
0 8 0
1 13 0
1 11 0
1 12 0
0 2 0
1 7 0
0 9 0
1 19 0
1 4 0
1 5 2
1 11 1
1 14 0
1 12 0
1 3 0
1 17 0
0 13 0
0 15 0
1 14 2
1 3 0
0 20 0
0 19 0
0 18 0
0 17 0
14
1 5 0
1 17 0
0 10 0
1 11 0
0 3 0
1 16 0
0 20 0
0 7 0
1 4 0
1 2 1
1 4 0
1 5 0
0 11 1
1 18 0
59
1 15 0
0 4 0
0 2 0
1 7 0
0 1 0
0 5 0
0 2 0
1 7 1
1 20 2
1 11 0
1 18 0
0 12 0
0 14 3
1 18 1
0 2 0
0 4 0
0 3 1
0 0 0
0 2 0
1 17 1
1 9 0
1 10 0
0 3 0
1 20 0
0 16 0
1 15 0
1 20 1
1 13 0
1 18 3
1 13 0
1 1 0
1 20 0
0 10 0
1 8 0
1 15 0
0 14 0
1 9 1
0 5 0
1 19 0
0 10 0
1 15 1
0 11 1
0 4 0
0 9 0
0 17 0
1 14 0
1 9 0
0 0 2
0 8 0
1 12 2
0 4 0
0 13 0
1 13 0
1 15 0
1 1 0
1 18 1
1 8 0
0 8 1
1 1 0
21
0 19 0
0 5 0
0 13 0
1 17 0
0 3 0
1 13 0
0 12 0
1 1 0
1 19 0
0 5 0
1 15 0
0 19 0
1 18 0
1 2 2
0 6 0
0 9 0
0 12 0
1 7 0
0 13 2
1 6 0
1 16 0
64
0 3 0
0 2 0
0 11 0
0 16 0
0 6 0
0 5 2
1 16 0
0 2 0
1 19 0
0 16 0
1 1 0
1 5 0
0 9 0
0 2 0
1 11 1
0 19 0
0 18 0
1 11 0
1 0 1
0 9 0
0 2 0
1 8 0
0 11 0
0 1 0
1 4 0
1 9 0
0 0 0
0 11 0
1 15 0
0 1 0
0 8 0
0 2 0
1 15 0
1 3 0
0 18 0
0 5 1
1 17 0
0 8 1
0 5 0
0 15 0
1 18 0
1 15 0
0 14 1
0 1 0
1 11 0
1 4 0
0 10 0
1 9 0
1 14 0
1 4 0
0 11 0
1 17 0
0 12 0
0 3 1
0 18 0
0 12 0
1 14 0
1 0 2
0 9 0
1 13 1
1 20 0
0 3 0
0 18 0
0 8 0
16
1 13 0
0 14 0
1 0 0
0 16 0
0 0 3
0 6 1
0 17 0
0 5 0
0 13 0
1 18 0
1 19 0
0 14 0
0 12 0
0 11 0
0 18 0
0 1 0
72
0 3 1
1 11 0
0 0 0
1 17 0
0 16 0
0 4 0
0 5 1
1 17 1
0 8 0
0 13 0
1 16 0
1 18 0
0 10 0
0 1 1
0 10 0
0 19 0
1 4 0
0 7 0
0 7 0
1 2 0
0 5 0
0 6 0
0 5 0
1 9 0
1 2 0
0 11 1
1 15 0
1 1 0
0 20 0
1 15 0
0 1 2
0 4 0
1 4 0
0 3 3
0 0 0
0 0 0
0 10 1
0 12 1
1 1 1
1 13 0
0 17 0
1 1 0
1 4 0
1 19 3
1 4 0
0 14 2
1 18 0
0 14 1
1 20 0
1 18 1
1 2 0
0 15 0
1 15 0
0 18 0
0 13 0
0 20 1
1 17 0
0 18 2
0 13 0
1 16 0
0 17 0
1 8 0
1 13 0
0 15 0
1 8 0
0 0 0
0 1 0
0 19 0
0 3 0
0 1 0
0 4 0
1 15 0
8
0 18 0
0 18 2
1 12 0
0 16 0
1 19 2
0 17 0
1 11 0
1 2 0
50
1 13 0
0 15 2
1 18 0
1 19 0
1 1 0
1 12 0
0 12 0
0 16 0
0 12 0
0 14 0
1 1 0
1 15 0
1 12 0
0 17 0
0 18 0
0 0 1
0 2 0
1 5 0
0 1 0
1 0 0
0 12 0
0 14 0
0 10 1
1 15 0
0 9 0
1 20 0
1 1 1
0 9 0
1 15 0
1 2 0
0 17 0
1 10 0
1 11 0
0 7 1
0 17 2
1 5 0
0 14 0
0 19 1
0 6 0
1 5 0
1 12 0
1 14 1
1 7 0
1 1 0
0 20 0
0 6 0
1 0 0
1 9 0
1 13 0
0 18 1
30
1 8 0
1 10 0
1 12 0
0 17 1
1 17 2
1 20 0
0 17 0
0 17 0
1 14 0
0 0 0
1 8 0
0 3 1
1 1 0
0 7 0
1 4 0
0 16 0
1 12 0
1 8 0
0 1 0
0 16 0
0 14 0
1 17 0
1 9 0
0 9 2
1 15 0
1 13 0
0 12 0
1 0 0
1 13 0
0 20 0
12
0 10 1
1 11 0
1 1 0
1 3 0
1 5 0
1 6 2
0 3 0
1 5 0
0 6 2
1 2 0
0 19 0
0 10 0
68
1 14 0
1 20 0
1 19 0
0 7 0
0 9 0
1 20 0
1 20 0
1 18 0
0 14 0
1 12 0
1 5 0
0 20 0
1 19 0
1 12 1
0 3 3
0 0 0
1 20 0
1 1 0
1 19 1
1 20 1
1 2 0
1 3 0
1 10 0
1 20 0
1 17 0
1 1 0
1 3 0
0 4 3
1 12 0
1 17 0
0 18 0
1 0 0
1 6 0
1 15 1
1 3 0
0 17 0
0 0 0
0 12 0
1 20 0
0 6 0
1 16 0
0 12 0
0 5 0
1 18 0
0 5 3
0 9 2
1 11 0
0 15 0
0 13 0
1 11 2
1 8 0
1 15 0
0 17 0
1 3 1
1 15 0
1 19 0
0 10 0
1 11 0
1 12 2
0 13 1
1 0 0
0 11 1
1 13 0
1 2 0
0 12 0
0 14 0
0 12 0
1 12 0
10
0 20 20
0 20 20
0 20 20
0 20 20
0 20 20
0 20 20
0 20 20
0 20 20
0 20 20
0 20 20
70
0 20 20
0 20 20
0 20 20
0 20 20
0 20 20
0 20 20
0 20 20
0 20 20
0 20 20
0 20 20
0 20 20
0 20 20
0 20 20
0 20 20
0 20 20
0 20 20
0 20 20
0 20 20
0 20 20
0 20 20
0 20 20
0 20 20
0 20 20
0 20 20
0 20 20
0 20 20
0 20 20
0 20 20
0 20 20
0 20 20
0 20 20
0 20 20
0 20 20
0 20 20
0 20 20
0 20 20
0 20 20
0 20 20
0 20 20
0 20 20
0 20 20
0 20 20
0 20 20
0 20 20
0 20 20
0 20 20
0 20 20
0 20 20
0 20 20
0 20 20
0 20 20
0 20 20
0 20 20
0 20 20
0 20 20
0 20 20
0 20 20
0 20 20
0 20 20
0 20 20
0 20 20
0 20 20
0 20 20
0 20 20
0 20 20
0 20 20
0 20 20
0 20 20
0 20 20
0 20 20
76
0 4 0
1 17 0
1 11 2
1 19 0
0 13 0
0 1 0
1 18 0
0 0 0
0 0 0
0 4 0
0 4 0
1 15 0
1 11 0
1 20 0
0 0 1
1 11 0
0 17 0
1 13 0
0 17 2
1 1 0
0 15 0
0 12 0
1 5 0
0 0 0
1 10 3
0 16 0
1 19 0
0 10 0
1 20 0
1 11 0
1 8 0
0 8 0
0 10 1
1 20 2
0 3 1
0 1 0
0 11 0
0 17 0
1 6 0
0 14 0
0 14 1
1 1 0
0 13 0
0 6 0
1 17 0
0 2 0
1 12 0
0 3 0
1 8 0
0 15 0
0 9 0
1 9 0
1 19 0
0 18 0
0 2 1
1 4 0
1 13 0
1 8 1
0 20 1
0 8 0
1 3 1
1 10 0
1 11 0
1 12 0
0 0 0
0 5 0
0 9 0
1 15 0
1 17 1
1 20 0
0 4 0
1 19 0
1 0 0
1 3 0
1 13 0
0 4 2
4
1 20 0
1 8 0
0 6 0
1 11 0
27
1 20 0
1 3 2
0 3 0
1 10 0
1 14 0
1 0 0
1 10 0
1 1 0
0 15 0
1 18 0
0 10 0
0 3 0
0 2 0
1 10 1
1 13 0
1 19 0
0 13 1
0 16 0
0 8 0
1 17 1
0 19 0
0 18 0
1 13 0
1 20 0
0 20 0
0 12 0
0 12 0
53
1 5 0
0 11 0
1 16 0
1 0 1
0 6 0
0 10 0
0 15 0
0 18 0
0 7 1
1 15 0
0 15 0
0 8 0
0 19 0
0 11 1
0 11 0
1 2 2
0 0 0
1 8 0
1 4 0
0 3 0
0 3 0
0 9 0
1 5 1
1 18 0
0 20 0
0 9 0
0 6 0
0 8 0
1 1 1
1 15 0
0 2 0
0 5 0
0 0 0
1 15 2
1 6 0
0 1 0
1 8 0
0 13 0
0 1 0
1 19 1
1 16 0
0 9 1
0 16 0
0 18 0
1 17 2
1 17 0
0 13 0
1 13 0
1 5 0
0 15 1
1 17 0
0 18 0
1 17 0
10
1 20 20
1 20 20
1 20 20
1 20 20
1 20 20
1 20 20
1 20 20
1 20 20
1 20 20
1 20 20
70
1 20 0
1 20 0
1 20 0
1 20 0
1 20 0
1 20 0
1 20 0
1 20 0
1 20 0
1 20 0
1 20 0
1 20 0
1 20 0
1 20 0
1 20 0
1 20 0
1 20 0
1 20 0
1 20 0
1 20 0
1 20 0
1 20 0
1 20 0
1 20 0
1 20 0
1 20 0
1 20 0
1 20 0
1 20 0
1 20 0
1 20 0
1 20 0
1 20 0
1 20 0
1 20 0
1 20 0
1 20 0
1 20 0
1 20 0
1 20 0
1 20 0
1 20 0
1 20 0
1 20 0
1 20 0
1 20 0
1 20 0
1 20 0
1 20 0
1 20 0
1 20 0
1 20 0
1 20 0
1 20 0
1 20 0
1 20 0
1 20 0
1 20 0
1 20 0
1 20 0
1 20 0
1 20 0
1 20 0
1 20 0
1 20 0
1 20 0
1 20 0
1 20 0
1 20 0
1 20 0
19
1 13 0
0 13 0
1 20 1
1 11 0
0 1 4
1 9 0
1 9 0
0 9 1
1 20 0
0 18 0
1 17 1
0 11 2
1 19 1
1 12 0
0 18 3
0 8 0
0 3 0
1 10 0
0 3 0
61
1 19 0
0 0 0
1 14 0
1 10 0
1 4 0
1 5 0
1 9 0
1 15 0
1 3 0
0 8 0
1 14 0
0 18 1
1 12 0
0 18 0
1 8 0
1 19 1
0 4 0
1 13 0
0 8 1
1 7 0
0 5 1
1 9 0
1 6 0
0 6 0
1 9 0
1 3 0
1 6 0
0 13 0
1 15 0
0 15 1
1 4 1
1 0 0
0 5 0
1 15 1
0 20 0
1 19 1
0 2 0
0 16 0
0 5 1
1 1 0
0 7 0
1 9 0
0 2 0
0 15 0
1 15 0
1 2 0
0 18 0
1 11 1
0 2 0
1 9 4
1 10 0
1 18 0
0 17 0
0 14 0
0 14 0
0 9 0
0 18 0
1 2 0
1 9 0
0 16 0
0 9 0
23
0 7 0
1 12 0
1 13 0
1 5 2
0 3 2
0 10 0
1 19 0
1 19 0
0 14 0
0 7 0
1 17 0
1 5 0
0 16 0
1 5 1
0 4 0
1 17 0
0 10 0
1 17 0
1 18 0
0 20 0
0 6 0
1 10 0
1 9 0
57
0 20 0
0 9 2
1 12 2
1 0 1
0 8 0
0 19 0
0 7 0
1 20 1
0 15 0
0 3 0
1 15 0
1 14 0
1 10 0
1 3 1
1 4 1
1 11 0
1 14 0
1 15 0
1 18 0
0 17 0
1 3 0
1 14 0
1 14 0
0 10 2
1 6 0
1 14 0
1 4 0
1 9 0
1 7 0
1 20 0
1 16 0
0 1 0
0 13 0
1 0 1
1 14 1
1 19 0
1 8 0
1 1 2
1 3 0
1 15 0
0 3 0
1 4 0
1 1 0
1 6 1
0 17 0
1 20 0
1 19 0
1 8 1
1 1 0
0 3 2
0 13 0
0 18 0
1 14 1
1 7 0
0 13 0
1 3 0
1 0 0
59
1 17 0
0 15 0
1 5 1
1 16 0
0 13 0
0 1 0
1 4 0
0 4 1
1 7 0
1 6 0
1 13 0
0 3 0
1 18 0
1 19 0
1 7 2
1 14 0
0 10 0
0 20 0
0 13 4
0 16 0
1 15 0
1 19 0
0 9 0
1 16 0
1 13 1
1 12 0
1 20 0
1 5 0
0 14 0
0 7 0
0 10 0
0 11 1
0 18 0
0 9 0
0 20 0
1 18 0
1 15 0
1 17 1
1 5 1
0 17 2
1 4 0
0 14 0
0 11 3
1 3 0
1 13 0
1 10 0
0 9 0
1 3 2
0 6 0
1 12 0
0 12 0
1 11 0
0 18 0
0 12 0
0 11 0
0 5 0
1 17 0
0 19 0
0 13 0
21
1 1 0
1 2 0
0 11 0
0 12 0
0 15 0
1 17 0
1 18 0
0 4 0
0 12 0
1 4 0
1 4 0
0 12 0
0 4 0
0 5 0
1 15 1
1 18 0
0 5 0
0 12 0
1 3 1
0 15 0
1 10 2
66
1 17 1
1 7 0
0 0 0
0 1 0
0 20 1
0 3 0
0 10 0
1 1 0
0 11 0
0 19 0
0 18 0
1 9 0
1 1 1
0 14 0
0 6 0
1 6 1
0 1 0
1 7 2
0 18 0
1 10 0
0 3 0
0 16 1
0 19 0
1 13 1
0 12 0
0 9 0
1 6 0
1 2 0
0 19 0
1 16 0
0 1 1
1 4 0
0 18 0
0 12 0
1 2 2
1 7 0
0 6 0
0 9 0
1 5 0
1 0 0
0 18 0
1 2 0
0 13 0
1 3 0
0 2 0
1 14 0
1 13 0
1 19 0
0 19 0
0 11 3
0 19 0
0 15 0
1 3 0
0 3 0
1 0 0
1 3 0
1 11 1
0 15 0
0 10 0
0 20 0
0 2 0
0 1 0
0 13 0
0 0 2
1 0 0
1 3 0
14
0 17 2
1 15 0
1 8 0
0 1 2
1 2 0
1 19 0
0 16 2
1 13 0
0 13 0
0 7 0
0 10 0
1 2 1
1 2 0
1 2 0
73
0 15 1
1 5 0
0 2 0
0 18 0
0 14 0
0 10 0
1 4 1
0 12 0
1 18 0
1 19 1
0 11 0
1 2 0
1 11 0
1 9 0
0 6 0
0 17 1
0 11 0
0 2 0
1 9 0
0 15 0
0 19 0
0 16 1
1 20 0
0 13 2
1 15 0
1 14 0
0 9 1
0 17 1
0 0 0
0 7 0
1 20 0
0 20 0
1 11 1
0 13 0
0 0 0
1 13 4
0 9 0
1 0 0
1 8 0
1 1 1
0 10 1
1 8 0
0 17 1
0 4 0
1 2 0
0 1 0
1 5 0
0 4 0
1 14 0
1 1 0
1 5 0
0 11 0
0 7 1
0 4 4
0 4 0
1 4 0
1 12 0
1 19 1
1 5 0
0 3 0
1 4 0
1 12 0
1 3 1
0 9 0
1 10 0
1 1 0
1 7 1
0 13 2
1 5 0
0 17 0
1 5 0
1 15 3
0 14 0
7
0 6 0
1 13 1
0 3 0
0 4 0
0 8 0
1 14 2
1 14 0
20
1 20 20
0 20 20
0 20 20
1 20 20
1 20 20
0 20 20
1 20 20
1 20 20
0 20 20
1 20 20
0 20 20
0 20 20
1 20 20
1 20 20
0 20 20
1 20 20
1 20 20
0 20 20
1 20 20
1 20 20
60
1 20 20
1 20 20
1 20 20
1 20 20
0 20 20
0 20 20
1 20 20
1 20 20
0 20 20
1 20 20
1 20 20
0 20 20
1 20 20
0 20 20
0 20 20
0 20 20
0 20 20
1 20 20
1 20 20
1 20 20
1 20 20
0 20 20
1 20 20
0 20 20
1 20 20
0 20 20
0 20 20
1 20 20
1 20 20
1 20 20
1 20 20
1 20 20
1 20 20
1 20 20
0 20 20
0 20 20
1 20 20
0 20 20
1 20 20
1 20 20
0 20 20
1 20 20
1 20 20
0 20 20
1 20 20
1 20 20
0 20 20
0 20 20
0 20 20
1 20 20
0 20 20
0 20 20
0 20 20
1 20 20
1 20 20
1 20 20
0 20 20
0 20 20
0 20 20
1 20 20
10
0 20 20
0 20 20
0 20 20
0 20 20
0 20 20
0 20 20
0 20 20
0 20 20
0 20 20
0 20 20
70
0 20 0
0 20 0
0 20 0
0 20 0
0 20 0
0 20 0
0 20 0
0 20 0
0 20 0
0 20 0
0 20 0
0 20 0
0 20 0
0 20 0
0 20 0
0 20 0
0 20 0
0 20 0
0 20 0
0 20 0
0 20 0
0 20 0
0 20 0
0 20 0
0 20 0
0 20 0
0 20 0
0 20 0
0 20 0
0 20 0
0 20 0
0 20 0
0 20 0
0 20 0
0 20 0
0 20 0
0 20 0
0 20 0
0 20 0
0 20 0
0 20 0
0 20 0
0 20 0
0 20 0
0 20 0
0 20 0
0 20 0
0 20 0
0 20 0
0 20 0
0 20 0
0 20 0
0 20 0
0 20 0
0 20 0
0 20 0
0 20 0
0 20 0
0 20 0
0 20 0
0 20 0
0 20 0
0 20 0
0 20 0
0 20 0
0 20 0
0 20 0
0 20 0
0 20 0
0 20 0
19
0 14 2
0 3 1
1 4 1
0 6 0
0 5 0
0 8 1
1 10 0
0 1 0
1 19 1
1 12 0
1 16 1
1 17 0
0 12 2
1 20 0
1 4 0
1 9 0
0 14 0
1 5 1
1 1 0
61
0 0 0
0 9 1
1 5 0
1 7 0
0 10 0
0 14 0
1 9 0
0 11 0
1 1 1
1 0 0
1 18 0
0 18 0
1 2 0
1 15 0
1 6 0
1 14 0
1 13 0
0 6 0
1 18 0
0 13 0
1 14 1
1 11 0
0 9 0
1 4 0
1 19 0
0 20 0
0 3 0
1 15 0
1 11 0
1 1 0
1 19 0
1 4 0
0 11 0
1 20 0
0 17 1
1 19 0
0 2 0
1 10 0
1 20 1
1 10 1
0 3 0
0 0 0
1 13 0
0 15 2
1 9 0
0 8 0
1 1 0
1 14 1
1 10 0
0 7 0
0 10 0
0 1 0
0 10 0
1 13 0
0 8 0
1 15 0
0 11 0
0 8 0
1 1 0
0 7 0
1 9 0
45
1 0 0
1 19 1
0 13 1
1 3 1
0 11 1
1 19 1
0 7 0
0 18 0
1 6 0
0 11 0
1 18 0
0 8 0
1 7 0
0 14 0
1 10 0
0 13 0
0 17 0
1 19 2
0 13 0
1 20 0
0 17 4
1 19 0
0 0 0
1 19 0
0 17 0
1 11 0
1 11 0
1 11 0
1 3 0
1 2 0
0 2 0
0 11 0
0 2 0
1 12 0
1 8 0
1 10 0
0 2 3
1 10 0
0 1 2
0 16 0
0 12 1
1 8 0
0 9 0
0 6 0
1 9 0
35
1 12 0
0 16 1
1 20 0
1 1 0
0 3 0
1 5 0
0 19 0
0 19 1
0 2 0
1 12 0
1 6 2
0 19 1
0 3 2
0 14 0
0 20 0
1 18 0
1 1 1
0 20 0
1 13 0
0 1 0
0 12 0
0 14 1
0 11 0
1 11 1
0 17 0
1 6 1
0 8 0
1 12 0
0 6 0
0 17 0
1 17 0
1 0 0
1 14 0
0 11 0
1 12 0
18
0 2 0
0 8 0
0 2 1
0 12 0
0 20 1
1 15 0
0 20 0
1 17 0
1 3 1
0 20 4
1 15 0
1 2 0
1 4 0
0 1 0
0 3 0
1 3 0
0 15 0
0 20 0
62
0 1 0
0 10 0
0 0 0
0 14 0
0 9 0
1 18 0
1 10 0
1 8 0
0 16 0
0 9 3
0 19 0
1 4 1
0 16 0
0 19 0
1 15 0
0 6 0
0 2 0
1 5 0
0 5 0
1 12 1
1 15 1
1 3 0
0 6 0
1 16 0
1 6 0
0 2 0
0 4 0
1 18 1
0 1 0
0 2 0
1 10 0
1 16 0
1 3 0
1 1 0
1 10 0
1 2 0
0 1 0
0 14 0
0 20 0
1 4 0
0 3 0
0 7 0
1 2 0
1 2 0
1 14 0
0 19 0
0 20 1
1 8 0
0 19 0
0 11 0
1 1 0
0 0 1
0 14 0
1 9 0
1 2 0
1 15 0
1 11 0
0 4 2
1 11 3
0 2 0
0 8 0
0 16 0
29
1 1 0
1 12 0
0 19 0
0 18 0
0 5 0
1 6 0
0 11 0
0 7 0
1 13 0
1 14 2
0 11 0
0 18 0
0 10 0
0 15 0
1 16 0
0 8 0
0 16 0
1 6 1
0 19 0
1 5 1
1 8 0
0 1 0
1 13 0
0 12 0
0 19 0
0 12 0
1 15 1
0 11 0
0 8 0
51
0 3 0
1 9 0
1 7 0
1 10 0
1 18 0
1 0 0
0 1 0
0 15 0
0 14 0
0 2 1
1 2 0
1 15 0
0 12 0
1 17 0
1 10 1
0 16 2
0 2 0
0 10 0
0 2 0
1 13 0
0 12 0
1 20 0
0 7 1
1 13 0
0 4 0
1 14 0
1 15 1
1 9 0
0 5 0
0 4 0
1 8 0
1 17 0
0 6 0
1 14 0
1 6 1
1 9 0
1 8 0
0 6 0
1 4 3
0 14 0
1 9 0
1 8 0
0 2 0
0 2 0
1 3 0
1 1 0
1 8 0
1 14 0
0 16 0
0 11 0
0 15 1
25
1 2 0
0 13 2
0 5 1
1 15 0
1 3 0
1 14 2
0 4 0
0 4 0
1 2 0
0 18 0
0 4 2
1 3 1
1 19 0
0 15 0
1 4 1
1 19 0
0 19 0
1 20 0
1 0 0
0 8 0
1 3 0
1 17 0
0 6 0
0 17 1
0 12 0
55
0 14 1
1 11 0
1 18 0
1 6 0
0 18 0
1 7 0
0 2 0
1 13 0
1 15 0
0 20 0
0 5 0
0 16 0
0 10 0
1 2 0
1 11 0
0 5 1
1 3 0
1 18 1
0 0 0
1 1 0
0 20 0
0 11 0
1 6 0
1 4 0
1 4 0
0 17 0
1 15 0
0 20 0
0 10 0
0 16 0
0 12 0
1 18 0
0 3 0
1 7 0
0 14 0
1 0 0
1 3 0
1 14 0
1 3 2
1 2 0
0 8 1
0 6 0
0 17 3
1 5 1
1 8 0
0 15 0
1 1 0
0 10 0
0 20 0
0 12 0
1 11 0
0 12 0
0 7 0
1 4 0
1 14 2
80
0 15 2
1 6 1
1 7 0
1 20 0
1 7 0
1 4 0
0 13 0
0 10 0
0 9 0
0 0 1
1 9 2
0 1 0
0 13 0
1 3 0
0 17 1
0 19 0
1 2 1
0 9 0
1 9 0
1 9 1
0 10 0
1 17 0
1 19 0
0 14 1
1 3 0
0 2 0
1 18 1
0 7 1
0 20 0
0 0 0
1 5 0
0 18 0
1 16 1
1 11 0
0 10 0
0 0 0
0 3 1
0 13 0
1 18 1
0 0 0
0 13 0
1 16 0
0 15 0
1 12 2
1 3 1
0 3 0
1 15 0
1 18 0
0 18 2
1 16 0
0 4 0
1 7 2
0 15 0
1 3 0
0 3 0
0 20 0
1 19 0
0 19 1
0 20 0
0 12 0
1 10 0
1 16 0
0 9 1
1 11 0
0 5 0
1 5 0
0 12 0
1 2 0
1 3 0
1 4 1
1 18 0
1 15 0
0 5 1
0 2 1
0 10 0
0 0 1
1 20 2
0 11 0
0 18 0
0 13 0
0
80
0 20 20
0 20 20
0 20 20
0 20 20
1 20 20
0 20 20
0 20 20
1 20 20
1 20 20
1 20 20
1 20 20
1 20 20
1 20 20
0 20 20
1 20 20
0 20 20
1 20 20
1 20 20
0 20 20
0 20 20
0 20 20
0 20 20
1 20 20
0 20 20
0 20 20
0 20 20
0 20 20
0 20 20
1 20 20
0 20 20
0 20 20
0 20 20
0 20 20
0 20 20
1 20 20
0 20 20
0 20 20
0 20 20
0 20 20
1 20 20
0 20 20
0 20 20
0 20 20
0 20 20
1 20 20
1 20 20
0 20 20
1 20 20
0 20 20
1 20 20
0 20 20
0 20 20
0 20 20
1 20 20
1 20 20
0 20 20
0 20 20
1 20 20
1 20 20
0 20 20
1 20 20
1 20 20
0 20 20
0 20 20
1 20 20
0 20 20
1 20 20
1 20 20
0 20 20
0 20 20
0 20 20
0 20 20
0 20 20
1 20 20
0 20 20
1 20 20
1 20 20
0 20 20
1 20 20
0 20 20
0
15
1 20 20
0 20 20
0 20 20
0 20 20
0 20 20
1 20 20
1 20 20
0 20 20
0 20 20
1 20 20
1 20 20
1 20 20
1 20 20
0 20 20
1 20 20
65
0 20 20
1 20 20
0 20 20
1 20 20
0 20 20
0 20 20
0 20 20
0 20 20
0 20 20
0 20 20
1 20 20
0 20 20
0 20 20
1 20 20
1 20 20
1 20 20
1 20 20
1 20 20
1 20 20
0 20 20
1 20 20
1 20 20
1 20 20
1 20 20
0 20 20
1 20 20
1 20 20
0 20 20
1 20 20
0 20 20
1 20 20
1 20 20
1 20 20
1 20 20
1 20 20
0 20 20
1 20 20
0 20 20
1 20 20
1 20 20
0 20 20
0 20 20
1 20 20
1 20 20
0 20 20
0 20 20
1 20 20
1 20 20
1 20 20
1 20 20
1 20 20
1 20 20
0 20 20
0 20 20
1 20 20
0 20 20
0 20 20
0 20 20
1 20 20
0 20 20
1 20 20
1 20 20
0 20 20
0 20 20
1 20 20
36
1 11 1
1 15 4
0 5 2
0 2 2
1 7 1
1 13 0
1 5 0
0 13 0
0 5 2
1 4 0
0 1 1
1 14 0
1 11 0
0 17 0
1 1 0
0 12 0
0 10 0
0 5 0
1 1 0
1 7 0
0 1 0
0 6 0
1 10 0
1 4 0
1 17 0
0 9 0
1 6 0
0 19 1
1 19 0
1 0 2
1 10 0
0 8 0
0 9 0
1 6 0
0 2 0
1 19 1
44
1 13 0
0 18 0
0 16 0
1 16 0
0 13 0
1 16 0
1 17 0
0 10 0
1 12 0
0 18 0
0 16 2
0 11 0
1 16 0
1 20 0
1 6 0
0 4 0
0 6 0
1 16 2
0 13 0
0 20 1
1 20 0
0 2 0
0 2 1
1 4 0
1 10 0
0 10 0
1 8 0
0 18 0
0 5 0
1 11 0
0 18 0
1 11 0
1 17 1
0 11 0
0 16 0
1 12 0
1 4 0
1 9 0
0 20 0
0 6 0
0 15 0
0 15 0
0 0 0
0 18 0
25
1 20 20
0 20 20
1 20 20
0 20 20
0 20 20
0 20 20
0 20 20
0 20 20
1 20 20
1 20 20
1 20 20
1 20 20
0 20 20
0 20 20
1 20 20
1 20 20
0 20 20
1 20 20
1 20 20
0 20 20
0 20 20
1 20 20
1 20 20
1 20 20
0 20 20
55
0 20 20
1 20 20
1 20 20
0 20 20
0 20 20
0 20 20
0 20 20
0 20 20
1 20 20
0 20 20
1 20 20
0 20 20
0 20 20
1 20 20
0 20 20
0 20 20
0 20 20
0 20 20
0 20 20
1 20 20
0 20 20
1 20 20
0 20 20
1 20 20
0 20 20
0 20 20
0 20 20
0 20 20
1 20 20
0 20 20
0 20 20
0 20 20
1 20 20
1 20 20
0 20 20
1 20 20
1 20 20
0 20 20
0 20 20
1 20 20
1 20 20
1 20 20
1 20 20
1 20 20
1 20 20
0 20 20
1 20 20
0 20 20
1 20 20
1 20 20
1 20 20
0 20 20
1 20 20
1 20 20
1 20 20
22
0 10 0
1 0 0
1 17 0
1 16 0
0 17 0
1 2 0
1 11 0
0 20 1
1 4 0
1 1 1
1 14 2
0 10 0
1 12 0
0 13 0
0 12 0
0 12 0
0 1 0
1 12 1
1 15 0
1 19 0
0 1 0
1 0 0
58
1 9 0
0 4 1
1 15 1
0 8 0
0 3 1
0 19 0
0 9 0
1 8 0
1 4 0
1 5 0
0 15 1
0 13 0
1 7 1
0 15 0
0 20 0
1 13 0
1 6 0
1 1 0
0 0 0
1 20 0
0 13 0
1 4 0
0 17 0
1 9 0
1 0 0
1 4 2
1 5 1
1 12 0
1 5 0
0 12 0
1 3 0
1 11 1
1 3 1
1 13 1
0 5 0
1 16 1
0 11 1
1 20 0
1 18 0
0 15 0
1 20 0
0 17 0
1 20 0
1 9 0
0 16 0
0 19 0
1 2 0
0 12 0
0 11 0
1 20 1
1 8 0
1 1 1
1 15 0
0 15 0
0 0 0
0 3 0
0 9 0
0 12 0
21
0 15 1
1 17 2
0 1 0
1 11 0
1 7 0
0 15 0
1 5 0
1 13 0
1 11 0
0 20 0
1 13 0
0 13 0
1 20 0
0 15 0
1 3 0
0 15 1
1 4 0
1 6 0
1 13 0
0 0 0
1 18 0
59
1 3 0
1 1 0
0 3 0
1 0 0
1 12 0
1 14 0
0 11 0
0 5 0
0 14 1
1 13 0
0 3 0
1 4 0
1 14 1
0 19 0
0 0 0
0 3 1
1 16 0
0 3 0
1 19 2
0 4 0
0 9 0
0 3 0
0 4 0
0 1 0
1 17 0
0 19 0
0 11 0
0 12 0
1 17 0
1 15 0
0 19 0
1 19 0
0 19 0
0 3 0
0 14 1
1 3 0
1 4 0
1 12 0
0 11 0
0 10 0
0 13 0
1 6 0
0 15 0
1 5 0
0 6 0
0 1 0
0 1 0
1 18 0
1 0 0
1 6 0
1 9 1
1 17 1
1 16 1
1 6 0
0 12 0
0 13 0
0 13 0
0 0 0
1 2 0
69
1 10 0
0 14 2
0 4 1
0 7 0
1 12 0
0 3 0
1 9 0
1 13 0
0 15 1
1 6 0
1 14 0
0 2 0
0 11 0
1 12 0
1 15 0
1 7 1
1 14 0
1 2 0
0 0 0
1 9 1
0 17 0
0 18 0
0 19 0
0 14 0
1 3 1
0 10 0
0 17 0
0 4 0
0 8 0
0 6 0
1 5 1
1 1 1
1 18 0
1 8 0
1 0 0
1 12 0
0 15 1
1 2 1
1 11 0
0 1 1
1 6 0
0 8 0
1 12 0
0 1 0
1 18 0
0 19 0
1 12 2
1 6 0
0 18 0
1 6 0
1 16 0
1 11 2
0 7 1
1 20 2
1 9 0
1 14 1
0 19 0
0 13 0
0 0 0
0 1 1
0 5 0
0 16 0
1 10 0
1 17 0
0 18 2
0 5 0
1 7 0
1 12 0
1 3 1
11
0 5 0
1 18 0
1 10 0
1 3 1
0 14 0
1 7 0
0 10 1
0 13 0
0 1 1
1 8 0
0 14 0
57
1 18 0
1 16 0
0 13 0
1 14 0
0 10 0
0 5 0
0 4 0
1 15 0
1 14 0
1 18 1
0 9 0
0 7 0
1 12 0
1 11 0
0 11 0
1 10 0
1 4 0
0 12 0
0 12 1
1 19 1
1 9 3
1 8 0
1 3 0
1 7 0
0 12 0
1 15 0
1 6 0
1 18 0
1 12 0
1 6 0
0 20 0
0 13 1
1 8 0
0 1 0
1 13 0
0 6 0
0 1 0
0 0 0
1 18 0
0 7 1
0 5 1
0 12 0
0 8 1
1 14 0
0 9 0
1 3 1
1 7 0
1 11 0
0 13 0
0 17 0
0 14 0
0 12 0
0 11 0
1 3 0
0 20 0
0 20 0
0 3 0
23
1 10 0
0 9 0
0 19 0
0 17 1
0 13 0
1 1 0
1 11 0
1 2 0
1 16 1
1 13 0
0 8 0
0 16 3
1 15 0
0 17 0
0 19 0
0 14 0
1 5 0
0 0 0
0 20 0
1 3 0
0 13 0
0 0 0
0 17 0
72
1 12 0
0 16 0
0 7 0
0 20 0
0 11 0
1 19 0
1 13 1
0 15 0
1 7 1
0 20 0
0 11 0
1 6 0
1 19 0
0 10 1
0 5 0
0 5 1
0 12 0
0 14 0
1 20 0
1 14 3
1 3 0
0 4 0
1 11 0
0 4 0
1 2 0
0 19 0
0 13 1
1 10 0
1 13 0
0 1 0
1 12 0
1 17 0
1 9 0
1 16 0
0 3 0
1 15 1
1 7 2
1 3 0
0 9 0
0 6 0
1 8 0
0 15 0
0 10 0
0 13 0
0 7 0
1 17 0
0 19 0
1 9 2
1 15 0
0 10 1
1 19 0
1 1 0
1 18 0
1 2 0
1 4 0
0 14 0
0 7 0
0 15 1
1 15 0
1 12 1
0 11 0
1 1 0
0 20 2
1 13 0
1 6 0
1 3 2
0 6 0
1 12 0
1 4 0
0 14 0
0 8 1
0 15 1
8
0 15 0
0 11 0
0 17 1
0 18 0
1 15 0
0 20 0
1 8 0
1 8 0
25
0 16 0
1 14 1
1 4 1
1 7 0
0 15 2
1 17 1
0 7 0
1 5 0
0 12 1
1 5 0
1 16 0
1 0 0
0 3 0
0 18 1
1 5 0
0 11 1
0 15 0
1 9 0
1 16 0
1 14 0
0 6 1
1 18 0
0 3 1
1 10 0
1 0 0
55
1 2 0
0 12 0
0 3 0
1 9 2
1 13 0
0 11 0
1 0 0
1 1 0
1 9 0
1 16 1
1 6 1
0 4 1
0 9 0
0 1 1
0 8 0
0 5 0
0 5 2
1 14 0
1 13 0
1 11 0
0 13 0
1 12 0
0 13 1
1 14 1
0 17 0
1 6 2
1 6 0
0 4 0
0 1 0
0 8 0
1 13 0
1 4 0
0 3 1
0 9 0
0 4 0
1 13 0
1 15 2
0 8 1
0 16 0
1 14 0
1 11 0
0 3 0
0 17 0
1 2 0
0 15 0
0 9 0
1 13 0
0 3 3
0 3 0
1 16 0
0 19 0
0 14 0
0 2 0
1 11 0
0 3 1
64
0 8 0
0 1 0
1 0 0
0 20 0
1 1 0
1 20 0
1 17 0
1 13 0
1 14 0
1 5 0
1 5 0
0 6 0
1 15 0
0 4 0
0 1 1
0 16 0
0 0 0
1 5 1
1 10 0
0 20 1
0 16 1
0 18 0
1 11 0
1 18 1
0 9 1
1 4 0
1 8 0
0 6 0
1 18 0
1 19 0
1 0 0
1 7 0
0 15 0
0 17 2
0 17 0
1 6 0
0 15 0
0 9 1
1 9 0
1 5 0
1 19 0
1 2 0
0 19 0
0 2 0
0 10 0
0 18 0
1 9 0
0 2 0
0 13 0
1 2 0
1 9 0
1 9 0
0 4 0
1 18 0
1 15 0
1 3 0
1 17 1
0 1 0
1 7 1
0 11 0
1 15 0
0 15 0
0 4 1
1 15 0
16
0 18 0
0 8 0
1 12 0
1 4 0
1 18 0
1 13 0
1 11 2
0 1 0
1 1 0
1 1 0
0 11 1
0 2 1
1 6 0
0 15 0
1 8 0
1 17 0
22
0 1 1
0 11 0
0 18 0
0 19 0
1 20 0
0 4 0
0 12 0
0 9 0
0 9 0
1 3 0
1 9 0
0 20 0
1 3 0
1 10 1
1 17 1
1 8 0
1 5 0
0 10 0
1 0 0
1 1 0
0 8 0
0 8 0
58
0 16 0
0 9 1
1 14 0
0 7 0
0 13 0
1 2 1
1 10 0
0 13 0
0 20 0
0 20 0
0 14 0
0 1 0
1 15 0
0 17 0
0 7 0
0 1 0
1 15 0
1 14 1
1 7 2
1 10 0
0 1 0
0 11 1
0 4 0
0 2 0
0 8 0
1 1 0
0 4 1
0 8 0
0 2 0
1 5 0
1 12 0
0 8 0
1 7 0
0 17 0
1 7 0
0 5 0
0 1 1
1 19 0
0 18 1
1 8 0
0 15 0
1 13 0
1 11 0
0 1 0
0 5 0
1 4 0
0 2 0
0 13 0
1 15 0
0 1 0
0 20 0
0 5 0
0 7 0
0 20 0
0 19 4
0 9 2
0 11 0
0 4 1
35
0 5 0
0 18 0
1 16 0
1 2 0
0 7 1
1 18 0
1 0 0
0 3 0
0 1 0
0 18 0
0 12 0
0 15 0
1 19 0
0 2 0
1 7 0
0 3 1
1 2 0
0 13 0
0 15 0
0 12 0
0 4 2
0 0 0
1 20 0
1 12 0
1 10 1
0 16 0
0 20 1
1 4 0
0 18 2
0 19 0
0 0 1
1 9 0
1 19 0
1 1 0
0 4 0
45
1 18 0
0 8 0
0 0 0
0 15 0
0 11 0
1 16 0
1 14 0
1 4 0
1 18 0
0 17 0
1 4 0
0 7 1
1 0 0
1 4 0
0 13 0
0 5 0
0 4 1
1 9 0
1 7 0
1 18 0
1 7 0
0 16 0
1 19 0
1 7 0
0 1 0
0 15 0
1 18 0
1 3 0
0 1 0
0 13 1
0 14 0
1 10 0
1 15 0
0 6 3
1 3 0
1 14 0
0 20 2
0 14 0
1 11 0
0 17 1
1 6 0
1 8 0
0 4 2
0 20 0
0 0 0
62
0 12 0
0 8 1
1 20 0
0 4 0
1 9 0
0 16 0
1 3 0
1 20 0
1 6 1
0 1 1
0 6 0
1 18 0
1 1 0
0 16 0
0 7 2
0 16 0
0 5 1
0 3 0
1 3 1
0 19 0
1 19 0
0 6 0
0 17 0
0 6 0
1 8 0
0 16 0
0 10 0
1 3 1
1 13 0
1 15 1
1 15 0
1 16 1
1 20 0
1 13 2
1 8 0
0 16 0
0 0 2
0 0 0
1 8 1
0 7 0
0 8 0
1 20 0
0 20 0
0 1 0
0 1 0
0 2 0
1 8 0
1 11 0
0 1 0
1 17 0
0 13 0
1 11 0
0 8 0
1 16 0
0 12 0
1 19 1
0 13 0
0 2 0
0 4 1
0 14 1
0 4 0
1 17 0
18
1 19 0
0 18 0
1 10 0
0 5 1
0 17 0
0 11 0
1 8 0
1 7 0
1 17 0
1 8 0
0 14 0
1 16 0
0 14 0
0 3 0
1 14 0
1 2 1
1 5 1
1 20 0
46
1 2 0
1 6 0
1 12 0
1 10 0
1 3 0
1 1 0
0 17 1
0 1 0
0 19 0
0 13 0
0 13 0
0 17 0
0 0 0
1 11 1
1 15 0
1 20 0
1 12 2
0 2 1
1 17 0
0 14 0
1 17 2
0 0 0
1 0 1
1 20 1
0 12 0
0 12 0
0 15 0
1 18 0
0 2 0
1 8 0
1 8 0
0 5 0
0 11 0
0 7 0
1 4 0
0 16 0
0 14 1
0 7 0
0 12 1
0 19 0
1 4 0
0 2 0
0 15 0
1 20 0
0 0 0
0 9 0
34
0 1 0
0 6 0
1 4 0
0 10 0
0 4 0
0 10 1
1 19 0
0 12 0
1 19 1
1 3 0
1 14 0
0 2 0
0 13 0
0 17 0
1 3 3
0 17 0
1 13 0
1 10 0
1 8 0
0 17 0
0 2 0
1 6 1
1 16 0
0 1 0
1 5 0
0 12 0
0 9 0
1 9 0
0 12 0
1 7 1
0 19 0
1 5 0
1 9 0
0 8 0
16
1 11 1
0 3 0
0 6 1
1 5 0
0 14 0
1 2 0
0 13 0
1 11 0
1 10 0
1 6 2
1 14 0
1 5 0
1 6 0
1 10 0
0 6 1
0 12 0
64
1 10 0
1 12 0
1 9 0
0 20 0
0 19 0
0 1 0
0 19 0
1 2 0
1 12 0
1 1 1
1 4 2
1 17 1
1 8 0
0 6 1
0 20 0
1 0 0
0 11 0
0 18 0
0 12 2
1 5 0
1 10 0
1 18 1
1 10 1
0 9 1
1 12 0
1 1 0
0 12 1
0 11 0
0 20 0
0 0 0
1 10 0
0 20 0
1 2 0
0 0 2
0 4 0
0 12 0
0 20 0
0 4 0
1 4 0
1 7 0
0 10 0
1 8 1
0 11 0
1 16 0
0 14 0
0 11 0
1 1 0
1 2 0
0 8 0
0 14 1
1 16 0
1 18 1
1 17 0
1 19 0
1 10 0
1 19 0
0 12 0
1 16 0
1 2 0
0 9 0
0 18 0
0 17 1
0 0 0
1 1 0
26
0 7 0
1 17 0
1 7 0
1 9 0
1 11 0
0 18 0
0 0 0
0 9 0
0 10 0
1 3 1
1 17 0
0 7 1
0 9 0
1 15 0
0 20 0
1 3 0
0 8 0
1 12 0
0 11 3
1 8 0
1 11 0
1 8 0
1 15 1
1 3 2
1 2 1
0 7 0
54
0 3 2
0 1 0
0 8 0
0 3 0
1 2 0
1 14 0
1 2 0
1 18 1
0 13 0
0 13 0
0 3 0
0 15 0
1 9 2
1 2 0
0 12 0
0 6 1
1 9 0
1 15 1
0 18 2
0 14 3
0 3 0
0 17 0
0 20 0
0 19 0
0 1 0
0 19 0
0 14 0
0 20 0
1 11 0
1 14 0
1 4 0
0 4 1
0 13 0
0 5 0
0 0 0
1 1 0
1 2 1
0 13 0
1 8 0
0 9 0
1 2 0
0 0 0
0 20 0
0 3 0
0 11 0
1 14 0
1 10 0
0 15 0
1 1 0
1 18 0
0 13 0
1 7 2
1 18 1
1 6 0
48
1 14 0
0 20 0
1 9 1
1 15 0
0 10 0
0 10 0
0 9 0
0 8 0
1 4 0
1 15 0
0 18 0
1 16 1
1 6 0
0 20 0
0 18 0
0 16 0
1 4 0
1 4 0
1 17 1
0 18 0
1 6 0
1 11 0
0 19 0
1 18 0
0 6 0
0 1 0
1 18 0
0 5 0
0 5 0
1 9 0
0 18 0
1 12 0
1 10 0
1 12 0
1 10 0
0 19 2
1 4 1
0 12 0
1 16 0
0 20 1
1 17 0
1 13 1
0 3 0
1 17 0
1 19 0
1 18 0
1 8 0
1 8 1
32
0 1 0
0 7 1
1 2 0
1 12 0
1 7 0
0 7 0
0 17 0
1 16 0
0 5 0
0 14 0
1 17 0
0 16 1
0 7 2
1 17 1
1 2 0
0 2 0
1 4 1
1 16 0
1 1 0
1 8 1
1 6 0
0 17 0
0 3 2
1 5 0
0 12 0
0 5 1
0 5 0
1 15 1
1 18 0
0 5 0
0 7 0
0 5 0
30
1 20 0
0 10 0
1 4 0
1 2 1
1 7 0
0 11 0
0 3 0
0 10 0
0 7 0
0 16 0
0 15 0
0 6 0
0 7 0
0 3 0
0 11 0
1 2 1
0 11 0
0 16 0
1 5 0
1 4 0
1 19 0
1 6 0
1 4 4
0 1 1
0 14 0
0 12 0
1 15 0
1 2 0
0 14 0
0 10 0
50
1 5 0
1 1 0
0 5 0
0 18 0
0 8 0
1 3 0
0 10 2
1 16 1
0 8 1
1 8 1
1 17 0
0 20 1
1 11 0
0 14 0
0 11 0
1 8 1
1 6 0
0 14 0
1 6 0
1 14 0
0 17 1
1 7 0
1 13 0
1 14 0
0 11 2
0 17 0
1 10 0
0 13 0
0 11 0
0 2 0
0 19 0
0 8 0
1 13 0
1 14 0
0 11 0
0 3 1
1 16 0
1 12 1
1 3 0
1 1 0
1 1 0
0 10 0
1 2 0
0 0 0
1 3 0
1 0 0
0 18 0
0 20 1
1 0 0
0 4 0
50
1 18 0
1 4 0
0 2 1
0 17 0
0 20 1
0 16 0
1 4 0
1 10 0
1 18 1
1 8 0
1 20 0
0 10 0
1 10 0
0 19 0
0 7 0
1 9 1
1 15 0
1 2 0
1 18 0
0 15 0
1 2 0
0 11 0
1 10 0
0 18 1
1 2 0
0 8 0
1 15 0
0 10 0
1 13 0
0 2 0
1 12 0
1 1 0
0 11 0
1 19 2
1 0 0
0 13 0
1 16 0
1 0 1
1 8 0
0 13 0
1 6 0
1 16 0
0 9 0
1 14 0
1 1 0
0 11 0
0 13 0
1 3 0
0 9 0
0 19 0
30
1 14 0
1 4 0
0 11 3
1 15 0
1 20 0
1 11 0
0 11 0
1 8 1
1 9 1
0 12 2
0 14 0
1 12 0
1 5 1
0 3 0
1 15 0
1 17 0
1 15 0
1 2 1
0 10 0
1 1 1
1 13 1
1 5 0
0 15 1
1 0 0
0 7 0
0 20 2
1 6 0
0 16 0
0 8 0
1 5 0
10
0 20 20
0 20 20
0 20 20
1 20 20
0 20 20
0 20 20
0 20 20
0 20 20
0 20 20
1 20 20
70
0 20 20
0 20 20
1 20 20
1 20 20
1 20 20
1 20 20
1 20 20
0 20 20
1 20 20
0 20 20
1 20 20
1 20 20
0 20 20
1 20 20
1 20 20
1 20 20
0 20 20
0 20 20
0 20 20
1 20 20
0 20 20
1 20 20
1 20 20
1 20 20
1 20 20
0 20 20
1 20 20
1 20 20
1 20 20
0 20 20
0 20 20
0 20 20
1 20 20
0 20 20
1 20 20
1 20 20
1 20 20
1 20 20
0 20 20
1 20 20
0 20 20
1 20 20
1 20 20
1 20 20
1 20 20
1 20 20
0 20 20
1 20 20
0 20 20
0 20 20
0 20 20
0 20 20
0 20 20
1 20 20
1 20 20
0 20 20
0 20 20
0 20 20
1 20 20
1 20 20
0 20 20
0 20 20
0 20 20
1 20 20
1 20 20
0 20 20
1 20 20
1 20 20
0 20 20
0 20 20
55
0 8 0
1 7 0
0 19 0
1 15 0
1 17 0
1 9 2
0 14 0
0 10 0
0 15 0
0 18 0
1 1 0
1 8 0
1 15 0
1 12 2
0 10 0
1 18 0
1 12 1
0 14 0
0 19 2
1 6 1
0 6 1
1 13 0
0 5 1
1 5 0
0 19 2
1 11 0
0 7 0
0 2 0
0 0 0
1 10 0
0 4 0
1 16 0
0 8 0
0 10 1
0 16 0
1 8 0
0 1 0
0 11 0
0 3 0
0 19 0
1 12 0
1 19 1
1 8 0
0 2 3
0 5 0
1 12 0
0 6 0
1 14 0
1 12 0
0 13 0
0 20 0
0 1 0
0 15 1
1 11 0
0 12 0
25
1 18 2
1 10 0
0 17 0
1 12 0
0 3 0
0 20 0
1 13 0
1 14 1
0 2 1
1 2 1
0 5 0
1 13 1
0 1 0
1 20 2
0 9 0
0 11 0
0 20 0
1 15 1
1 16 0
0 14 0
0 13 0
0 6 0
1 10 0
0 5 0
1 20 0
16
1 6 0
1 3 0
1 4 1
0 15 0
1 11 0
0 2 0
1 16 0
1 7 0
1 11 1
1 7 1
1 0 0
1 13 0
1 5 0
1 8 0
1 12 0
1 19 0
64
0 15 0
1 18 0
0 12 0
0 6 0
1 19 0
1 3 0
0 14 0
0 14 1
0 6 0
0 13 0
0 6 0
0 14 0
1 5 0
0 6 0
1 1 0
1 20 1
0 5 1
1 13 0
1 17 0
0 0 0
1 9 2
1 10 0
1 10 0
0 18 0
0 1 0
0 9 0
0 20 0
1 3 2
0 6 0
1 18 0
0 19 3
1 17 1
1 4 0
0 14 0
1 12 0
0 19 0
0 15 0
1 10 0
0 6 0
1 19 0
0 4 1
1 2 1
0 20 0
0 12 0
0 2 0
1 18 0
0 7 0
1 19 0
0 15 0
1 1 1
0 13 1
1 19 0
1 12 0
1 3 0
1 15 0
0 3 0
1 19 2
0 4 0
1 3 0
0 12 0
0 13 0
0 3 2
1 7 0
1 1 0
9
0 17 0
0 11 2
1 20 1
1 12 0
0 1 0
0 2 0
1 6 0
1 3 0
0 4 0
71
0 0 0
1 4 0
0 2 0
0 4 0
0 7 0
1 1 0
0 6 0
0 9 0
0 6 0
1 8 0
0 2 0
1 8 2
0 16 0
1 8 0
1 8 0
0 5 0
0 20 0
1 15 0
1 20 0
0 11 0
0 4 0
1 8 0
1 18 1
1 10 0
0 1 1
0 10 0
1 20 0
1 13 0
0 19 0
0 14 2
0 14 0
0 16 1
1 0 0
1 1 0
0 4 0
0 6 0
1 5 1
0 12 0
0 17 0
1 8 0
0 16 0
1 13 0
0 4 0
0 7 0
1 18 0
1 19 0
0 1 0
0 4 2
0 19 1
1 14 0
0 20 0
0 19 0
1 7 0
0 0 0
1 16 0
1 20 0
1 15 0
1 18 0
0 16 0
1 9 0
1 6 0
0 5 0
1 12 0
0 15 1
1 9 0
0 20 1
0 15 0
0 7 0
0 4 0
1 4 0
1 7 0
28
1 4 0
0 3 0
1 10 2
0 18 2
0 18 0
0 15 0
1 13 0
0 0 1
1 10 0
0 6 0
1 10 0
0 19 0
1 0 0
1 10 0
0 19 0
1 0 0
1 14 1
1 11 0
0 17 0
0 6 0
1 18 1
1 12 0
0 10 0
0 15 0
0 19 0
1 4 0
0 6 0
1 16 1
52
1 6 0
1 1 0
1 13 1
1 17 0
1 14 0
1 4 1
1 0 0
1 1 0
1 0 0
1 16 0
1 13 0
1 13 0
0 9 0
0 15 0
0 3 1
1 14 1
1 3 0
1 13 0
1 4 0
0 16 0
1 17 0
1 17 0
1 10 0
0 8 0
1 1 0
0 19 0
0 14 1
1 6 0
0 6 0
0 16 0
1 11 0
1 5 0
1 5 0
1 13 0
0 3 0
0 2 0
0 12 0
0 9 0
1 15 0
0 0 0
0 19 0
0 4 1
0 14 0
1 9 0
1 1 0
1 15 3
0 15 0
0 1 0
0 11 0
0 12 0
0 14 0
1 0 0
5
1 20 20
1 20 20
1 20 20
0 20 20
1 20 20
75
0 20 0
1 20 0
1 20 0
1 20 0
0 20 0
0 20 0
1 20 0
0 20 0
1 20 0
0 20 0
1 20 0
1 20 0
0 20 0
0 20 0
1 20 0
0 20 0
0 20 0
0 20 0
0 20 0
1 20 0
0 20 0
0 20 0
0 20 0
0 20 0
0 20 0
0 20 0
1 20 0
0 20 0
0 20 0
0 20 0
1 20 0
0 20 0
1 20 0
0 20 0
0 20 0
0 20 0
0 20 0
1 20 0
0 20 0
0 20 0
1 20 0
0 20 0
0 20 0
0 20 0
0 20 0
0 20 0
0 20 0
1 20 0
1 20 0
1 20 0
1 20 0
1 20 0
1 20 0
0 20 0
0 20 0
1 20 0
1 20 0
1 20 0
0 20 0
1 20 0
1 20 0
0 20 0
0 20 0
0 20 0
0 20 0
1 20 0
0 20 0
0 20 0
0 20 0
0 20 0
0 20 0
0 20 0
1 20 0
1 20 0
1 20 0
39
1 1 0
0 4 0
0 2 0
1 11 0
0 3 0
1 16 0
0 20 0
0 5 1
1 20 1
0 9 0
1 8 0
0 3 1
1 1 0
0 0 0
1 14 0
0 16 0
1 5 0
0 16 0
0 7 0
1 20 0
1 9 0
0 7 0
1 11 0
0 4 0
1 16 0
0 18 0
1 14 0
1 4 2
1 9 0
0 1 2
0 10 0
1 13 0
0 18 0
0 7 0
1 20 0
1 10 0
1 3 0
0 17 0
1 12 0
41
1 16 0
1 20 0
1 1 0
1 15 0
0 10 0
0 13 0
1 1 1
1 11 0
1 2 0
0 16 1
1 15 0
0 10 0
1 6 0
0 15 0
0 14 0
0 4 0
1 6 0
0 13 0
0 6 0
1 2 0
0 0 0
0 12 1
1 9 0
1 16 0
1 0 0
1 2 3
1 8 2
0 8 0
0 14 0
0 11 0
1 18 2
0 19 0
0 12 1
0 16 1
0 0 1
1 16 0
1 13 1
1 2 0
1 2 0
1 13 0
1 3 0
10
1 20 20
1 20 20
1 20 20
1 20 20
1 20 20
1 20 20
1 20 20
1 20 20
1 20 20
1 20 20
70
1 20 20
1 20 20
1 20 20
1 20 20
1 20 20
1 20 20
1 20 20
1 20 20
1 20 20
1 20 20
1 20 20
1 20 20
1 20 20
1 20 20
1 20 20
1 20 20
1 20 20
1 20 20
1 20 20
1 20 20
1 20 20
1 20 20
1 20 20
1 20 20
1 20 20
1 20 20
1 20 20
1 20 20
1 20 20
1 20 20
1 20 20
1 20 20
1 20 20
1 20 20
1 20 20
1 20 20
1 20 20
1 20 20
1 20 20
1 20 20
1 20 20
1 20 20
1 20 20
1 20 20
1 20 20
1 20 20
1 20 20
1 20 20
1 20 20
1 20 20
1 20 20
1 20 20
1 20 20
1 20 20
1 20 20
1 20 20
1 20 20
1 20 20
1 20 20
1 20 20
1 20 20
1 20 20
1 20 20
1 20 20
1 20 20
1 20 20
1 20 20
1 20 20
1 20 20
1 20 20
51
0 14 0
1 16 0
0 13 0
0 8 0
0 20 0
0 0 0
1 19 0
0 9 0
1 7 0
0 11 0
0 0 1
1 12 0
1 4 0
1 7 0
0 13 1
1 12 0
0 18 0
1 8 0
1 5 0
1 8 1
1 10 1
0 3 0
1 4 0
0 16 3
0 5 0
0 1 0
0 6 0
0 1 0
0 8 1
1 1 0
0 18 0
1 4 0
0 15 0
1 6 0
1 4 0
0 5 0
0 20 1
0 19 0
1 5 0
1 9 1
0 16 0
0 13 0
1 5 0
0 20 0
1 8 0
0 8 0
0 16 1
0 14 1
1 16 0
0 15 0
1 18 0
29
1 11 0
0 2 0
0 13 0
0 10 0
1 9 0
0 18 1
0 15 1
0 0 1
1 13 0
1 14 1
1 18 0
0 18 0
1 17 0
0 2 1
1 15 0
1 2 0
0 14 0
0 12 1
0 12 0
1 9 1
1 0 0
0 6 0
1 2 0
1 11 0
0 6 0
1 10 0
0 20 1
0 7 1
1 1 0
53
0 12 1
1 19 0
0 0 0
0 7 1
0 6 0
0 20 0
1 5 2
1 0 0
1 1 0
0 18 0
1 10 0
0 20 0
0 19 0
1 14 0
0 8 0
1 3 1
1 13 0
0 9 0
1 14 0
0 1 0
0 9 0
0 19 0
1 2 0
0 19 0
0 14 1
0 16 0
0 15 1
0 15 0
1 2 1
0 3 0
1 3 0
1 7 0
1 11 1
0 18 1
0 13 0
0 11 0
1 0 0
0 13 0
0 3 0
0 11 0
0 0 0
0 15 0
0 0 0
0 20 0
0 8 1
1 9 0
0 2 0
0 11 0
1 8 0
0 20 0
0 13 0
1 5 1
1 2 0
27
1 10 0
0 20 2
0 2 0
1 20 0
0 19 0
1 7 1
1 17 0
0 8 2
1 3 2
0 20 1
0 12 0
0 2 0
1 12 0
1 16 0
0 3 0
0 20 0
0 9 0
1 20 0
1 13 0
1 16 0
0 10 0
1 4 0
1 20 1
1 10 0
0 6 0
1 5 2
1 14 0
39
1 4 0
0 6 0
1 9 0
1 0 0
1 9 1
1 19 0
1 16 2
1 13 0
1 20 0
0 0 0
0 3 0
1 0 1
0 4 0
1 0 0
1 10 0
0 11 0
1 8 0
0 16 0
1 3 1
1 4 0
0 10 0
0 6 0
0 10 0
0 10 0
0 4 0
0 5 0
1 8 0
1 7 1
0 16 0
0 9 0
1 9 0
0 9 0
0 18 0
1 16 0
1 1 0
1 12 2
1 9 0
1 17 0
1 14 0
41
1 0 2
1 3 0
0 4 0
0 0 0
1 15 2
0 0 1
1 1 0
0 4 0
0 4 1
1 4 0
1 0 0
0 17 0
0 8 0
1 2 0
1 17 0
0 14 0
0 20 0
1 17 0
1 13 0
1 10 0
1 12 0
0 5 0
0 8 0
0 8 0
1 19 0
0 15 2
0 0 0
1 18 0
1 20 2
0 13 0
0 12 0
1 19 0
0 15 0
1 13 1
1 12 0
0 4 0
0 1 1
1 12 0
1 9 2
0 12 1
0 20 1
10
0 12 0
1 20 2
1 14 1
0 7 0
0 8 1
0 6 0
0 2 0
0 5 1
1 8 0
1 2 0
70
0 10 1
0 18 0
1 0 0
1 11 2
1 1 0
1 7 0
0 4 0
1 13 0
0 14 0
0 12 0
1 20 0
1 15 0
1 20 0
0 9 0
1 11 0
1 2 0
0 12 0
0 1 0
0 6 0
0 14 0
0 6 0
1 3 0
1 14 0
0 12 1
1 2 1
1 10 0
1 5 1
1 4 0
1 13 0
1 9 0
1 16 0
0 14 0
1 19 0
0 16 0
0 3 1
1 6 0
0 0 0
1 14 0
1 7 0
0 7 0
1 4 3
1 5 0
1 11 0
1 7 0
1 2 0
1 20 1
1 15 0
0 2 0
0 2 0
0 7 0
1 13 0
0 5 1
0 14 0
0 16 0
0 14 0
1 9 0
0 18 0
0 8 0
1 12 0
0 16 0
0 10 1
0 20 0
0 1 0
0 16 0
0 18 0
1 1 0
0 1 1
0 7 0
1 7 0
1 9 3
