100
1
1 10 10
0
1
1 10 10
1
1 10 10
1
1 10 10
2
1 10 10
1 10 10
5
1 0 0
0 4 1
0 2 0
1 7 0
1 5 0
1
0 2 0
1
1 5 1
6
0 9 0
1 3 0
0 6 1
0 1 0
0 4 0
1 0 1
8
1 1 0
1 5 0
1 4 0
1 3 0
1 4 0
0 2 2
0 0 0
0 4 0
0
6
0 6 0
0 4 0
1 6 0
1 1 0
0 4 1
1 4 0
3
1 8 0
1 1 0
1 4 0
8
1 3 1
0 4 2
1 2 0
1 6 0
0 9 0
1 3 1
1 9 0
1 6 0
2
0 0 0
0 6 0
8
1 4 1
0 9 2
1 7 2
1 2 0
0 4 1
0 9 2
0 7 0
0 1 0
3
0 0 0
0 7 0
0 9 0
7
0 8 0
0 8 0
0 8 0
1 2 0
1 2 0
0 1 0
0 1 1
5
1 1 0
1 4 0
1 2 0
0 8 0
0 3 0
11
0 0 0
1 9 0
0 5 2
1 0 0
1 5 1
1 1 0
0 9 1
1 0 0
1 6 0
0 1 1
0 6 1
2
0 5 0
0 5 0
6
0 2 0
1 4 0
1 0 0
0 6 1
1 9 1
1 7 0
8
1 0 0
1 3 0
0 8 1
0 8 0
1 5 0
0 9 0
1 7 0
1 8 0
4
1 6 1
1 8 0
1 3 0
1 3 0
11
1 2 0
1 0 0
0 8 0
1 2 0
0 1 1
1 7 0
1 1 0
0 0 0
1 3 0
1 3 0
1 5 0
10
1 7 0
0 0 0
0 0 0
0 2 0
0 0 0
1 2 0
1 0 1
0 3 0
1 5 0
1 0 0
6
1 1 1
0 7 0
0 9 0
0 4 1
0 8 0
1 1 1
4
1 6 1
1 5 0
1 0 0
1 6 1
13
0 5 0
0 8 0
1 1 0
0 6 0
1 3 0
1 0 0
0 4 0
1 1 0
0 2 0
0 5 0
0 7 0
1 2 0
1 2 0
5
0 2 0
1 1 0
0 2 1
1 7 0
1 4 0
13
0 9 1
0 0 0
0 7 0
1 2 0
1 2 1
1 3 1
1 5 2
0 2 0
0 7 0
1 6 0
1 8 2
1 4 2
0 5 0
3
1 7 0
1 0 0
1 5 1
16
1 3 0
0 0 0
1 2 1
0 4 2
0 0 2
0 4 0
0 2 0
1 2 1
0 0 0
0 1 0
0 7 0
0 3 2
0 7 0
1 8 2
0 8 1
0 5 0
15
1 3 1
1 0 0
0 6 2
1 2 0
1 5 0
0 3 0
1 4 0
1 0 0
0 7 0
1 3 0
0 8 0
0 4 0
1 1 0
0 2 0
0 8 0
5
0 9 1
1 0 0
0 2 0
0 2 0
0 7 0
18
1 3 0
1 9 0
0 7 0
1 7 0
1 5 0
0 6 0
1 0 0
0 9 0
1 5 0
1 3 0
1 6 1
1 0 0
1 6 1
0 4 0
0 0 0
1 9 0
1 8 0
1 6 1
3
1 1 1
0 5 0
0 2 1
7
0 6 0
1 0 0
1 6 0
1 8 0
1 8 1
1 5 0
0 7 0
15
0 9 0
1 8 0
1 0 0
1 7 0
0 2 0
1 4 0
1 0 0
1 4 0
0 9 0
0 7 0
1 4 1
1 1 0
0 0 0
1 7 1
0 9 0
12
0 0 0
1 1 0
1 2 0
1 6 0
0 0 0
1 9 1
1 4 0
1 3 0
0 4 0
1 3 0
1 1 0
0 8 0
11
1 5 0
1 5 0
0 4 0
1 5 0
1 2 1
0 5 0
1 3 0
1 5 0
1 5 0
1 6 0
0 0 0
9
0 6 0
0 9 1
0 9 0
1 8 1
0 1 0
0 0 1
0 6 0
0 8 0
1 2 0
15
1 5 0
1 2 0
0 9 0
1 1 0
0 5 0
0 8 1
1 9 0
0 2 0
0 2 0
0 9 0
1 3 0
1 6 0
1 4 0
1 9 0
1 8 0
14
0 8 0
0 0 1
1 1 0
0 7 0
0 5 1
1 0 0
1 2 0
1 4 1
1 4 0
1 4 2
0 9 0
1 8 0
0 1 1
0 7 1
11
0 1 0
1 4 0
0 9 0
0 7 0
0 7 0
0 8 2
0 1 1
1 7 0
0 1 0
1 0 0
1 1 0
8
0 0 0
0 7 2
0 7 0
0 9 0
1 7 0
1 3 0
1 6 1
1 0 0
18
0 4 0
0 7 0
1 5 0
0 2 0
0 3 0
1 4 0
0 8 0
0 4 1
0 9 0
0 5 0
1 3 0
1 0 0
0 7 1
1 9 0
0 7 0
0 3 0
0 7 1
0 4 2
22
1 5 1
0 5 0
1 9 0
0 9 0
1 6 0
0 8 0
1 1 0
1 0 0
0 1 0
0 7 0
0 4 1
1 6 0
0 7 0
0 1 0
0 6 0
1 5 1
1 7 0
0 4 0
0 1 0
0 7 0
1 2 0
1 3 0
5
0 8 0
1 8 2
0 9 0
1 8 0
1 0 0
17
0 5 0
0 0 1
1 9 0
0 7 0
1 1 0
0 0 0
0 1 0
0 2 0
0 5 0
0 5 1
1 1 0
1 8 0
0 3 0
0 3 0
0 4 0
1 8 0
1 5 0
11
0 0 0
1 0 0
0 5 0
1 7 0
1 4 0
0 0 0
0 2 0
0 2 0
1 9 0
0 5 0
0 9 0
5
0 6 0
1 8 0
1 6 0
1 8 1
0 9 0
24
0 7 0
1 6 0
0 0 0
0 8 0
0 7 0
0 7 2
1 6 0
0 2 0
1 0 0
1 5 1
1 0 1
1 0 0
0 5 0
0 6 0
0 4 0
1 5 0
1 4 0
0 1 0
1 2 0
0 0 0
0 2 0
0 2 2
0 3 1
1 4 0
11
1 1 1
0 3 0
1 1 0
0 0 0
1 5 1
1 2 1
0 0 1
0 7 1
0 7 0
0 3 1
1 0 0
19
0 2 0
0 6 0
0 1 0
1 5 0
1 4 0
0 6 0
1 6 0
0 8 0
0 9 0
0 6 0
0 9 0
0 4 2
0 6 0
0 2 0
1 6 0
1 0 0
1 8 0
0 1 0
1 8 0
28
0 5 1
0 7 0
1 3 1
0 1 0
0 4 2
1 0 0
0 7 0
0 9 0
1 2 0
1 2 0
1 1 0
0 9 0
1 7 1
0 9 0
0 6 2
0 2 0
1 2 0
0 8 0
0 3 0
0 0 1
0 0 0
0 5 1
0 7 0
0 5 0
1 4 1
0 1 1
0 3 0
1 6 1
3
0 6 0
0 9 0
0 4 1
14
1 6 0
1 6 0
1 1 0
0 2 0
1 8 0
1 6 1
1 7 1
0 8 0
0 8 0
0 1 0
0 3 0
0 0 0
1 7 0
1 1 0
18
1 3 0
1 3 1
0 8 1
0 9 0
1 0 1
0 1 1
0 7 1
0 0 0
0 3 0
1 8 0
0 0 0
0 1 0
1 9 2
0 5 0
0 5 0
1 4 0
0 9 0
1 8 0
16
1 6 0
1 6 0
1 9 0
0 5 0
1 5 1
0 5 0
1 2 0
0 3 0
1 8 1
0 4 1
0 4 0
0 4 0
0 6 0
0 6 0
1 6 2
1 2 0
17
0 6 0
0 9 2
0 8 1
0 0 1
0 2 0
0 7 1
0 3 1
0 5 0
0 5 0
0 3 1
1 4 0
1 2 1
0 1 0
0 4 0
0 5 0
0 1 0
0 7 2
27
0 7 0
0 4 0
0 2 0
0 0 0
1 5 0
0 6 2
0 0 0
0 3 0
0 8 0
0 3 1
0 9 2
1 2 0
0 1 0
1 2 0
1 2 1
0 7 0
0 8 2
1 3 1
0 1 0
0 4 1
1 3 0
1 6 2
0 8 0
1 8 0
1 4 0
1 4 0
1 5 1
7
1 0 0
1 8 1
1 5 1
1 1 0
0 0 0
0 7 0
0 8 0
28
0 3 0
1 9 0
0 5 1
1 1 0
1 5 0
0 4 0
0 1 0
0 0 0
1 4 0
1 7 1
0 6 0
1 1 0
1 7 0
1 5 0
0 7 0
1 6 0
1 1 0
0 7 0
1 7 0
1 7 0
0 5 1
1 0 0
1 9 0
0 0 0
0 3 1
0 7 0
1 8 1
0 9 1
7
1 4 0
1 7 0
1 7 0
0 3 0
1 8 0
1 9 0
0 9 0
21
1 6 1
0 3 0
0 9 2
1 5 0
0 7 0
0 9 1
0 8 1
0 2 0
0 2 0
1 9 0
1 7 0
1 9 0
1 0 0
0 6 0
1 3 0
1 8 0
1 2 1
0 6 2
0 2 0
0 4 0
0 1 0
15
1 0 1
0 6 0
1 7 0
1 8 0
0 8 0
0 2 0
0 3 0
1 0 0
1 5 0
0 8 0
1 0 0
0 7 0
1 9 0
1 8 1
0 0 0
14
0 1 0
0 4 1
0 5 0
1 4 0
1 2 0
1 8 0
1 0 0
1 3 0
0 8 2
0 0 1
0 4 1
0 8 0
1 1 0
1 1 0
23
1 9 0
1 5 0
0 8 0
0 6 0
1 5 0
1 1 0
1 0 0
1 2 0
0 0 0
0 6 0
1 8 2
0 6 0
1 8 0
0 3 1
1 2 0
1 5 0
0 6 0
0 2 0
0 0 0
0 7 0
1 0 1
0 4 0
1 3 1
20
1 0 0
0 1 0
0 9 0
0 0 1
1 9 0
0 3 0
0 0 0
1 9 1
0 8 0
0 4 0
0 8 0
0 4 0
0 0 0
1 9 0
1 2 0
1 4 0
0 5 0
0 7 0
1 8 0
1 6 0
18
0 0 0
0 1 0
0 6 0
1 6 0
1 3 0
0 8 0
0 5 0
1 1 0
1 1 0
1 1 1
0 6 0
1 0 0
1 5 0
0 6 0
1 8 0
1 6 0
1 7 0
1 5 0
14
1 7 2
0 9 0
1 5 0
1 5 0
0 9 0
1 8 0
1 1 1
1 1 2
1 3 0
1 8 0
1 0 0
1 0 0
0 6 1
1 0 0
25
0 6 1
0 0 0
1 7 0
0 7 0
0 1 0
0 9 0
0 6 0
0 7 0
1 0 0
0 7 1
0 6 1
0 2 0
1 0 1
1 6 0
0 6 0
1 0 0
0 8 0
1 4 0
1 7 1
1 2 0
0 3 1
0 9 0
1 6 1
1 8 0
1 4 1
13
0 4 0
1 3 1
1 7 0
1 3 0
0 0 0
0 4 2
0 3 0
1 8 0
1 4 1
1 6 0
0 9 0
0 2 1
0 7 0
27
1 9 0
1 8 0
1 8 0
0 5 0
0 1 0
1 7 0
0 1 0
0 1 1
0 3 0
1 8 0
0 3 0
1 4 0
0 8 0
1 9 0
0 2 0
0 4 0
1 4 0
0 0 0
1 6 0
1 5 0
0 3 0
0 3 0
1 2 0
1 8 0
0 5 1
0 4 0
0 0 0
32
1 2 0
0 8 2
1 6 0
0 5 0
0 4 0
0 6 1
0 9 0
1 0 2
0 8 0
0 3 0
0 0 0
0 0 0
1 7 0
0 8 0
0 9 0
0 7 0
0 0 0
1 6 0
1 6 1
1 0 0
0 5 0
0 6 0
0 1 0
0 1 1
0 6 0
1 1 0
1 2 0
0 0 0
0 9 1
1 3 0
0 4 0
0 5 0
9
1 3 1
1 8 0
0 2 0
0 0 0
0 4 0
1 6 1
0 4 0
1 3 0
1 1 0
35
1 2 0
1 5 0
1 2 1
0 1 1
0 0 0
1 4 0
1 5 0
0 2 0
1 3 0
0 6 0
1 2 1
0 8 0
1 2 0
0 4 0
1 1 0
0 8 0
1 6 0
1 8 0
0 1 0
1 9 1
1 7 0
0 2 0
1 1 0
0 9 2
0 8 1
0 6 0
1 5 0
0 3 0
1 7 0
0 9 0
1 2 0
1 6 0
1 2 1
1 2 0
0 1 1
7
0 9 0
0 5 1
1 6 0
0 4 0
1 6 0
1 4 0
0 5 0
9
0 5 0
0 0 0
0 8 0
1 5 0
1 0 1
0 6 0
0 1 2
0 5 0
0 3 0
34
1 4 0
0 8 2
1 3 0
0 4 0
1 0 1
0 2 1
0 2 0
0 2 0
1 2 0
1 7 0
1 4 2
1 5 0
0 8 0
0 6 0
0 0 0
0 3 0
1 7 0
0 9 1
0 7 0
0 7 0
1 6 0
1 3 1
0 3 0
0 4 0
1 2 0
1 0 0
1 7 1
1 5 0
0 6 0
0 2 0
0 4 0
0 3 1
0 3 0
1 4 0
35
1 2 0
1 0 0
1 4 1
0 3 0
1 0 0
1 6 0
0 4 0
0 4 0
0 7 0
0 8 1
1 0 1
0 8 0
1 7 0
0 0 0
1 7 1
0 4 0
0 1 1
1 9 0
1 2 0
1 4 0
1 4 1
1 2 0
0 5 0
0 0 0
0 7 0
0 2 0
0 8 0
0 3 0
0 6 0
1 9 0
1 9 0
1 1 0
0 9 0
0 2 1
1 0 2
9
0 2 0
1 7 0
0 6 1
0 4 1
1 5 0
1 1 1
1 8 0
0 2 0
1 1 0
42
0 8 1
0 1 0
1 7 0
0 2 0
0 1 0
0 9 0
0 5 0
1 1 0
1 0 0
1 9 2
1 7 0
1 1 0
0 6 0
0 7 0
0 8 0
1 9 1
0 9 0
1 6 0
1 5 0
1 4 0
1 9 0
1 1 0
0 6 0
1 8 0
0 0 0
0 5 0
0 1 1
0 2 1
1 2 0
0 0 0
0 8 0
1 4 0
0 9 0
1 4 0
0 1 0
0 7 0
0 3 1
0 9 0
0 8 0
1 1 0
1 2 0
1 2 0
3
0 8 0
0 0 1
1 2 0
48
1 9 0
1 16 1
1 14 0
0 0 0
1 10 1
0 4 0
0 6 0
0 13 0
1 17 0
1 9 0
0 0 0
1 7 0
1 16 0
1 19 0
0 15 0
1 15 0
0 5 0
0 4 0
0 11 0
1 20 1
0 15 0
1 6 0
0 13 0
0 6 0
0 13 0
0 18 0
0 9 0
1 19 0
1 1 0
0 11 1
1 12 0
0 5 0
1 11 1
0 4 0
1 4 1
1 17 0
1 14 1
1 15 0
0 12 0
1 7 1
0 0 0
1 2 1
0 18 0
0 16 0
0 13 0
1 8 0
0 20 0
1 12 0
32
1 2 0
0 16 0
0 8 0
0 8 0
0 6 0
0 17 0
0 1 0
0 6 0
0 0 0
0 3 0
0 3 0
0 13 0
1 19 1
0 15 0
1 14 1
1 19 0
1 20 0
1 3 0
1 8 2
1 6 0
1 9 1
1 5 0
0 10 0
1 5 0
1 3 0
0 11 0
1 11 0
0 8 0
1 7 0
1 9 0
0 4 1
1 4 1
46
1 18 0
1 17 0
0 20 0
1 15 0
1 4 0
0 18 1
1 8 0
1 18 1
0 13 0
1 9 1
1 9 0
0 12 0
0 6 0
1 13 0
0 2 0
0 17 0
0 4 0
0 5 0
0 12 1
0 7 0
0 20 0
1 16 0
0 5 0
0 2 0
1 12 0
1 14 0
1 16 1
0 2 0
0 9 0
0 9 0
1 3 0
0 5 0
0 14 0
1 7 0
1 16 1
1 10 0
0 19 0
0 17 0
1 1 1
1 11 0
0 10 1
1 14 1
1 12 0
1 15 2
1 5 1
0 11 0
34
1 19 0
1 10 0
1 0 0
0 5 0
1 9 0
1 10 0
1 9 0
0 10 0
0 10 0
1 0 0
1 11 0
1 1 0
1 16 1
1 17 0
1 5 0
1 12 0
1 3 0
1 2 0
1 8 0
1 12 0
1 4 0
1 13 0
1 4 0
1 17 0
1 16 0
0 4 0
0 4 0
0 17 2
0 4 0
0 9 0
1 9 0
0 17 0
0 5 0
0 0 0
36
0 15 0
1 3 0
0 8 0
1 2 0
1 11 0
0 14 0
0 13 0
0 14 0
1 13 0
0 9 0
0 20 0
1 18 0
0 6 0
1 13 0
0 1 0
0 5 0
0 2 0
1 7 1
0 8 0
0 2 0
0 0 0
0 6 0
1 9 0
1 8 0
0 1 0
0 5 0
1 4 0
0 4 1
1 20 0
0 0 1
0 9 0
1 3 1
0 11 0
0 5 0
0 16 0
1 5 0
44
0 6 0
0 8 0
0 9 0
0 16 0
0 5 2
0 8 1
0 3 0
1 10 0
1 5 0
0 2 0
0 10 1
0 9 0
0 20 0
0 0 0
0 5 0
0 1 0
1 4 0
0 0 0
1 8 1
0 14 0
0 10 0
0 17 0
0 20 3
0 16 0
1 2 0
1 5 0
1 7 2
1 4 0
0 19 1
0 2 0
0 14 0
1 17 0
1 3 0
1 7 0
0 5 0
0 15 0
1 20 0
0 7 0
0 1 0
1 8 0
0 6 0
1 19 0
1 6 0
0 16 0
21
1 5 0
1 20 0
1 18 0
0 4 1
0 18 0
0 18 0
0 17 0
1 6 0
1 3 0
1 16 0
0 9 0
0 7 0
0 0 0
1 5 0
1 11 2
1 11 0
0 3 0
0 12 0
1 6 0
1 8 0
0 15 0
59
0 7 0
1 5 0
0 9 1
0 14 0
0 19 0
0 17 0
1 12 0
0 4 1
0 5 0
1 6 0
0 14 1
0 5 1
1 14 1
1 14 0
1 0 0
1 6 1
1 19 1
1 6 0
1 3 1
0 7 0
0 1 0
0 12 0
1 1 0
1 2 0
1 14 0
0 19 2
0 18 0
0 11 0
1 8 0
0 17 0
0 14 0
0 8 0
1 3 0
1 2 1
1 7 1
0 19 2
0 9 0
1 8 0
0 4 0
1 14 0
0 0 1
1 4 0
1 9 0
0 15 0
0 13 0
0 11 0
1 6 0
1 3 0
0 17 0
0 3 1
0 18 0
0 20 0
0 15 0
1 17 0
1 4 0
0 0 0
0 0 0
0 8 0
0 5 1
59
0 8 0
1 11 1
1 11 1
1 2 0
0 13 0
0 1 1
0 7 0
1 6 0
0 10 0
1 15 0
0 13 4
0 6 0
0 11 0
1 0 0
1 2 1
1 13 0
0 7 0
0 15 0
0 9 0
1 2 0
1 13 0
1 14 0
0 8 1
1 2 0
0 20 0
1 6 0
0 3 0
0 3 0
1 5 0
1 2 0
0 4 2
1 10 0
0 6 0
0 10 0
0 8 0
0 5 0
1 1 0
1 15 0
1 14 0
0 12 0
0 20 0
0 9 0
0 10 0
1 9 0
1 9 0
0 14 1
0 4 0
0 1 0
1 4 0
0 18 0
0 0 0
0 2 0
1 3 1
0 6 0
0 3 1
0 16 2
1 12 1
1 10 0
0 20 1
21
0 6 0
1 16 0
0 14 0
0 1 0
0 15 0
1 4 1
1 4 0
0 1 0
0 16 0
1 15 0
1 18 0
1 3 1
1 16 0
0 0 2
0 6 1
1 0 0
0 3 0
1 6 0
1 11 0
1 10 0
1 1 0
71
0 14 1
1 18 0
0 18 0
0 11 0
1 9 0
1 12 0
0 7 0
0 8 0
1 12 0
0 18 0
1 19 0
0 7 1
0 5 0
1 18 0
0 17 1
1 18 0
1 2 0
1 8 0
0 7 0
0 16 0
0 5 0
0 11 0
0 5 0
0 5 0
1 9 0
1 20 0
1 0 1
0 3 0
0 1 2
1 19 0
1 12 0
0 16 0
0 13 1
0 18 1
0 11 0
0 10 0
1 8 0
1 1 0
1 14 0
1 10 0
0 6 1
1 20 0
1 3 0
0 7 1
0 14 0
1 13 0
1 16 0
0 3 0
0 6 0
1 3 0
1 19 1
1 20 0
1 13 0
0 12 0
0 10 0
1 16 1
1 18 0
1 12 0
1 0 0
0 6 0
1 5 0
1 19 0
1 18 0
1 18 0
0 17 0
0 4 0
1 14 0
0 9 0
1 12 0
0 12 0
1 5 1
9
0 1 0
0 7 0
1 13 0
0 8 1
0 12 0
0 4 1
1 12 2
0 11 0
0 2 0
51
0 18 0
1 12 0
1 7 0
0 12 0
0 11 0
1 18 0
1 15 0
0 0 0
1 3 0
1 8 0
1 5 0
1 18 0
0 5 0
0 8 1
1 12 0
0 16 0
0 11 1
0 18 0
1 8 0
0 1 1
1 20 0
1 6 0
0 5 0
1 9 0
1 9 1
0 3 1
1 2 0
1 7 1
1 2 1
0 7 0
0 2 0
0 7 0
1 20 1
1 7 0
0 1 0
0 10 1
1 15 0
1 7 1
1 9 0
1 15 0
0 16 0
1 17 0
0 12 0
1 10 1
0 4 0
1 17 0
0 16 0
1 12 1
0 2 0
0 8 0
0 10 0
29
1 11 0
1 1 0
1 4 0
1 20 0
1 19 0
1 2 2
0 14 0
0 5 0
1 2 0
0 7 0
0 6 0
1 18 0
0 14 0
0 2 0
0 5 1
1 17 0
1 16 0
1 7 0
1 11 0
0 10 0
0 19 0
0 11 0
1 3 0
1 19 0
1 1 0
1 18 0
0 6 0
0 0 0
0 8 1
58
1 16 0
1 6 0
0 18 0
1 11 0
1 1 0
1 17 0
1 0 0
1 1 0
1 0 0
0 11 0
1 9 0
1 3 0
1 19 0
0 4 0
1 3 0
0 10 1
1 19 1
0 11 0
0 17 0
1 16 1
1 19 0
1 4 0
0 12 0
1 16 0
1 1 1
0 6 0
1 5 0
1 14 0
0 13 0
1 11 1
0 12 0
0 17 0
0 17 0
1 16 0
0 11 0
1 14 0
1 13 0
1 18 0
0 19 1
0 13 0
0 20 0
1 3 0
0 9 0
0 7 0
0 5 1
1 16 0
0 2 0
1 7 0
0 3 0
0 17 0
0 17 0
0 17 1
0 10 1
1 20 0
0 6 0
0 14 0
0 15 1
0 11 0
22
1 20 1
0 3 0
0 1 0
0 5 0
1 5 0
1 15 0
1 18 1
0 3 0
1 19 0
0 4 0
0 9 1
1 18 0
0 15 0
0 16 3
1 17 0
0 5 0
0 16 0
1 0 1
0 4 0
1 18 4
0 4 0
1 4 0
44
1 12 0
0 16 2
0 14 0
0 8 0
0 3 1
1 2 0
1 3 1
1 20 0
1 19 1
0 4 0
1 1 0
1 9 0
0 6 0
0 10 0
0 12 1
0 18 0
1 4 0
0 9 0
1 4 1
1 13 1
0 15 0
1 0 0
0 6 0
1 3 2
1 5 0
0 9 0
0 17 0
1 4 0
1 6 0
0 9 0
0 19 0
1 5 0
0 19 0
1 13 0
1 18 0
0 20 0
1 1 0
1 18 0
1 1 1
0 2 0
1 0 0
0 6 0
0 11 0
0 1 0
36
1 11 0
0 18 0
0 1 0
0 16 0
1 5 0
1 8 0
1 2 0
1 9 0
1 11 0
1 18 0
0 15 0
1 7 1
0 19 1
1 17 0
1 2 0
1 0 0
0 1 0
0 7 0
0 16 0
0 15 0
0 15 0
0 12 1
0 15 0
1 2 0
1 0 0
0 19 1
1 4 0
0 12 0
1 9 0
0 9 0
1 12 0
1 7 0
0 20 0
1 2 2
0 16 0
0 19 0
56
0 19 0
1 5 0
0 10 0
0 6 0
1 13 0
1 4 0
0 7 0
1 3 0
0 7 1
0 1 0
0 9 0
0 5 0
1 17 0
0 19 0
0 0 0
1 5 0
0 15 0
0 10 0
0 8 0
1 14 0
0 9 0
0 14 0
1 9 0
0 10 0
1 10 0
0 19 0
0 11 1
1 14 0
0 2 0
0 9 0
1 2 0
1 11 0
0 15 0
0 11 1
0 8 0
1 5 1
0 7 0
1 17 0
0 18 0
1 5 0
1 15 0
0 11 1
1 16 0
1 10 0
0 7 0
1 0 2
0 7 0
0 8 0
1 3 1
0 7 0
0 12 0
0 10 0
0 16 1
0 17 2
0 1 0
1 12 0
24
0 17 0
0 7 1
1 11 0
0 2 0
0 9 0
0 10 0
1 0 0
1 20 0
0 11 0
1 2 0
1 14 0
1 13 0
1 10 0
1 6 0
1 6 1
1 18 0
0 17 1
0 2 2
0 6 0
1 8 0
1 12 0
1 5 0
1 6 0
0 15 0
49
1 19 1
0 6 0
1 11 0
1 19 0
0 2 0
0 4 0
1 3 0
0 1 0
1 14 1
1 15 0
0 19 0
1 4 0
0 8 0
0 2 0
1 14 0
0 8 0
1 2 1
0 1 0
1 0 0
1 6 0
1 20 0
0 17 0
1 9 0
0 2 0
0 10 0
0 1 0
0 17 0
1 14 0
1 16 0
0 15 0
1 19 0
1 20 1
0 8 0
0 1 0
0 19 0
1 5 0
0 3 0
1 1 0
0 4 0
1 6 0
1 14 0
0 10 0
0 11 0
1 10 0
1 13 1
1 10 0
1 12 0
1 15 0
1 13 0
31
1 14 0
0 8 0
1 4 0
0 3 0
1 9 1
1 8 1
1 16 3
1 13 0
1 13 0
1 8 0
0 4 0
1 10 1
1 19 0
0 5 0
1 11 0
1 19 0
1 8 1
0 15 0
1 15 0
0 15 1
0 9 0
1 10 1
0 2 0
1 18 0
0 3 0
1 8 1
1 12 0
1 4 1
1 15 2
0 12 0
1 11 1
9
0 19 2
0 1 0
0 7 0
1 1 0
1 17 1
1 14 0
0 16 0
1 1 0
1 19 1
71
0 19 0
1 1 0
1 19 0
0 9 0
1 3 0
0 13 0
1 8 0
1 10 0
1 12 0
1 9 0
0 4 1
1 8 0
1 0 0
1 14 0
0 13 0
0 4 0
0 3 0
1 9 0
1 20 0
1 4 0
1 16 0
1 4 0
0 9 0
0 17 0
0 10 0
1 7 0
0 19 0
1 18 0
1 17 0
0 18 0
1 13 0
0 16 0
0 18 0
0 16 3
0 10 1
0 7 0
1 4 0
0 16 0
0 13 0
0 14 0
1 16 1
0 3 0
0 1 1
0 6 0
0 4 1
1 6 1
0 2 0
1 16 0
1 5 0
0 1 0
0 3 0
0 9 0
1 3 0
1 7 1
0 17 0
1 20 0
1 16 1
0 19 0
1 11 0
1 9 0
1 13 0
1 12 0
1 11 0
1 19 0
0 19 0
1 10 0
0 11 0
0 19 0
0 0 0
1 5 0
1 0 0
32
0 13 1
1 6 0
0 19 0
0 6 1
0 14 0
1 10 0
1 12 0
1 3 0
0 9 0
0 3 1
1 18 0
0 11 1
0 20 0
0 9 1
1 1 1
0 16 0
1 16 0
0 4 0
1 15 0
1 7 3
0 11 0
0 11 0
0 20 1
1 18 0
1 7 0
0 5 0
1 5 0
0 7 0
0 16 0
0 19 0
0 19 0
0 1 3
48
0 12 0
1 10 0
0 7 0
0 1 0
0 9 0
1 8 0
0 14 0
1 19 0
0 1 0
0 13 0
0 15 0
0 0 0
0 18 0
0 4 0
1 6 1
0 14 0
1 8 0
0 6 0
1 17 1
0 10 0
0 10 0
0 20 0
0 8 0
1 13 0
0 13 0
0 18 0
1 12 0
0 15 0
1 0 0
1 20 0
1 16 0
0 14 0
1 3 0
0 5 0
1 3 0
0 6 0
0 11 1
1 2 0
0 0 0
1 13 0
1 13 0
1 10 0
0 3 1
0 9 0
1 5 0
0 20 0
1 20 0
1 16 0
78
0 19 0
0 3 0
1 20 0
0 5 0
1 20 0
0 7 0
0 18 1
1 1 0
0 11 0
1 16 0
1 13 0
0 16 0
0 14 1
1 15 1
0 10 0
1 5 0
1 9 0
1 6 0
1 4 3
0 0 0
0 4 0
1 16 1
0 0 1
1 12 0
0 11 0
1 8 0
1 15 0
0 0 0
1 11 0
0 13 0
0 4 0
1 16 0
0 17 0
1 5 0
0 14 0
0 3 0
1 3 0
0 15 0
0 18 0
0 13 0
0 9 0
1 9 2
1 15 0
0 13 0
1 7 0
0 13 0
1 14 0
0 12 0
0 3 0
1 8 2
1 20 0
1 16 0
0 2 0
1 2 0
0 14 0
0 17 0
0 14 1
1 18 0
0 0 0
0 11 1
1 14 0
1 5 0
1 16 0
0 11 0
1 0 0
1 2 0
0 11 1
0 15 0
0 18 1
0 16 1
1 12 0
0 4 0
0 4 0
1 16 0
1 6 0
0 19 0
1 10 0
1 6 1
2
1 16 0
1 10 0
10
0 20 20
0 20 20
0 20 20
0 20 20
0 20 20
0 20 20
0 20 20
0 20 20
0 20 20
0 20 20
70
0 20 20
0 20 20
0 20 20
0 20 20
0 20 20
0 20 20
0 20 20
0 20 20
0 20 20
0 20 20
0 20 20
0 20 20
0 20 20
0 20 20
0 20 20
0 20 20
0 20 20
0 20 20
0 20 20
0 20 20
0 20 20
0 20 20
0 20 20
0 20 20
0 20 20
0 20 20
0 20 20
0 20 20
0 20 20
0 20 20
0 20 20
0 20 20
0 20 20
0 20 20
0 20 20
0 20 20
0 20 20
0 20 20
0 20 20
0 20 20
0 20 20
0 20 20
0 20 20
0 20 20
0 20 20
0 20 20
0 20 20
0 20 20
0 20 20
0 20 20
0 20 20
0 20 20
0 20 20
0 20 20
0 20 20
0 20 20
0 20 20
0 20 20
0 20 20
0 20 20
0 20 20
0 20 20
0 20 20
0 20 20
0 20 20
0 20 20
0 20 20
0 20 20
0 20 20
0 20 20
62
0 10 0
0 11 0
1 18 0
0 4 0
1 1 0
1 11 0
0 18 0
1 4 0
0 11 2
0 8 0
1 16 0
1 1 0
0 19 0
1 7 0
0 13 0
0 18 0
0 19 0
0 11 1
1 9 0
0 8 1
1 9 0
0 7 0
1 10 1
1 1 0
1 11 0
0 10 0
1 13 0
1 4 0
1 9 0
0 17 1
0 3 0
1 16 0
0 5 0
0 18 0
0 9 2
1 14 0
1 4 0
1 9 0
0 9 0
1 19 1
0 1 0
1 18 2
0 19 0
0 8 1
1 18 0
0 19 0
1 2 0
0 12 0
1 13 0
1 7 0
0 1 1
0 20 2
1 16 0
1 0 0
1 14 0
1 17 0
0 18 0
1 5 0
0 12 0
0 13 0
1 3 0
0 9 0
18
1 11 2
0 1 0
0 4 0
1 19 3
0 13 0
0 6 0
0 17 0
0 3 1
0 14 0
0 16 1
1 18 0
1 4 0
1 10 0
0 20 0
0 17 0
0 3 0
0 3 0
0 8 0
71
1 2 0
0 6 0
0 19 0
1 13 0
0 13 0
1 7 1
0 10 0
1 9 0
1 5 1
1 16 0
1 6 0
1 11 0
1 3 3
0 8 1
0 8 0
1 7 0
1 8 0
0 10 2
0 12 0
1 6 0
1 16 0
0 4 1
1 4 1
1 4 0
1 6 0
0 16 0
1 12 0
0 5 1
0 13 0
1 15 0
0 18 0
1 10 0
0 17 0
0 13 0
0 3 1
1 16 0
1 5 0
0 7 1
0 6 0
1 13 0
1 5 0
0 8 2
1 13 0
0 3 1
1 17 0
0 7 0
1 19 0
1 4 0
1 9 0
0 11 0
0 5 0
1 4 0
1 7 0
1 9 0
0 0 1
1 8 0
1 20 0
1 10 0
1 3 0
1 7 0
0 8 1
1 11 0
1 6 0
0 7 0
0 9 0
0 8 1
0 19 0
0 20 0
0 19 0
0 13 0
1 11 0
9
1 12 0
1 5 0
0 20 0
1 0 0
0 7 2
1 1 1
0 14 0
0 3 2
1 11 0
16
0 10 1
0 1 1
1 5 1
0 17 0
0 14 0
1 18 0
1 0 0
0 13 0
1 17 1
0 7 0
1 6 0
1 19 0
1 17 0
1 18 1
1 17 0
1 10 0
64
0 10 0
1 19 0
1 17 0
0 14 0
1 16 0
1 8 0
0 16 0
0 20 0
0 18 0
0 10 0
1 5 0
1 0 2
0 3 0
0 19 0
1 3 0
0 3 0
1 12 0
1 0 0
0 18 0
1 3 0
1 11 0
0 9 0
0 18 0
0 20 0
1 15 0
1 7 1
1 2 0
0 11 0
0 0 0
0 5 1
0 15 0
1 14 0
1 6 0
1 19 0
1 18 1
0 16 0
0 13 0
1 4 0
1 20 0
1 2 0
0 15 0
0 7 0
0 5 0
1 14 1
0 5 0
0 19 0
1 18 0
0 2 0
1 12 1
1 3 0
0 2 1
0 8 0
1 18 1
0 11 0
1 20 0
1 5 0
0 18 0
1 20 1
1 1 0
1 14 0
0 7 0
0 15 0
0 12 3
0 12 0
24
1 10 0
1 12 0
1 10 0
0 1 0
1 14 1
0 17 0
0 18 0
1 4 1
1 20 0
1 1 0
0 18 1
0 15 0
1 6 0
0 13 0
0 0 0
1 17 0
0 0 0
1 2 2
0 4 0
1 9 1
1 13 0
0 15 1
1 19 1
0 6 0
56
0 15 0
0 8 0
1 0 0
1 15 0
0 10 0
1 7 1
0 16 0
0 5 0
0 1 1
0 13 0
1 1 1
0 6 0
1 6 0
1 8 0
1 19 0
1 2 1
0 2 0
1 19 0
1 8 0
1 15 0
0 5 0
0 9 0
1 6 0
0 4 1
1 3 0
0 6 0
0 19 0
1 18 0
0 16 0
0 2 2
1 18 1
0 4 1
1 13 0
1 10 0
1 17 0
1 1 0
1 14 1
0 6 0
0 5 1
1 9 0
1 13 0
1 3 1
1 10 1
0 5 0
1 19 2
1 12 0
1 12 0
1 10 0
0 17 0
0 20 0
1 12 0
0 13 1
0 1 0
0 2 0
1 11 0
0 4 0
50
1 1 0
0 1 0
0 20 1
1 8 0
1 17 1
0 6 0
0 1 0
0 20 0
0 11 0
1 13 0
1 14 0
0 3 0
0 8 0
0 2 0
0 18 0
0 5 0
0 6 0
0 7 0
1 3 0
1 11 0
0 10 0
0 1 0
1 17 0
0 19 0
1 13 1
1 6 0
0 12 0
0 17 0
1 7 0
0 7 0
1 5 0
1 0 0
0 2 0
1 16 0
0 11 0
0 2 0
1 6 0
0 2 2
0 9 0
0 11 0
1 0 0
1 4 1
1 8 0
0 13 0
1 8 0
1 7 1
1 12 0
1 5 2
0 6 0
0 1 2
30
0 1 0
1 11 1
0 3 1
0 14 0
0 5 2
0 10 1
1 11 1
1 12 0
0 12 0
0 0 0
1 10 0
0 19 0
1 19 2
0 15 0
1 11 1
0 2 0
0 12 0
0 4 0
1 12 0
0 12 0
0 20 0
0 0 0
1 18 0
1 2 0
0 12 0
1 19 0
0 11 0
1 14 0
0 11 0
1 18 0
25
0 20 20
1 20 20
1 20 20
0 20 20
1 20 20
1 20 20
0 20 20
0 20 20
0 20 20
1 20 20
1 20 20
1 20 20
0 20 20
1 20 20
0 20 20
0 20 20
0 20 20
0 20 20
1 20 20
0 20 20
0 20 20
1 20 20
1 20 20
0 20 20
0 20 20
55
1 20 20
0 20 20
0 20 20
1 20 20
1 20 20
0 20 20
1 20 20
1 20 20
0 20 20
0 20 20
1 20 20
1 20 20
1 20 20
1 20 20
0 20 20
1 20 20
0 20 20
1 20 20
0 20 20
0 20 20
1 20 20
1 20 20
0 20 20
1 20 20
1 20 20
1 20 20
0 20 20
0 20 20
0 20 20
1 20 20
1 20 20
0 20 20
0 20 20
1 20 20
0 20 20
0 20 20
1 20 20
0 20 20
1 20 20
1 20 20
1 20 20
1 20 20
1 20 20
0 20 20
1 20 20
0 20 20
1 20 20
0 20 20
1 20 20
1 20 20
0 20 20
0 20 20
0 20 20
1 20 20
0 20 20
79
1 15 0
1 17 1
1 2 0
0 6 1
0 9 0
0 5 0
0 6 0
0 2 0
0 14 0
1 4 0
1 1 0
1 12 0
0 8 0
0 11 1
1 12 0
1 7 0
0 15 0
0 3 0
0 15 0
0 20 1
1 12 0
0 5 0
1 17 1
1 14 0
1 12 0
0 15 0
1 16 0
1 10 0
0 8 0
0 5 0
0 11 0
0 13 0
0 14 0
1 6 0
1 19 1
0 1 0
0 0 0
1 20 0
0 17 0
0 4 0
0 6 0
1 1 0
0 7 0
1 1 0
0 11 0
0 14 0
0 10 1
1 11 0
0 14 0
0 3 1
1 5 0
0 7 0
0 12 0
0 7 0
1 3 0
1 13 0
1 0 2
1 4 0
1 7 0
1 8 0
1 5 0
0 1 0
0 12 1
1 11 0
1 15 0
0 17 0
0 18 0
0 14 0
0 5 0
0 15 0
0 5 1
0 4 0
0 3 0
1 13 0
1 0 1
0 12 0
0 13 1
0 17 1
0 10 0
1
0 6 0
42
1 8 0
0 2 0
0 5 0
1 14 1
1 20 2
1 6 0
0 1 0
1 15 0
0 2 0
1 14 0
0 17 3
1 1 0
1 15 0
1 8 0
0 19 0
0 14 0
0 5 0
0 2 0
0 20 1
1 12 0
0 16 0
0 5 0
1 4 0
0 11 0
0 15 0
1 11 0
0 13 0
1 13 0
1 17 0
1 10 0
1 11 0
0 1 2
0 3 2
1 12 0
0 3 1
1 20 0
1 9 1
0 11 1
0 17 0
1 7 0
0 16 0
1 1 0
38
0 6 0
1 2 0
1 16 1
1 2 1
1 0 0
0 10 0
0 5 0
0 7 1
1 19 0
0 4 0
0 12 0
0 17 1
0 12 0
0 7 0
1 4 0
1 20 0
0 6 0
1 18 2
1 20 0
1 17 0
1 19 0
0 7 0
1 12 0
0 8 0
0 2 1
0 1 0
0 17 0
1 3 0
0 9 0
0 15 0
1 0 0
0 2 0
1 4 0
0 5 0
1 1 0
0 15 0
1 13 0
1 17 0
51
1 12 1
0 16 0
0 19 0
1 20 0
0 3 0
1 14 0
1 18 0
0 20 1
1 19 0
0 1 2
0 13 0
1 0 0
1 18 0
0 20 0
1 10 0
1 16 1
1 17 0
1 5 0
1 13 0
1 17 0
0 6 0
1 5 0
0 13 2
1 12 1
0 11 0
0 3 0
0 2 0
1 1 0
1 13 0
1 10 0
1 11 1
0 6 0
1 2 1
1 11 1
1 18 0
1 0 0
0 20 0
0 11 0
0 13 0
0 3 0
1 13 0
1 8 0
0 9 0
0 10 0
0 8 0
0 10 1
1 14 1
0 8 0
0 19 1
1 20 0
0 9 0
29
0 11 1
1 2 1
0 4 0
1 7 0
1 19 0
0 5 0
0 15 0
0 4 0
1 0 1
0 2 0
0 6 0
1 6 0
1 0 0
1 5 1
1 17 0
1 1 0
0 8 0
1 17 0
1 7 0
0 20 0
0 3 0
0 9 0
1 16 0
0 20 0
1 2 1
1 11 0
0 13 0
0 5 1
0 14 0
10
1 20 20
1 20 20
1 20 20
1 20 20
1 20 20
1 20 20
1 20 20
1 20 20
1 20 20
1 20 20
70
1 20 20
1 20 20
1 20 20
1 20 20
1 20 20
1 20 20
1 20 20
1 20 20
1 20 20
1 20 20
1 20 20
1 20 20
1 20 20
1 20 20
1 20 20
1 20 20
1 20 20
1 20 20
1 20 20
1 20 20
1 20 20
1 20 20
1 20 20
1 20 20
1 20 20
1 20 20
1 20 20
1 20 20
1 20 20
1 20 20
1 20 20
1 20 20
1 20 20
1 20 20
1 20 20
1 20 20
1 20 20
1 20 20
1 20 20
1 20 20
1 20 20
1 20 20
1 20 20
1 20 20
1 20 20
1 20 20
1 20 20
1 20 20
1 20 20
1 20 20
1 20 20
1 20 20
1 20 20
1 20 20
1 20 20
1 20 20
1 20 20
1 20 20
1 20 20
1 20 20
1 20 20
1 20 20
1 20 20
1 20 20
1 20 20
1 20 20
1 20 20
1 20 20
1 20 20
1 20 20
13
1 10 0
0 15 0
0 14 0
0 17 0
0 6 0
0 1 0
0 13 0
1 14 0
1 9 1
0 6 0
1 11 0
1 14 0
1 10 0
67
1 18 0
0 15 0
0 8 0
1 8 0
0 18 0
0 11 0
0 7 0
1 7 2
0 10 0
1 13 0
0 7 0
1 16 0
0 2 1
1 10 0
0 18 2
0 1 0
1 19 0
0 9 0
0 18 1
0 0 0
0 2 0
0 15 0
1 0 0
0 5 0
0 4 0
1 0 1
1 19 0
0 10 2
0 10 0
0 17 0
1 14 0
0 3 1
0 14 1
0 3 0
0 0 0
0 13 0
0 20 1
0 5 0
1 6 0
1 2 0
1 5 0
1 8 0
0 15 3
1 10 0
0 10 0
0 9 0
0 9 0
1 8 0
0 16 0
0 8 0
1 6 0
1 14 0
1 10 0
1 9 0
0 11 0
1 6 0
1 7 0
1 6 0
1 1 1
1 6 0
0 13 1
1 7 0
1 20 1
0 16 0
0 1 1
1 14 0
0 14 1
45
1 13 0
0 6 0
0 11 1
0 18 0
0 7 0
1 13 0
1 3 1
0 6 0
0 8 2
1 7 0
1 19 0
0 16 1
1 19 0
0 17 1
1 2 0
0 16 1
0 14 0
0 5 0
0 17 1
0 10 0
1 8 1
1 4 0
1 15 0
1 2 0
0 6 0
1 5 0
1 10 1
0 11 0
1 10 1
1 8 0
1 3 0
0 16 1
1 12 0
0 2 0
0 7 0
1 6 0
0 12 0
1 2 0
0 6 0
0 0 1
0 5 0
0 6 0
0 14 0
1 11 2
0 7 0
35
0 1 0
0 2 0
0 15 0
0 2 0
0 7 0
1 12 0
0 0 0
1 10 1
0 11 0
1 12 0
1 2 0
1 15 0
1 7 0
0 12 1
0 13 0
0 20 0
0 6 0
0 8 0
1 0 1
1 5 0
1 16 0
0 18 3
1 1 0
1 11 0
0 4 0
0 0 0
1 4 0
0 13 0
0 15 0
1 5 3
0 2 0
0 9 0
1 14 0
0 5 0
0 5 0
25
0 7 0
1 20 0
1 20 0
0 5 0
1 20 0
0 11 0
1 8 0
0 4 0
0 8 1
1 0 0
0 15 0
1 13 0
0 1 0
1 16 0
0 8 0
0 5 0
1 15 3
0 3 0
0 15 2
0 14 0
0 3 0
0 9 1
1 4 0
1 0 0
1 4 0
55
0 4 0
0 8 0
1 5 0
0 18 0
0 4 0
1 10 0
1 8 0
0 8 0
0 5 0
0 6 0
0 13 0
0 1 0
1 15 2
1 11 0
1 18 0
1 9 0
1 9 0
1 9 0
1 10 0
0 17 0
1 8 0
1 4 0
1 12 0
1 19 0
0 10 0
0 20 0
1 9 0
1 17 0
0 12 0
0 19 2
0 2 0
0 0 2
1 1 0
1 7 0
1 20 0
0 2 0
1 17 0
0 0 1
1 7 2
0 12 0
0 12 0
0 1 0
1 4 1
1 7 0
1 16 0
0 12 0
1 17 0
1 9 0
0 2 0
0 13 0
1 8 0
0 2 0
0 2 0
1 5 0
0 15 0
80
0 20 20
0 20 20
0 20 20
1 20 20
1 20 20
1 20 20
0 20 20
1 20 20
1 20 20
1 20 20
0 20 20
1 20 20
1 20 20
0 20 20
1 20 20
0 20 20
0 20 20
1 20 20
1 20 20
1 20 20
0 20 20
1 20 20
0 20 20
0 20 20
1 20 20
1 20 20
1 20 20
0 20 20
1 20 20
0 20 20
0 20 20
1 20 20
0 20 20
1 20 20
1 20 20
0 20 20
1 20 20
1 20 20
0 20 20
1 20 20
1 20 20
0 20 20
0 20 20
1 20 20
1 20 20
1 20 20
0 20 20
1 20 20
0 20 20
1 20 20
0 20 20
1 20 20
1 20 20
0 20 20
0 20 20
0 20 20
0 20 20
0 20 20
0 20 20
0 20 20
1 20 20
1 20 20
1 20 20
0 20 20
1 20 20
0 20 20
1 20 20
0 20 20
0 20 20
0 20 20
0 20 20
1 20 20
1 20 20
0 20 20
1 20 20
1 20 20
1 20 20
0 20 20
1 20 20
1 20 20
0
10
0 20 20
0 20 20
0 20 20
0 20 20
0 20 20
0 20 20
0 20 20
0 20 20
0 20 20
0 20 20
70
0 20 0
0 20 0
0 20 0
0 20 0
0 20 0
0 20 0
0 20 0
0 20 0
0 20 0
0 20 0
0 20 0
0 20 0
0 20 0
0 20 0
0 20 0
0 20 0
0 20 0
0 20 0
0 20 0
0 20 0
0 20 0
0 20 0
0 20 0
0 20 0
0 20 0
0 20 0
0 20 0
0 20 0
0 20 0
0 20 0
0 20 0
0 20 0
0 20 0
0 20 0
0 20 0
0 20 0
0 20 0
0 20 0
0 20 0
0 20 0
0 20 0
0 20 0
0 20 0
0 20 0
0 20 0
0 20 0
0 20 0
0 20 0
0 20 0
0 20 0
0 20 0
0 20 0
0 20 0
0 20 0
0 20 0
0 20 0
0 20 0
0 20 0
0 20 0
0 20 0
0 20 0
0 20 0
0 20 0
0 20 0
0 20 0
0 20 0
0 20 0
0 20 0
0 20 0
0 20 0
10
1 15 0
0 20 1
0 15 0
1 1 0
1 20 0
1 3 0
1 10 0
1 9 0
0 2 0
0 20 0
70
1 17 0
1 16 0
1 18 0
0 15 0
1 2 0
0 2 0
1 2 0
1 15 0
1 4 0
0 0 0
0 13 1
0 1 0
0 19 0
1 18 0
0 0 1
1 0 0
0 6 1
0 11 2
1 20 0
0 17 0
1 0 0
1 17 0
1 12 1
1 3 0
0 19 0
1 17 0
1 2 0
1 14 0
0 10 0
0 12 0
0 19 2
0 7 0
1 2 0
1 15 0
0 2 2
0 15 1
1 2 0
1 6 0
0 10 0
0 9 0
1 2 3
1 19 0
0 3 1
1 5 0
0 1 0
1 12 0
1 8 0
0 15 0
0 0 1
1 2 1
0 16 2
1 3 0
0 0 0
0 15 0
1 12 2
1 2 0
0 10 0
0 2 0
1 20 0
0 18 0
0 3 0
0 19 0
0 8 0
0 10 0
1 4 0
0 5 0
0 6 0
0 1 0
0 14 0
0 11 1
56
1 18 0
1 15 1
0 16 0
1 0 0
0 7 0
1 6 0
0 12 0
0 3 0
0 6 2
0 15 0
0 10 0
0 2 0
0 6 0
1 15 1
0 0 1
1 15 0
1 19 0
0 20 0
1 15 0
1 4 0
0 16 0
1 8 0
1 13 1
0 4 0
1 1 0
0 9 2
1 10 0
1 20 0
0 20 0
0 3 0
0 17 0
1 2 0
1 7 0
0 10 0
1 5 0
0 9 0
0 1 0
1 2 0
0 12 0
1 15 0
1 7 0
1 6 1
0 0 0
1 13 0
1 14 1
1 14 0
1 19 0
1 9 0
1 3 0
0 6 1
1 0 1
1 9 0
1 11 0
0 19 0
1 15 0
0 20 0
24
1 9 0
1 0 0
0 17 0
1 16 0
0 11 0
1 16 0
1 4 0
1 2 0
1 18 0
0 7 0
0 17 0
1 10 0
0 12 0
1 10 0
0 3 0
1 12 0
0 3 0
1 5 0
0 17 0
1 5 0
1 7 0
0 13 0
1 8 0
0 18 0
8
0 7 2
0 9 1
1 14 0
0 0 1
1 13 2
0 3 0
0 4 2
1 10 0
72
0 4 0
0 11 0
0 0 0
1 1 1
0 8 0
0 0 0
0 13 0
1 15 1
0 12 1
0 0 0
0 18 1
1 19 0
1 11 0
0 16 0
1 13 0
0 4 0
0 18 0
1 2 0
1 12 1
0 11 1
1 12 0
1 14 1
0 6 0
0 6 0
1 7 0
0 3 1
0 3 0
1 12 0
0 11 0
1 19 0
1 17 0
1 15 0
0 19 0
0 1 0
1 9 0
0 1 0
0 16 2
1 7 0
0 1 0
1 3 1
0 13 0
1 6 0
0 17 0
0 18 0
1 6 0
1 13 0
0 4 0
1 9 0
0 20 0
1 20 0
0 8 0
0 17 1
1 20 0
0 12 0
1 4 0
1 4 0
1 6 0
0 18 1
0 13 2
0 16 0
1 20 2
0 7 0
0 16 0
1 14 0
1 6 0
0 3 0
0 13 0
0 3 0
0 1 0
0 8 1
1 2 0
0 8 0
8
0 14 0
1 15 0
0 15 2
1 9 0
0 10 2
1 10 0
1 6 0
0 10 0
72
0 0 0
1 11 1
0 16 0
0 4 0
1 1 2
1 1 2
0 11 0
0 11 0
0 18 0
0 14 0
0 7 0
0 19 0
0 8 0
0 8 0
0 2 1
0 16 0
0 17 0
1 18 1
0 18 0
0 15 0
0 6 0
1 6 0
1 17 0
1 13 1
0 4 0
0 1 0
0 14 0
1 17 0
1 20 0
0 17 0
1 8 0
1 20 2
0 14 0
1 0 0
0 2 0
0 11 0
0 16 0
1 4 0
0 14 0
0 14 0
1 10 0
0 20 1
0 16 0
1 0 1
0 10 0
0 3 0
0 10 0
1 9 0
0 9 0
1 5 1
1 6 0
0 7 0
1 1 0
1 4 0
0 4 0
1 8 0
1 14 0
1 19 0
1 15 0
0 3 0
1 12 0
1 17 0
0 3 0
0 1 0
1 7 0
1 19 0
0 15 0
1 5 0
0 20 0
0 16 0
1 12 1
0 15 0
19
1 1 1
0 15 0
0 10 0
1 6 0
0 0 0
0 1 0
1 8 0
0 3 0
1 18 0
1 19 0
1 0 0
1 11 2
1 3 0
0 10 0
1 8 0
1 17 0
1 20 0
0 20 0
0 9 0
61
0 4 0
1 15 0
1 3 0
1 18 0
0 16 0
0 7 0
0 18 0
1 17 0
1 3 0
0 0 0
0 3 0
1 2 0
1 13 0
1 18 0
1 0 0
1 18 0
1 10 2
0 2 0
0 18 3
0 8 0
1 12 0
0 8 0
0 0 0
0 11 0
1 20 0
0 14 0
1 1 0
0 8 0
1 13 0
1 3 0
0 7 3
0 10 0
1 8 0
0 10 0
1 11 2
0 11 0
1 13 0
0 1 2
0 8 0
0 6 0
0 20 0
0 5 0
1 12 0
0 15 0
0 3 1
1 9 0
0 8 0
1 11 1
1 15 1
1 17 0
0 5 0
1 0 0
0 18 0
0 3 0
1 9 2
1 12 0
1 18 0
1 2 0
1 14 1
1 14 0
1 13 2
5
1 20 20
1 20 20
0 20 20
1 20 20
0 20 20
75
0 20 0
1 20 0
0 20 0
0 20 0
0 20 0
1 20 0
0 20 0
1 20 0
1 20 0
1 20 0
0 20 0
0 20 0
0 20 0
1 20 0
0 20 0
1 20 0
1 20 0
0 20 0
0 20 0
1 20 0
1 20 0
1 20 0
0 20 0
0 20 0
1 20 0
1 20 0
0 20 0
0 20 0
1 20 0
1 20 0
0 20 0
1 20 0
0 20 0
1 20 0
0 20 0
1 20 0
0 20 0
0 20 0
1 20 0
0 20 0
1 20 0
0 20 0
1 20 0
0 20 0
0 20 0
1 20 0
0 20 0
0 20 0
1 20 0
0 20 0
1 20 0
0 20 0
0 20 0
0 20 0
0 20 0
1 20 0
1 20 0
0 20 0
1 20 0
0 20 0
1 20 0
0 20 0
0 20 0
1 20 0
0 20 0
1 20 0
0 20 0
0 20 0
1 20 0
1 20 0
0 20 0
0 20 0
0 20 0
0 20 0
1 20 0
60
1 5 2
0 6 0
0 14 0
0 0 0
1 4 2
1 6 0
0 17 0
1 7 0
1 8 0
1 0 0
1 12 0
0 11 0
0 6 2
1 16 0
1 8 0
0 17 0
1 5 1
0 6 2
1 17 0
1 10 0
0 10 0
0 5 0
0 14 0
1 0 0
0 7 0
1 15 0
0 11 1
1 2 0
0 15 0
1 18 0
0 15 1
1 6 0
1 20 0
1 0 1
1 15 2
0 9 0
0 15 3
1 11 0
0 18 0
1 0 0
0 1 0
1 14 0
1 5 0
1 18 0
1 18 1
1 14 0
1 15 0
1 20 0
1 12 0
0 6 0
0 3 0
1 6 0
0 5 0
1 3 0
0 10 0
1 6 0
0 13 0
0 19 0
0 0 1
1 12 0
20
1 11 0
0 0 1
0 3 0
0 5 1
1 8 0
1 15 0
0 17 0
0 6 0
0 6 0
1 19 0
0 17 1
1 10 0
0 12 0
0 0 0
1 8 0
1 4 0
0 10 0
0 3 0
0 10 0
0 18 0
33
1 3 0
0 1 0
0 0 0
0 3 0
1 10 0
1 10 0
1 20 0
1 16 0
1 2 0
0 7 1
1 12 0
1 15 1
1 20 0
0 9 0
1 6 0
1 13 0
0 19 0
0 18 2
1 14 0
1 8 0
0 5 1
1 2 0
0 16 0
0 9 0
1 13 0
1 8 0
1 12 0
0 2 0
0 13 0
1 3 0
1 10 0
0 20 0
1 7 1
47
1 20 1
1 5 0
1 13 3
1 0 0
1 9 0
0 11 0
1 0 0
1 13 0
0 3 0
0 9 1
0 13 1
0 18 0
0 16 1
0 1 0
0 14 0
1 14 1
1 7 0
1 16 0
1 11 0
0 2 0
1 20 1
1 16 1
0 18 1
0 19 0
1 0 0
1 3 0
1 5 0
1 1 0
0 17 1
0 3 0
0 19 0
1 5 0
0 5 0
1 16 0
1 18 0
0 2 3
1 16 1
0 18 0
0 6 0
1 16 1
0 3 0
1 9 0
1 7 0
1 16 0
1 13 0
1 16 2
0 7 1
45
1 9 1
1 14 1
1 15 0
1 6 0
0 18 0
0 2 0
1 9 0
0 18 0
1 5 2
0 3 0
0 11 0
0 14 0
1 16 0
0 10 0
0 8 0
0 20 0
1 6 0
0 16 0
0 7 0
0 9 0
1 2 0
0 18 0
1 1 0
0 3 0
0 10 0
1 1 1
0 8 0
0 7 1
1 3 0
1 8 0
0 5 0
0 10 1
1 6 0
1 13 0
1 16 0
0 14 0
0 11 2
0 13 0
0 4 0
0 14 0
1 19 0
1 20 0
1 1 0
0 5 0
0 9 1
35
0 9 1
1 20 0
1 8 1
0 13 0
0 5 1
0 5 0
0 14 0
1 8 0
0 7 1
0 11 0
0 7 0
1 17 2
0 6 0
0 9 1
0 11 0
0 17 0
1 3 0
0 11 0
0 19 1
1 9 0
0 6 0
1 17 0
1 6 1
1 4 0
1 16 0
1 12 0
0 8 0
0 19 0
1 8 0
0 7 1
0 8 0
1 7 0
0 7 0
0 4 0
1 17 0
35
0 12 1
0 11 1
1 20 0
1 11 0
0 19 2
0 2 0
1 20 0
1 18 0
1 10 0
0 9 0
0 1 1
0 10 0
1 12 0
0 2 0
0 17 0
0 19 1
1 18 0
0 17 0
1 7 0
1 10 0
0 14 0
1 8 0
1 20 0
0 8 0
0 18 0
0 7 0
1 4 1
1 14 1
1 11 0
0 5 1
0 6 0
0 16 2
0 17 0
1 12 0
1 1 1
45
1 7 0
1 13 0
1 3 0
1 17 0
0 2 0
0 2 0
0 16 1
1 20 0
0 5 1
0 10 0
1 3 0
0 10 0
1 6 0
1 11 0
0 19 1
1 20 0
1 10 0
0 6 0
1 17 0
0 7 0
1 3 0
1 3 0
1 4 1
1 7 0
1 14 0
1 2 2
0 13 1
1 9 0
1 0 0
0 9 0
0 4 0
0 18 1
1 3 0
0 11 0
1 14 0
0 14 2
0 5 0
0 8 0
1 12 0
0 13 0
1 9 0
1 8 0
0 9 0
1 16 0
0 18 0
46
1 2 0
1 19 0
0 8 0
1 0 0
1 14 0
0 20 0
1 10 0
1 2 0
0 19 0
0 20 0
0 15 0
1 5 0
1 18 0
1 12 0
1 20 0
0 18 0
1 15 0
0 1 1
0 15 0
0 8 1
1 1 0
0 4 0
0 5 0
0 17 0
1 18 0
1 4 0
1 11 0
0 14 1
1 3 0
1 19 0
1 17 1
0 18 0
1 4 0
0 7 0
1 2 0
0 16 0
1 5 1
1 5 0
0 4 0
1 9 0
1 20 0
1 18 0
0 13 1
1 8 0
1 18 0
0 6 1
34
1 16 0
0 4 1
1 7 0
0 5 0
1 7 0
1 4 0
0 19 1
0 16 0
1 8 0
1 13 0
0 0 1
0 5 0
1 5 0
1 16 0
1 16 0
1 20 0
0 3 0
1 15 0
0 14 0
0 13 1
0 2 0
0 12 0
1 2 1
1 6 0
0 14 0
1 3 0
0 12 0
0 6 0
0 13 2
0 15 0
0 12 0
0 3 0
1 15 1
0 10 0
76
1 4 0
0 8 0
0 8 0
1 19 0
0 6 0
0 6 0
1 7 0
0 1 1
0 12 0
1 5 0
1 14 1
0 5 0
1 8 3
0 1 2
0 9 0
1 0 0
0 15 0
1 12 0
0 3 0
1 8 1
0 17 0
0 8 0
0 16 0
0 20 0
0 10 0
1 11 0
1 0 0
0 15 0
1 15 0
0 2 0
1 20 0
0 16 1
0 3 2
0 0 0
1 16 0
1 11 0
1 20 0
1 11 1
1 2 2
1 5 0
1 9 0
0 16 0
0 14 1
1 13 0
1 2 0
1 2 0
0 17 3
0 1 0
1 8 0
1 11 0
0 12 0
1 3 0
1 6 1
1 3 0
1 11 0
1 5 0
1 5 1
0 19 0
1 12 0
1 19 0
0 5 0
0 8 0
1 1 0
0 17 0
1 10 0
0 6 1
1 14 0
1 2 0
1 7 0
1 20 0
0 9 0
0 14 0
1 14 0
0 6 0
0 20 0
0 0 0
4
0 4 0
0 10 0
1 13 0
0 9 0
47
1 2 0
0 2 0
1 11 0
1 11 0
0 0 0
0 13 0
1 9 0
1 1 0
0 3 0
1 16 1
0 2 0
0 2 0
0 0 0
1 18 0
1 3 1
0 10 0
1 7 0
0 7 0
0 13 2
0 7 0
1 17 0
1 6 0
1 9 1
0 4 0
0 2 1
0 2 0
1 11 1
1 15 1
1 11 0
0 18 0
0 17 0
1 20 1
1 10 0
0 2 0
0 5 2
1 1 0
1 13 0
0 7 0
1 15 0
0 15 0
0 13 0
1 19 0
1 7 2
1 14 0
0 5 0
1 1 0
0 11 0
33
0 15 2
0 15 0
0 12 1
0 4 3
1 9 0
1 15 0
0 5 0
1 17 0
1 5 0
1 14 0
1 17 2
0 20 0
1 2 0
0 20 0
0 6 0
1 10 0
0 4 0
1 6 0
0 7 0
1 9 0
0 13 2
0 11 1
0 17 0
0 7 0
1 10 0
0 17 0
0 0 0
0 4 0
1 12 0
0 19 1
1 12 0
1 1 0
0 5 0
6
0 9 0
1 11 0
0 13 0
1 15 1
1 19 0
1 3 0
74
0 8 0
0 13 2
0 8 0
0 2 0
1 2 0
1 16 0
1 12 2
1 17 0
0 9 0
0 8 0
0 2 0
0 17 0
1 16 0
1 16 0
1 5 0
1 12 0
0 8 0
1 2 1
1 18 0
1 0 2
1 18 1
0 2 0
1 10 0
0 15 0
0 6 1
0 12 1
1 13 0
1 4 0
0 1 0
1 2 0
0 1 4
0 10 0
0 1 0
0 11 0
1 12 0
1 4 0
1 5 0
1 14 0
1 14 0
1 12 3
1 6 0
0 11 1
1 11 1
1 3 0
1 17 0
1 19 0
0 18 0
1 12 0
1 15 0
1 9 0
0 7 0
0 14 1
0 7 0
0 5 0
0 10 0
1 6 0
1 9 1
0 1 1
0 19 0
0 7 0
0 9 1
0 8 2
1 6 0
0 17 2
1 11 0
0 15 0
1 3 1
1 8 3
1 6 0
1 20 2
0 3 0
1 2 0
0 10 0
0 18 0
10
0 20 20
1 20 20
1 20 20
1 20 20
1 20 20
0 20 20
1 20 20
1 20 20
1 20 20
0 20 20
70
1 20 20
1 20 20
0 20 20
0 20 20
1 20 20
1 20 20
1 20 20
0 20 20
0 20 20
0 20 20
0 20 20
0 20 20
0 20 20
0 20 20
0 20 20
1 20 20
0 20 20
1 20 20
1 20 20
1 20 20
1 20 20
1 20 20
0 20 20
0 20 20
1 20 20
0 20 20
0 20 20
1 20 20
1 20 20
0 20 20
0 20 20
1 20 20
0 20 20
1 20 20
0 20 20
0 20 20
1 20 20
0 20 20
1 20 20
1 20 20
0 20 20
1 20 20
1 20 20
0 20 20
0 20 20
0 20 20
1 20 20
1 20 20
1 20 20
0 20 20
1 20 20
1 20 20
1 20 20
0 20 20
1 20 20
0 20 20
1 20 20
0 20 20
1 20 20
0 20 20
1 20 20
0 20 20
1 20 20
0 20 20
0 20 20
1 20 20
1 20 20
1 20 20
1 20 20
1 20 20
21
1 9 0
0 18 0
0 18 2
0 17 0
1 1 1
1 12 0
1 4 0
0 13 0
1 18 1
0 1 0
0 20 0
1 9 0
0 5 0
0 12 0
1 5 2
1 0 0
1 4 0
0 9 0
1 20 0
0 6 0
0 0 0
59
1 12 0
0 3 0
1 6 0
0 17 0
1 6 0
0 13 1
1 9 0
1 13 0
0 3 0
0 14 0
0 6 0
0 9 0
1 5 0
0 15 0
0 20 0
0 10 0
0 19 0
1 1 0
1 11 0
0 8 1
0 14 0
0 12 0
1 18 0
0 19 0
0 5 0
1 11 0
1 14 0
1 14 0
0 6 0
1 1 0
1 18 0
0 10 0
1 13 0
0 12 2
0 0 0
0 19 0
0 5 0
0 8 0
0 16 0
0 20 0
0 18 3
1 4 0
0 3 0
0 19 0
0 19 0
0 10 0
0 11 0
0 7 0
0 19 3
0 16 0
1 0 0
0 15 0
0 12 0
0 6 0
0 10 0
0 1 1
0 2 2
1 10 0
1 20 0
11
0 19 0
1 2 0
0 15 0
0 13 0
0 19 0
1 11 1
0 14 1
1 12 0
1 9 1
0 18 1
1 6 0
69
0 1 0
0 1 0
0 18 1
0 17 0
0 2 0
1 13 0
1 0 0
1 20 0
1 7 0
0 1 0
1 20 0
1 12 1
0 14 0
0 8 0
0 7 0
1 14 0
1 15 0
0 12 0
0 8 0
0 8 0
1 6 1
0 1 0
1 1 0
1 12 0
0 6 0
1 0 0
1 18 0
1 19 0
1 6 1
0 17 0
1 3 0
0 11 0
0 6 0
0 13 1
1 20 0
1 8 0
1 10 0
1 19 0
0 10 0
0 17 0
0 18 0
1 18 0
1 20 3
0 10 0
1 9 0
1 9 0
1 0 0
1 10 0
0 12 0
1 18 0
1 1 3
1 8 0
0 18 0
0 18 0
1 19 0
0 1 0
1 6 0
0 11 0
1 15 1
0 13 0
1 13 0
0 20 1
1 3 1
0 12 0
0 8 1
0 7 0
1 12 0
1 1 0
1 1 0
15
1 20 20
1 20 20
1 20 20
1 20 20
0 20 20
1 20 20
0 20 20
0 20 20
0 20 20
0 20 20
1 20 20
0 20 20
0 20 20
0 20 20
0 20 20
65
1 20 20
0 20 20
1 20 20
0 20 20
0 20 20
0 20 20
1 20 20
0 20 20
0 20 20
0 20 20
0 20 20
1 20 20
0 20 20
0 20 20
0 20 20
1 20 20
0 20 20
0 20 20
0 20 20
1 20 20
1 20 20
1 20 20
1 20 20
0 20 20
1 20 20
0 20 20
1 20 20
0 20 20
0 20 20
1 20 20
1 20 20
1 20 20
0 20 20
1 20 20
1 20 20
1 20 20
1 20 20
0 20 20
0 20 20
1 20 20
1 20 20
0 20 20
0 20 20
1 20 20
1 20 20
1 20 20
0 20 20
1 20 20
1 20 20
0 20 20
1 20 20
0 20 20
0 20 20
1 20 20
0 20 20
1 20 20
0 20 20
1 20 20
0 20 20
0 20 20
1 20 20
1 20 20
0 20 20
1 20 20
1 20 20
38
1 11 0
0 1 2
0 2 0
1 8 0
0 11 1
0 18 1
0 7 0
0 15 0
1 14 0
1 4 0
0 19 0
0 15 0
0 20 0
1 10 0
1 7 0
1 11 0
0 20 0
0 11 0
1 4 0
1 10 0
1 10 0
0 4 0
1 13 0
0 15 0
1 8 1
1 15 0
1 4 0
0 10 1
1 19 0
0 2 0
0 9 0
1 4 0
0 7 0
1 1 0
0 10 1
1 0 0
0 19 0
1 17 0
42
1 19 0
0 10 0
0 15 0
0 9 0
1 16 0
1 20 0
0 5 0
0 5 0
1 13 0
0 3 0
1 11 0
0 4 0
1 15 0
0 4 0
0 4 0
0 12 0
0 13 0
1 14 1
1 1 0
1 12 2
1 4 0
0 10 0
0 6 0
1 6 0
1 0 0
0 17 0
1 12 0
0 8 0
1 9 0
1 20 0
1 3 1
1 4 0
0 8 0
1 9 0
1 12 0
1 3 0
1 9 0
1 20 1
1 13 0
0 18 0
1 19 0
0 3 0
11
0 18 0
1 5 0
1 11 2
0 15 1
1 10 0
1 15 0
1 16 0
0 2 1
0 13 1
0 6 1
0 13 1
69
1 3 0
0 8 0
0 3 1
0 19 0
1 16 1
0 14 0
0 9 0
0 12 0
1 1 1
1 12 0
0 12 1
1 4 0
1 11 0
0 14 1
0 13 2
0 3 1
0 11 0
1 11 0
0 18 1
1 6 0
0 9 2
1 3 0
1 4 0
0 13 0
1 4 0
1 10 0
0 4 0
1 4 0
1 0 0
1 8 0
1 5 0
1 16 0
0 9 1
0 2 0
0 11 0
0 15 0
0 20 1
0 20 1
0 3 0
0 4 0
0 7 0
0 0 0
0 7 0
0 20 0
0 17 0
1 1 1
1 10 0
0 13 1
1 5 0
1 2 1
0 20 0
1 8 0
0 6 0
1 19 0
0 9 0
1 11 0
1 7 0
0 1 0
1 10 0
0 12 1
1 12 0
0 12 0
1 4 0
0 10 0
0 14 0
0 2 0
0 5 0
1 17 0
0 5 0
61
0 18 0
0 12 1
0 17 0
0 5 0
1 19 0
1 20 0
1 12 0
0 5 0
0 2 0
1 18 0
0 7 0
1 18 1
0 15 0
1 5 0
0 0 0
0 18 0
1 10 0
1 16 0
0 11 0
0 9 0
1 16 0
1 9 3
0 8 0
0 6 0
0 3 0
0 17 2
1 7 0
0 1 1
0 11 0
0 7 0
0 12 0
1 14 0
1 19 0
1 19 0
1 2 0
0 16 0
1 18 1
0 17 1
0 3 0
0 1 2
0 14 0
0 4 0
1 7 0
0 10 0
1 14 0
0 10 0
1 9 0
1 4 0
0 8 0
0 3 0
0 2 1
0 2 1
1 9 0
0 12 0
1 5 0
0 3 0
1 18 0
0 7 2
1 9 0
1 5 0
1 17 0
19
1 12 0
1 2 0
0 18 0
1 15 0
0 20 1
1 13 0
0 10 0
0 5 0
0 15 0
0 9 0
0 13 1
0 2 0
0 18 0
1 18 0
0 20 0
1 19 0
0 18 2
0 2 0
1 12 0
22
1 17 0
0 14 0
1 4 0
0 9 0
0 12 1
0 9 0
1 3 1
0 6 0
0 16 0
0 1 0
1 5 0
1 19 0
1 12 0
1 17 0
0 11 0
1 8 0
0 14 1
0 12 0
0 5 0
1 9 0
0 13 0
0 8 1
58
0 6 0
0 20 0
1 3 0
1 5 1
1 2 0
0 15 0
1 16 0
0 19 0
0 6 1
1 20 0
0 15 0
0 13 0
0 5 0
1 0 0
1 5 0
0 10 0
0 6 0
1 6 0
1 14 0
0 7 0
0 18 0
0 2 0
1 15 0
0 16 0
0 8 0
0 13 0
1 5 0
0 9 0
0 20 0
0 19 0
0 16 0
0 20 1
1 3 0
1 9 0
0 0 0
1 16 0
0 2 0
1 10 0
0 17 1
0 12 0
0 5 0
1 19 0
0 20 0
0 9 1
1 15 0
1 20 0
1 6 0
0 17 0
0 9 0
0 7 0
0 18 0
0 0 3
0 18 0
1 20 1
0 14 0
0 6 1
1 16 2
1 7 0
20
0 20 20
1 20 20
1 20 20
1 20 20
1 20 20
0 20 20
1 20 20
0 20 20
1 20 20
1 20 20
1 20 20
1 20 20
0 20 20
1 20 20
0 20 20
1 20 20
0 20 20
1 20 20
0 20 20
0 20 20
60
1 20 20
0 20 20
1 20 20
1 20 20
1 20 20
1 20 20
1 20 20
1 20 20
0 20 20
0 20 20
0 20 20
1 20 20
0 20 20
1 20 20
1 20 20
1 20 20
0 20 20
0 20 20
1 20 20
1 20 20
1 20 20
0 20 20
0 20 20
0 20 20
1 20 20
0 20 20
0 20 20
1 20 20
1 20 20
1 20 20
1 20 20
0 20 20
1 20 20
1 20 20
0 20 20
1 20 20
1 20 20
1 20 20
1 20 20
0 20 20
0 20 20
1 20 20
1 20 20
0 20 20
0 20 20
1 20 20
0 20 20
1 20 20
0 20 20
0 20 20
1 20 20
1 20 20
1 20 20
1 20 20
0 20 20
1 20 20
0 20 20
1 20 20
0 20 20
0 20 20
62
0 19 0
1 7 0
0 19 0
0 17 0
1 1 0
0 20 0
1 0 1
0 1 0
1 13 0
1 19 0
0 16 0
1 11 0
1 10 1
1 10 0
1 15 0
0 4 0
0 11 0
0 9 0
1 12 0
0 11 0
0 8 0
0 3 0
0 1 0
0 0 0
0 6 0
0 12 0
1 14 0
1 7 1
1 2 0
1 4 0
0 17 1
1 14 1
1 9 0
0 14 1
1 10 0
0 7 0
0 10 0
0 2 0
1 18 0
1 7 0
0 18 0
1 15 0
1 10 0
0 20 0
1 3 0
1 9 0
0 13 0
0 3 0
1 1 1
0 12 0
1 8 0
1 8 0
1 11 0
1 19 0
0 10 0
0 4 1
1 19 3
0 20 0
1 16 0
0 5 1
1 0 0
0 3 0
18
0 3 0
0 17 0
1 10 0
0 20 0
1 0 0
0 15 1
1 20 0
1 12 0
0 7 0
1 13 0
0 13 0
1 2 0
0 6 0
0 17 0
1 0 0
0 19 0
0 0 0
1 11 0
80
0 1 1
1 5 0
0 0 1
1 20 0
1 19 0
1 18 0
0 17 1
0 5 0
0 8 0
1 8 0
1 20 1
1 12 0
0 10 0
0 10 0
1 7 0
1 1 0
0 0 0
0 3 2
0 11 0
1 13 0
0 5 0
1 10 0
1 9 0
1 20 0
1 16 0
0 5 2
1 9 0
1 12 1
1 17 1
0 1 0
0 12 0
1 10 0
0 6 0
1 6 2
0 0 0
1 20 0
0 6 0
0 0 0
0 17 0
0 12 0
0 8 0
1 5 0
0 14 1
1 0 1
1 13 1
0 6 0
1 9 0
0 8 0
1 18 0
0 17 0
0 17 0
1 4 0
0 12 0
0 17 0
0 4 0
1 4 0
0 14 0
1 13 0
1 16 0
0 4 0
1 10 0
0 13 0
1 1 0
0 13 0
1 8 0
1 6 0
1 15 0
1 14 0
0 2 1
0 5 0
0 20 0
0 7 0
0 10 1
0 9 1
1 5 0
1 9 1
0 1 0
0 3 0
1 0 0
1 1 0
0
26
0 6 0
0 19 0
0 1 0
0 11 0
1 10 0
0 0 0
1 4 0
1 2 0
0 13 0
1 13 0
1 18 0
1 6 0
1 14 0
1 15 0
0 4 0
1 3 0
0 5 2
1 1 0
0 8 0
1 13 0
1 20 1
0 2 0
1 8 0
1 0 0
0 11 0
0 0 2
54
1 13 0
1 8 0
0 20 0
1 0 0
1 12 0
0 19 0
0 5 0
0 11 2
1 20 0
1 15 0
0 4 0
0 2 0
0 7 0
0 9 0
0 5 0
1 2 0
0 10 0
0 2 0
1 12 0
0 5 0
1 8 0
0 3 0
1 14 0
0 11 0
0 20 0
0 19 0
0 10 0
0 17 0
0 1 0
0 15 0
1 5 1
0 15 1
0 19 0
0 14 0
0 0 0
0 4 0
0 14 1
0 15 1
1 16 2
1 1 0
0 20 0
1 5 0
0 3 0
0 14 0
0 10 0
0 17 0
1 20 1
0 6 1
0 3 0
0 0 0
1 13 0
0 20 0
1 11 0
1 9 0
10
1 20 20
1 20 20
1 20 20
1 20 20
1 20 20
1 20 20
1 20 20
1 20 20
1 20 20
1 20 20
70
1 20 0
1 20 0
1 20 0
1 20 0
1 20 0
1 20 0
1 20 0
1 20 0
1 20 0
1 20 0
1 20 0
1 20 0
1 20 0
1 20 0
1 20 0
1 20 0
1 20 0
1 20 0
1 20 0
1 20 0
1 20 0
1 20 0
1 20 0
1 20 0
1 20 0
1 20 0
1 20 0
1 20 0
1 20 0
1 20 0
1 20 0
1 20 0
1 20 0
1 20 0
1 20 0
1 20 0
1 20 0
1 20 0
1 20 0
1 20 0
1 20 0
1 20 0
1 20 0
1 20 0
1 20 0
1 20 0
1 20 0
1 20 0
1 20 0
1 20 0
1 20 0
1 20 0
1 20 0
1 20 0
1 20 0
1 20 0
1 20 0
1 20 0
1 20 0
1 20 0
1 20 0
1 20 0
1 20 0
1 20 0
1 20 0
1 20 0
1 20 0
1 20 0
1 20 0
1 20 0
