104
49853 4
49037 162
49984 2
50011 9
49758 18
50161 54
50996 54
50199 4
50322 3
49997 1
49996 6
50366 18
49920 2
50149 24
49832 54
49953 54
50331 3
50406 18
50204 36
53682 162
50825 12
49629 162
50355 27
49731 24
50113 12
49941 27
49751 108
49917 3
49989 3
50239 6
51969 9
50010 4
49203 24
49854 6
49593 36
51177 162
50000 1
50315 4
48923 18
50425 3
49521 9
49337 108
49926 2
49767 54
49936 6
49482 18
49869 12
49861 3
50546 54
50106 18
51009 6
49493 12
49824 27
49710 9
49675 81
50028 2
50923 6
50401 9
49882 12
50022 2
49403 72
50388 6
49781 4
50374 9
49353 9
49493 54
49860 6
50212 6
49996 18
51123 12
52332 162
49803 27
50145 81
49885 54
50558 3
49596 54
50003 1
49905 8
50034 18
49981 24
50146 18
49883 6
49757 12
49980 3
50247 18
49321 18
50200 54
49804 27
49993 12
49867 8
50181 6
49922 18
49948 2
49918 6
49998 4
49984 9
49904 6
50241 48
50159 24
49965 36
49971 16
49389 18
50088 54
49804 6
