158
49953 12
49553 6
50563 6
50393 2
49255 9
46667 27
43604 54
49887 54
49863 3
49981 2
48419 18
48460 48
49923 3
50019 3
49603 6
46659 27
49561 54
48919 27
46033 36
49929 18
49204 12
48949 12
50641 54
50010 6
49091 54
50644 6
49805 36
49953 18
49237 36
48293 18
50024 36
47799 27
49567 9
48725 54
48933 12
47579 12
49997 1
49805 24
49851 18
50413 18
48205 162
49885 18
49379 9
49769 18
48497 18
47309 216
49444 108
49397 54
49905 48
49495 72
49877 6
49503 4
49141 54
41959 216
49281 72
51407 9
49564 6
50665 54
49693 3
48694 36
49529 2
49954 2
49543 9
47141 81
48557 24
48628 36
49649 8
49711 24
49445 36
49861 9
49935 2
49635 9
49300 6
48985 18
46913 216
49081 108
50007 18
45009 432
47402 324
50641 36
48377 54
50380 12
46703 72
49555 12
50324 2
49915 72
49959 9
48783 108
47697 216
50001 1
50025 3
49757 24
50779 3
50249 36
49468 12
49723 9
48309 108
47053 162
47505 36
49849 2
49145 9
48225 216
49357 27
47921 72
46367 96
50029 6
49328 12
49777 72
48805 18
48803 81
48663 12
50013 3
49453 18
48241 27
49592 18
49678 36
50587 6
49999 1
49717 6
48885 3
49697 6
45784 108
48797 8
50421 18
49906 4
48637 18
49069 24
49564 12
49191 6
48178 18
49819 36
49199 9
49973 2
48913 32
50015 9
48067 162
49525 9
49429 6
49632 12
49613 4
49901 2
47361 9
49675 4
43273 432
49922 4
49911 27
48703 27
47443 36
49489 3
49689 16
48627 81
49405 6
48745 16
49477 3
49489 54
49345 54
49379 8
49485 6
