102
49498 48
49102 36
49598 16
49762 3
49980 2
49516 6
49978 8
49449 18
50002 1
49910 2
49505 12
48453 36
49912 3
45509 162
49995 2
49600 16
49507 16
49275 16
50095 18
49876 4
49740 6
49923 4
44243 162
50106 6
49935 6
49659 8
49782 12
49865 12
49884 2
49868 4
49041 48
49939 3
49021 32
49601 12
49886 4
50092 18
49469 8
49897 3
43555 288
49956 6
49198 6
50050 4
49573 9
49840 6
49205 12
49944 4
50413 12
37201 486
50105 4
49862 18
47627 96
50443 12
48971 24
50680 3
50288 2
49985 2
48976 18
49608 24
49920 2
49766 6
49802 8
49933 6
47725 36
50437 8
49807 6
47492 54
49484 24
50332 12
49991 3
49410 12
49806 6
50003 1
49599 8
49066 18
50570 3
49831 2
47893 54
49943 4
49997 1
49848 4
49447 36
49163 24
49978 2
49690 6
49555 18
49695 12
49531 12
50073 8
48975 24
49254 12
48315 54
49913 4
49150 12
49841 8
50365 9
49777 2
49039 6
49829 2
49597 6
47797 144
47980 108
47815 64
