167
49997 1
49736 3
50049 9
50267 12
51327 4
49823 12
49998 1
49637 6
45032 144
50981 9
49974 2
49704 8
49331 12
48582 18
48747 108
49460 18
50921 8
49941 24
49961 12
50243 2
49046 72
50049 4
48653 144
50406 6
50011 6
48869 24
54875 216
49936 8
49969 18
50175 4
49972 2
48870 54
48045 72
50765 24
49976 6
52815 216
47535 27
49065 36
50088 6
50879 108
50875 6
51943 48
49071 12
49305 36
50616 6
50908 6
49953 3
50383 2
49813 6
49999 1
49959 4
49919 36
49744 6
47212 216
47380 162
49131 36
50298 24
49971 8
50013 36
49765 24
49661 24
48270 9
49767 18
49248 12
49983 2
47773 72
49138 48
49906 6
49834 48
48863 27
46612 108
47970 48
49608 54
49499 36
49800 18
50046 2
49483 12
49249 8
52421 108
50595 36
50961 9
49626 3
49989 6
48408 12
49848 12
51251 72
48814 72
49991 12
48335 36
49870 12
48780 18
48723 12
49271 24
49793 6
49792 18
52970 18
48788 54
48606 36
50779 24
50042 2
50313 6
49944 4
49602 12
49869 2
48614 36
50433 36
49657 32
50509 4
50035 12
47970 96
48141 72
48189 72
49636 16
49946 162
50180 4
49421 18
50167 6
50692 6
49632 36
49838 12
50443 72
49770 6
49545 24
50001 18
49491 9
48564 144
48902 36
49886 24
49166 6
49937 4
49690 2
53198 18
49891 24
49777 6
49088 18
49029 18
50208 18
49761 4
46853 192
48924 18
50045 6
49506 12
49895 12
46501 192
49900 6
49567 48
49840 6
49964 3
49954 6
49961 3
49782 4
49873 36
49247 9
50157 3
49688 2
48661 96
49688 16
50044 2
50307 72
50999 12
49881 8
49432 4
50930 24
48987 108
49239 6
49814 18
52016 72
