106
50561 3
49039 27
49967 3
49971 2
49829 9
47211 18
50003 1
49883 2
49095 18
49819 6
49131 18
50567 3
49297 18
49547 12
49696 18
48503 18
49991 2
50219 6
50080 2
48944 108
49955 4
50011 12
49076 36
48425 54
44703 243
49501 24
49127 36
49611 12
49311 6
49997 1
48699 27
49683 24
49808 12
49624 24
49774 2
48753 72
49807 9
49863 6
50088 2
49835 2
49451 18
48624 6
49458 36
49876 6
48343 81
50834 6
49287 3
49465 6
49179 6
49539 12
49961 3
49771 12
48642 72
49887 4
48941 24
47017 48
49907 6
50445 4
49658 54
49393 27
47901 36
49951 2
49603 4
49659 8
49896 12
46157 144
47905 54
49782 2
48505 36
49699 12
48424 72
49967 2
48987 36
46487 144
49633 2
49999 1
48692 72
48749 81
49946 18
49155 16
49897 3
49038 12
49651 12
49631 6
49557 9
49955 3
49227 18
49807 6
48999 18
49671 6
49180 18
49792 6
49502 12
49621 18
47631 54
49879 2
48251 54
48771 36
49542 6
49816 6
47999 36
48475 36
48259 72
48038 36
46883 108
39182 486
