153
2 7
18 21
16 20
10 11
16 15
15 17
9 17
15 16
16 17
15 14
6 9
2 20
8 11
4 12
5 9
10 21
8 23
15 12
2 13
20 12
17 5
1 15
11 20
2 14
2 18
20 17
20 21
17 17
20 4
18 12
10 18
18 17
5 15
5 22
9 11
4 16
10 20
16 3
6 17
9 16
18 18
9 4
10 1
5 7
2 22
16 18
15 15
9 12
17 23
11 16
4 13
9 5
20 14
15 1
15 20
4 17
10 14
20 22
5 20
18 23
12 7
6 16
9 20
20 1
5 1
6 1
5 5
5 17
10 9
12 17
1 9
18 22
16 16
15 11
15 22
16 4
6 15
2 21
2 11
18 14
16 22
10 5
6 14
11 23
1 7
6 12
1 12
6 20
2 12
6 23
20 5
1 16
10 3
11 4
16 11
18 16
6 4
18 3
5 4
15 13
10 23
10 4
8 5
17 20
17 11
12 18
8 20
10 13
8 1
11 22
4 14
12 13
4 7
2 9
10 12
16 9
6 7
20 20
2 17
18 9
16 1
1 18
18 5
1 3
17 1
5 11
2 4
8 22
12 16
2 16
11 17
5 13
12 3
17 16
15 18
9 14
17 14
18 7
1 13
4 18
10 17
20 11
12 12
16 5
2 5
5 18
20 23
8 17
2 23
5 12
17 21
8 16
5 23
