100
40341 4874
31713 3462
26918 12927
37951 2484
63494 10726
47719 1756
46841 27867
32394 2100
37488 5285
73428 9766
44343 17752
63094 15501
23701 9026
70236 20226
23374 5316
72514 1371
78464 2518
38057 5330
63494 11404
63516 44
36068 13686
43132 3709
26918 7815
82810 4691
55062 25296
73428 7614
73428 17284
31103 8370
42265 4576
42050 13166
29462 23595
54893 29103
64583 2178
26918 17844
48078 13272
49962 6242
73428 13624
35689 666
35887 1580
38541 13302
70468 3487
39649 14384
38089 8752
37116 13076
36844 1377
51663 28404
30374 6140
53024 9790
73428 11822
26918 9502
38151 8052
40957 5490
73428 15510
26918 14532
48981 8127
35710 15888
63494 12688
69711 18651
63494 13044
53159 23901
30192 22500
46841 27384
44616 288
30302 22335
27067 298
68050 2278
59795 11097
44721 2120
49432 7994
37099 9742
41182 25365
27227 8240
40003 9072
37605 4878
32597 847
40590 9204
40834 2179
41469 24075
44286 2555
52378 21558
32330 3342
30580 2147
30396 1739
26918 18604
26699 20235
47466 6822
34895 3252
21954 7446
66322 10659
29764 7360
39488 14706
45157 4509
41903 27528
43062 28854
43602 16270
42367 14460
34735 3012
16009 19458
71000 3642
31481 1963
