99
55825 190
71231 7893
46560 17770
49118 10833
39288 23001
42081 8304
44841 24888
59627 172
32757 18278
23 3
91723 9755
23 1
23380 9258
79146 17352
38732 1582
56037 9746
31621 12744
66525 3159
72848 14475
34612 2991
51488 7914
50686 8790
72652 1317
44189 11466
37787 18498
54359 17854
40787 2218
68109 26478
75577 6728
39751 12195
61419 2136
77224 21039
41896 5934
36872 981
67177 5866
62028 585
53731 2571
75486 18432
55445 1914
65707 5131
56684 7797
61782 7497
47882 15316
51340 14166
24289 7332
60823 11390
47133 6075
79427 14428
66944 1268
53111 16566
62585 1651
40239 3694
43391 11770
58199 14014
40503 1979
55445 12060
31621 291
55469 23187
36347 11098
19847 11774
60924 1641
62374 13858
23 5
58152 5046
67578 5056
56197 1504
67578 8730
57759 19638
51307 14762
70795 1418
67871 293
82413 5100
64926 3456
67578 20352
70003 2210
58842 26208
59283 16851
59195 13018
58956 981
41896 3331
72309 288
64010 1624
34606 14580
41450 9829
46080 4184
49791 19869
49326 6936
67578 714
43859 7314
74015 6437
41265 7080
59283 27183
56601 1341
81880 21453
42301 10680
45437 20724
43859 17379
62494 2112
81932 28101
