101
57976 677
46672 11304
26768 13358
39756 16360
27155 6948
76730 9377
40126 21966
63525 3118
60407 7383
78097 8238
31265 2838
48109 15948
66257 5850
60407 2642
58371 28026
34721 9501
55034 5373
23778 16348
19017 9370
67360 6953
40126 15086
28387 4246
53007 18904
51229 4392
49029 10128
40126 15459
23606 16520
49127 98
41833 11592
77362 7503
34103 90
42344 13370
66581 17210
43025 14733
42298 5638
49338 8174
47936 14700
44823 17204
58956 490
64113 3706
51106 27903
21996 6391
40126 100
14299 7044
20956 19170
39964 15944
51521 3808
51490 7383
40609 4210
15245 28287
49029 10032
53769 4740
48977 7437
57976 1024
66239 8748
40126 7588
43564 9861
79263 28284
18323 7890
17849 24381
38506 29205
34423 18108
47361 575
57963 8934
51253 2224
43993 11829
70627 8601
28387 19586
49413 15310
47936 25101
42228 5708
47285 28347
53381 44
61 1
56628 3779
47744 5116
45661 23292
39276 8660
44150 7572
63179 4877
38354 19622
59132 2312
51434 26919
37099 5965
46708 2456
40126 14674
48508 12573
28387 6534
41164 15730
33877 113
34103 4861
69859 15048
47533 6715
14687 6850
51371 2054
44364 20418
69859 2860
48298 4839
43336 4815
28387 3431
33728 16023
