1000
51 1555
51 1033
51 1018
51 1746
51 1750
51 1480
51 1232
51 1679
51 1805
51 32
51 327
51 1084
51 1952
51 1059
51 135
51 322
51 432
51 958
51 994
51 848
51 474
51 1027
51 106
51 1368
51 575
51 1152
51 173
51 211
51 1295
51 420
51 1211
51 867
51 1140
51 1897
51 418
51 1665
51 683
51 486
51 1198
51 1592
51 1076
51 1230
51 1851
51 289
51 831
51 720
51 252
51 519
51 1908
51 1598
51 522
51 1873
51 470
51 907
51 231
51 381
51 1691
51 636
51 686
51 917
51 703
51 1960
51 1907
51 3
51 1937
51 602
51 1631
51 271
51 1118
51 1881
51 1393
51 299
51 1047
51 1933
51 1807
51 934
51 132
51 1183
51 585
51 600
51 1164
51 1864
51 800
51 825
51 1795
51 962
51 1415
51 16
51 1086
51 995
51 1339
51 220
51 806
51 768
51 282
51 737
51 1153
51 1485
51 620
51 1207
51 1062
51 1250
51 1755
51 843
51 447
51 357
51 638
51 77
51 537
51 1982
51 1486
51 1958
51 1437
51 697
51 732
51 49
51 865
51 1227
51 1737
51 222
51 656
51 1672
51 674
51 1098
51 615
51 48
51 941
51 1603
51 892
51 1398
51 336
51 653
51 883
51 96
51 1431
51 1775
51 1348
51 1301
51 1544
51 406
51 31
51 1383
51 350
51 1488
51 563
51 1696
51 144
51 1234
51 129
51 1345
51 609
51 1760
51 489
51 1495
51 1619
51 572
51 1170
51 969
51 368
51 1324
51 1297
51 471
51 930
51 503
51 1912
51 1162
51 869
51 1272
51 2000
51 586
51 803
51 1071
51 927
51 1609
51 812
51 1801
51 1484
51 920
51 1481
51 879
51 1538
51 582
51 949
51 328
51 438
51 1357
51 787
51 1181
51 1296
51 1714
51 21
51 721
51 1620
51 1241
51 1145
51 349
51 1664
51 1730
51 1430
51 1262
51 1173
51 617
51 1568
51 372
51 815
51 1681
51 849
51 363
51 202
51 1350
51 39
51 889
51 1993
51 839
51 1915
51 603
51 852
51 1040
51 844
51 1678
51 700
51 421
51 1274
51 649
51 1304
51 1829
51 1978
51 323
51 1728
51 1876
51 835
51 569
51 445
51 1849
51 951
51 511
51 1955
51 1867
51 1922
51 959
51 1081
51 1854
51 1044
51 264
51 1548
51 1323
51 1461
51 672
51 182
51 1971
51 37
51 1508
51 1139
51 1552
51 1773
51 1003
51 1332
51 1186
51 50
51 1833
51 1585
51 1804
51 94
51 1611
51 1862
51 529
51 1306
51 1120
51 1535
51 1408
51 226
51 1030
51 536
51 1017
51 970
51 269
51 341
51 448
51 629
51 525
51 1058
51 702
51 1635
51 287
51 770
51 1096
51 538
51 1119
51 543
51 1319
51 1409
51 1980
51 229
51 1444
51 150
51 206
51 1051
51 533
51 1122
51 1387
51 1964
51 1709
51 924
51 454
51 1547
51 1054
51 399
51 1983
51 1586
51 1558
51 1115
51 596
51 747
51 895
51 953
51 983
51 580
51 618
51 185
51 5
51 1789
51 1101
51 512
51 1221
51 1819
51 1970
51 695
51 388
51 127
51 1121
51 729
51 1732
51 1607
51 1625
51 148
51 731
51 1330
51 1102
51 1656
51 1134
51 651
51 1225
51 1532
51 384
51 45
51 1114
51 408
51 1727
51 93
51 765
51 758
51 546
51 1924
51 933
51 413
51 87
51 90
51 117
51 254
51 1550
51 1087
51 390
51 611
51 1904
51 378
51 141
51 1428
51 1245
51 1880
51 1909
51 1561
51 1432
51 726
51 982
51 1093
51 1053
51 694
51 465
51 699
51 693
51 1039
51 233
51 1981
51 1946
51 1573
51 1154
51 137
51 462
51 1069
51 1340
51 1511
51 1974
51 1927
51 1458
51 1507
51 1125
51 1930
51 566
51 1435
51 1032
51 326
51 1000
51 1906
51 1962
51 1869
51 1985
51 739
51 163
51 1856
51 63
51 1203
51 1127
51 1283
51 568
51 1325
51 451
51 521
51 1165
51 554
51 1191
51 1815
51 1968
51 981
51 1934
51 310
51 1031
51 404
51 871
51 187
51 1354
51 1699
51 1688
51 1271
51 1817
51 1514
51 1344
51 680
51 392
51 120
51 1917
51 177
51 309
51 773
51 366
51 1284
51 84
51 716
51 614
51 1584
51 244
51 1859
51 1180
51 991
51 71
51 1991
51 631
51 1263
51 1238
51 119
51 1497
51 468
51 316
51 762
51 1106
51 594
51 78
51 1376
51 455
51 884
51 1515
51 1640
51 422
51 374
51 1363
51 416
51 863
51 1331
51 918
51 274
51 1491
51 1113
51 1338
51 1453
51 54
51 987
51 70
51 1334
51 685
51 1200
51 914
51 909
51 1215
51 1837
51 10
51 216
51 1601
51 457
51 342
51 23
51 1929
51 1337
51 118
51 692
51 247
51 1061
51 1487
51 531
51 866
51 1380
51 1935
51 424
51 1676
51 1366
51 845
51 626
51 1928
51 108
51 1168
51 559
51 1972
51 1460
51 473
51 1720
51 249
51 838
51 898
51 1457
51 807
51 446
51 880
51 1365
51 1419
51 292
51 1542
51 989
51 1987
51 1133
51 641
51 1780
51 1821
51 1950
51 1559
51 1841
51 707
51 1231
51 1004
51 26
51 832
51 528
51 1065
51 853
51 280
51 1578
51 257
51 717
51 1088
51 925
51 1772
51 777
51 76
51 755
51 1705
51 1073
51 315
51 164
51 1992
51 208
51 766
51 1046
51 794
51 180
51 215
51 1135
51 968
51 1657
51 1182
51 1627
51 1500
51 1505
51 1831
51 1253
51 1131
51 1294
51 1692
51 1163
51 842
51 506
51 1534
51 1038
51 607
51 304
51 578
51 893
51 1242
51 1617
51 1083
51 905
51 102
51 1733
51 151
51 1861
51 1459
51 1693
51 783
51 1634
51 401
51 1729
51 598
51 1427
51 1280
51 1595
51 801
51 1463
51 846
51 1655
51 854
51 1639
51 109
51 1648
51 89
51 1190
51 1524
51 295
51 876
51 544
51 223
51 1258
51 1997
51 232
51 532
51 380
51 605
51 514
51 1320
51 313
51 428
51 1492
51 1420
51 913
51 1527
51 661
51 1285
51 1884
51 1999
51 1883
51 1513
51 1391
51 1835
51 1830
51 283
51 1871
51 396
51 964
51 488
51 210
51 1184
51 1392
51 1567
51 583
51 1066
51 1759
51 340
51 125
51 92
51 1921
51 1938
51 1209
51 277
51 1226
51 1877
51 1175
51 501
51 589
51 267
51 881
51 1967
51 255
51 1763
51 1562
51 306
51 874
51 1412
51 793
51 1099
51 1090
51 1812
51 311
51 154
51 1149
51 1390
51 1429
51 353
51 1043
51 161
51 733
51 1300
51 1959
51 115
51 1965
51 974
51 743
51 622
51 1222
51 644
51 1761
51 902
51 1218
51 1749
51 1441
51 28
51 1229
51 804
51 1362
51 741
51 111
51 1716
51 757
51 1089
51 1828
51 385
51 1329
51 1307
51 291
51 1824
51 1722
51 331
51 1989
51 1068
51 530
51 1364
51 1401
51 239
51 750
51 665
51 517
51 1984
51 36
51 284
51 1587
51 908
51 1414
51 827
51 1451
51 1439
51 1314
51 494
51 1581
51 637
51 2
51 555
51 790
51 1670
51 34
51 1546
51 175
51 711
51 188
51 476
51 1281
51 1445
51 176
51 782
51 302
51 174
51 278
51 613
51 80
51 1725
51 673
51 1
51 1782
51 1117
51 482
51 886
51 1945
51 961
51 1433
51 308
51 1078
51 1905
51 1577
51 805
51 360
51 300
51 410
51 797
51 266
51 497
51 587
51 73
51 443
51 684
51 965
51 936
51 659
51 1077
51 1379
51 691
51 595
51 516
51 44
51 1754
51 334
51 1715
51 1228
51 610
51 1695
51 1872
51 513
51 1402
51 993
51 1894
51 967
51 1774
51 1423
51 1605
51 1212
51 1259
51 307
51 1718
51 947
51 1502
51 1787
51 1998
51 570
51 7
51 402
51 1400
51 60
51 813
51 850
51 1814
51 183
51 1762
51 986
51 1317
51 450
51 1796
51 367
51 22
51 1642
51 405
51 1898
51 738
51 1312
51 1498
51 1468
51 1146
51 259
51 1292
51 1549
51 1477
51 195
51 1310
51 581
51 344
51 634
51 1287
51 168
51 9
51 997
51 1024
51 1566
51 1843
51 1224
51 1399
51 1645
51 24
51 882
51 998
51 1311
51 792
51 802
51 1478
51 1717
51 1885
51 1464
51 567
51 1956
51 921
51 619
51 552
51 1160
51 352
51 1130
51 15
51 1138
51 816
51 1842
51 1674
51 17
51 1658
51 359
51 1169
51 1698
51 481
51 472
51 260
51 984
51 1421
51 143
51 834
51 230
51 1356
51 833
51 1195
51 1890
51 1848
51 978
51 725
51 262
51 1868
51 1612
51 950
51 107
51 523
51 1723
51 754
51 591
51 1206
51 1009
51 355
51 1599
51 789
51 1273
51 1416
51 1052
51 1343
51 972
51 1809
51 172
51 270
51 1279
51 425
51 1825
51 407
51 153
51 64
51 228
51 1418
51 1049
51 1887
51 43
51 485
51 1719
51 1704
51 1953
51 1023
51 20
51 690
51 47
51 361
51 588
51 426
51 1747
51 1123
51 53
51 1668
51 526
51 1911
51 1042
51 1005
51 1570
51 1144
51 1179
51 935
51 51
51 191
51 1305
51 1410
51 724
51 1554
51 1797
51 178
51 1359
51 429
51 110
51 1358
51 35
51 973
51 534
51 343
51 170
51 1244
51 1865
51 1426
51 1701
51 646
51 1075
51 809
51 1288
51 68
51 1711
51 1147
51 1378
51 1025
51 1371
51 1476
51 1303
51 1496
