161
49177 144
49853 24
50687 6
50134 3
49941 12
49954 2
50047 24
51259 24
51025 6
55750 216
49854 72
49939 4
48865 12
49928 24
50541 12
50194 6
49897 2
49854 2
48960 36
47341 48
47442 9
48523 144
47737 24
49282 24
49511 4
49054 36
50399 24
49801 2
52825 36
47822 108
50029 108
49234 24
43516 72
50466 36
49739 8
51012 36
50165 72
49983 4
49662 8
49417 8
50075 6
50309 4
49929 12
49678 6
50181 36
49449 48
49345 4
49547 8
49317 8
50378 16
48326 16
49510 4
50849 18
50141 18
50025 12
50225 72
48460 16
50006 4
49783 36
48514 8
49998 4
50024 8
42996 96
50024 2
50019 8
50779 12
50375 24
50455 4
50037 12
49957 8
50344 4
49468 8
50122 6
50459 24
49716 36
46075 48
51516 72
46195 48
49976 4
50731 54
48394 8
50174 36
50063 8
49815 4
50068 18
50069 6
50000 1
48768 72
49452 24
49855 24
49056 24
50077 4
50382 108
49480 3
49484 8
49992 12
48010 24
49807 4
49686 12
48327 48
50465 24
47890 24
50267 36
50845 6
49390 72
49302 6
50065 2
49872 4
49806 8
50203 12
50052 24
42450 324
49593 36
50063 6
49164 16
50233 24
50574 24
51178 36
50701 24
49861 12
50081 12
49999 1
49958 2
49486 3
48846 6
50005 2
49791 4
49998 1
48096 12
50745 144
48004 32
49541 18
49816 12
50314 24
50483 36
49195 144
51055 18
49781 16
49869 12
49693 18
49357 8
49020 8
49007 144
50009 2
50029 4
50188 24
50422 48
50629 54
49451 4
49780 6
51073 36
50045 8
49980 12
50085 4
50517 4
50016 12
50341 18
48837 16
50020 2
50007 2
49627 6
