1000
490 58
604 58
329 58
1696 58
1944 58
337 58
1368 58
1726 58
1700 58
433 58
87 58
618 58
388 58
398 58
1737 58
664 58
1975 58
1547 58
1097 58
1949 58
1316 58
1394 58
832 58
578 58
1789 58
1880 58
1754 58
1813 58
271 58
631 58
186 58
1007 58
97 58
1251 58
360 58
1835 58
1446 58
1327 58
1409 58
1293 58
952 58
35 58
1785 58
1749 58
968 58
1560 58
1330 58
1688 58
1892 58
295 58
1008 58
1025 58
1470 58
1580 58
568 58
304 58
1920 58
1100 58
1323 58
1333 58
1957 58
1145 58
1527 58
1037 58
1077 58
1074 58
845 58
1904 58
148 58
244 58
1479 58
553 58
1634 58
1584 58
1707 58
665 58
108 58
1321 58
687 58
767 58
526 58
470 58
1464 58
1695 58
945 58
220 58
1155 58
254 58
1978 58
960 58
261 58
1395 58
1765 58
683 58
1900 58
1223 58
704 58
1884 58
1604 58
1598 58
1123 58
1041 58
575 58
800 58
698 58
1054 58
1675 58
1693 58
587 58
389 58
905 58
1755 58
1387 58
44 58
1887 58
1673 58
1350 58
547 58
1068 58
1724 58
769 58
524 58
1867 58
135 58
1372 58
778 58
326 58
998 58
1209 58
1897 58
1719 58
1050 58
1515 58
1453 58
1779 58
1150 58
415 58
1797 58
629 58
828 58
1996 58
744 58
1671 58
25 58
99 58
1076 58
1883 58
1339 58
685 58
528 58
1640 58
1800 58
1704 58
119 58
1431 58
1463 58
1374 58
459 58
1113 58
501 58
637 58
241 58
1780 58
59 58
852 58
126 58
640 58
1561 58
787 58
1304 58
1690 58
584 58
1705 58
512 58
377 58
1594 58
1748 58
1689 58
1751 58
1260 58
532 58
24 58
1296 58
286 58
1816 58
1595 58
837 58
1079 58
559 58
201 58
390 58
1599 58
1257 58
695 58
1941 58
1195 58
1272 58
1062 58
949 58
1722 58
1888 58
177 58
1512 58
830 58
153 58
1210 58
1502 58
741 58
720 58
1529 58
957 58
1136 58
967 58
972 58
143 58
1057 58
1698 58
1486 58
1630 58
1987 58
1450 58
765 58
914 58
344 58
706 58
1206 58
814 58
1180 58
1454 58
627 58
1667 58
1961 58
1872 58
1544 58
658 58
810 58
975 58
9 58
493 58
274 58
1610 58
738 58
808 58
1298 58
1823 58
1516 58
1458 58
1403 58
1499 58
1099 58
1459 58
1247 58
1581 58
1605 58
347 58
655 58
1572 58
746 58
317 58
1739 58
781 58
27 58
1111 58
728 58
534 58
1347 58
1832 58
122 58
1167 58
1475 58
1834 58
1985 58
1478 58
32 58
1521 58
6 58
413 58
762 58
1314 58
1338 58
280 58
1805 58
296 58
116 58
1523 58
1295 58
146 58
1307 58
1457 58
1991 58
1792 58
1503 58
1842 58
625 58
763 58
488 58
1761 58
1683 58
1727 58
178 58
1017 58
392 58
1345 58
1262 58
1283 58
599 58
1715 58
676 58
679 58
1601 58
364 58
1462 58
1982 58
1117 58
1488 58
1828 58
682 58
1473 58
1655 58
1043 58
1791 58
117 58
1213 58
1738 58
1790 58
1046 58
1377 58
535 58
1343 58
401 58
1416 58
216 58
677 58
670 58
1181 58
562 58
1344 58
907 58
786 58
1352 58
937 58
469 58
1827 58
283 58
892 58
371 58
435 58
61 58
888 58
1854 58
1717 58
893 58
86 58
1506 58
776 58
187 58
1505 58
1822 58
1676 58
81 58
579 58
420 58
1575 58
842 58
1625 58
1965 58
1232 58
1392 58
1166 58
1701 58
1156 58
1619 58
173 58
1109 58
1052 58
1538 58
310 58
1509 58
448 58
1444 58
1224 58
233 58
1750 58
734 58
103 58
1266 58
701 58
966 58
1865 58
944 58
1110 58
443 58
1912 58
367 58
1165 58
464 58
156 58
1612 58
297 58
690 58
1006 58
922 58
70 58
1857 58
1086 58
511 58
1803 58
1003 58
757 58
1435 58
1273 58
1871 58
31 58
250 58
749 58
1353 58
331 58
930 58
1728 58
1107 58
557 58
1916 58
425 58
667 58
268 58
948 58
1633 58
1568 58
1234 58
372 58
1386 58
1860 58
697 58
1483 58
724 58
1972 58
668 58
1398 58
265 58
1371 58
441 58
1367 58
1519 58
1346 58
1931 58
1427 58
1413 58
1285 58
1906 58
938 58
1030 58
1443 58
1618 58
494 58
1615 58
1959 58
941 58
1818 58
721 58
1399 58
1259 58
659 58
211 58
222 58
149 58
1284 58
515 58
760 58
113 58
653 58
1434 58
1606 58
226 58
1764 58
804 58
848 58
1855 58
463 58
1423 58
1926 58
1613 58
162 58
5 58
674 58
291 58
207 58
1809 58
545 58
74 58
770 58
1742 58
235 58
1157 58
1953 58
1558 58
641 58
1341 58
737 58
1490 58
997 58
877 58
1848 58
1239 58
1684 58
236 58
385 58
1466 58
394 58
1856 58
1018 58
1879 58
538 58
1405 58
1607 58
1278 58
258 58
462 58
1773 58
137 58
628 58
1721 58
1624 58
1542 58
1550 58
909 58
1219 58
478 58
370 58
596 58
437 58
1812 58
1328 58
455 58
1500 58
1881 58
1361 58
711 58
1862 58
1445 58
883 58
1493 58
1844 58
1804 58
335 58
498 58
1522 58
37 58
1245 58
1674 58
564 58
1418 58
971 58
167 58
1201 58
1995 58
255 58
710 58
412 58
597 58
1886 58
141 58
1563 58
1412 58
959 58
1661 58
1539 58
873 58
1252 58
919 58
521 58
1861 58
1281 58
356 58
1158 58
1312 58
509 58
1532 58
703 58
1152 58
916 58
936 58
240 58
1467 58
118 58
1063 58
1585 58
1712 58
1811 58
1647 58
870 58
1979 58
281 58
1230 58
205 58
363 58
527 58
1545 58
451 58
1311 58
1315 58
1170 58
1313 58
1039 58
632 58
1302 58
939 58
131 58
1691 58
1365 58
886 58
620 58
752 58
382 58
110 58
416 58
82 58
1267 58
358 58
684 58
875 58
548 58
947 58
166 58
1976 58
1494 58
1824 58
1363 58
1441 58
821 58
518 58
1628 58
1102 58
163 58
1971 58
225 58
525 58
1507 58
396 58
1586 58
107 58
1169 58
38 58
144 58
29 58
592 58
1196 58
1126 58
1141 58
1407 58
1010 58
1999 58
824 58
1967 58
1763 58
1084 58
1142 58
1986 58
931 58
978 58
513 58
630 58
109 58
188 58
465 58
1012 58
209 58
565 58
85 58
1947 58
651 58
864 58
1340 58
850 58
196 58
313 58
316 58
68 58
588 58
1056 58
1120 58
635 58
1476 58
189 58
719 58
812 58
492 58
915 58
395 58
1070 58
169 58
1151 58
480 58
1498 58
542 58
341 58
980 58
1898 58
1520 58
346 58
926 58
179 58
332 58
793 58
825 58
17 58
140 58
357 58
308 58
125 58
1917 58
1663 58
1850 58
1868 58
93 58
485 58
482 58
826 58
1534 58
541 58
229 58
1829 58
1013 58
1622 58
1767 58
1621 58
943 58
98 58
1574 58
831 58
1885 58
1246 58
1774 58
1637 58
1116 58
1775 58
1053 58
1329 58
368 58
1160 58
1994 58
1851 58
1078 58
990 58
645 58
1271 58
1559 58
1045 58
408 58
1081 58
1172 58
560 58
750 58
1139 58
404 58
219 58
691 58
1540 58
1933 58
1569 58
1400 58
1670 58
884 58
69 58
878 58
277 58
1732 58
249 58
954 58
1114 58
320 58
1112 58
715 58
951 58
180 58
460 58
128 58
754 58
1658 58
191 58
446 58
120 58
1480 58
1820 58
1573 58
1105 58
1129 58
843 58
213 58
1685 58
1937 58
124 58
593 58
1469 58
1910 58
986 58
475 58
1825 58
846 58
1380 58
305 58
170 58
1088 58
1040 58
1777 58
898 58
275 58
266 58
1119 58
155 58
1137 58
1029 58
1253 58
756 58
298 58
1066 58
963 58
1020 58
147 58
841 58
1319 58
375 58
1263 58
369 58
504 58
47 58
1609 58
1042 58
964 58
802 58
381 58
350 58
847 58
1889 58
1382 58
293 58
33 58
1004 58
287 58
1336 58
342 58
1496 58
1537 58
1297 58
151 58
1551 58
181 58
969 58
442 58
1264 58
899 58
1636 58
1388 58
854 58
1864 58
1366 58
1562 58
551 58
60 58
1261 58
813 58
586 58
1104 58
1083 58
491 58
383 58
194 58
64 58
1177 58
352 58
290 58
1265 58
929 58
739 58
1787 58
707 58
1940 58
1660 58
1623 58
1451 58
1939 58
1993 58
702 58
913 58
1320 58
1322 58
1741 58
4 58
921 58
16 58
1997 58
1132 58
1781 58
92 58
1069 58
1514 58
1202 58
1907 58
80 58
572 58
1455 58
748 58
705 58
731 58
22 58
984 58
836 58
1747 58
1901 58
1592 58
801 58
506 58
663 58
615 58
1049 58
662 58
890 58
780 58
1677 58
818 58
1258 58
794 58
18 58
259 58
1968 58
1118 58
217 58
257 58
1354 58
203 58
343 58
1489 58
231 58
1837 58
1426 58
567 58
1309 58
973 58
881 58
1955 58
880 58
267 58
751 58
1175 58
78 58
1614 58
861 58
672 58
612 58
1762 58
591 58
1600 58
1555 58
1713 58
520 58
121 58
1378 58
700 58
1093 58
1055 58
1511 58
1525 58
260 58
378 58
507 58
1686 58
1187 58
1290 58
243 58
1557 58
228 58
1665 58
1543 58
1292 58
902 58
838 58
1460 58
1291 58
1035 58
531 58
387 58
708 58
251 58
1162 58
1287 58
246 58
115 58
1203 58
237 58
499 58
1570 58
1846 58
636 58
104 58
533 58
1973 58
1541 58
112 58
994 58
987 58
1666 58
