1000
56 27
37 61
24 25
64 65
12 44
62 7
24 34
7 49
24 42
53 32
34 35
56 35
31 26
44 24
4 25
16 34
54 44
31 29
55 51
58 27
43 42
41 65
42 4
44 59
54 27
43 36
15 20
64 42
5 32
30 51
52 26
32 32
15 51
12 41
28 44
28 66
32 54
15 54
64 24
58 7
34 3
15 29
43 60
32 44
12 16
15 36
52 60
15 3
4 41
54 32
54 36
58 42
62 11
43 34
42 47
31 3
6 61
44 34
56 58
52 10
52 27
16 16
55 49
14 44
64 49
34 10
28 4
61 41
55 58
60 27
6 41
35 58
32 20
16 44
14 47
14 4
64 60
49 10
14 51
59 47
16 41
15 47
35 40
43 24
37 21
52 51
59 51
61 24
58 20
53 61
34 40
16 3
31 32
58 3
61 61
31 4
44 54
49 27
49 47
37 32
6 36
12 27
52 42
58 25
54 58
31 21
43 11
44 29
15 49
49 29
15 65
4 6
24 58
34 66
54 21
7 57
52 44
18 26
32 10
43 3
14 41
44 36
24 49
18 27
5 11
16 35
18 41
41 35
37 60
54 10
35 16
54 59
14 26
37 16
18 11
28 26
49 60
52 11
62 6
61 40
32 65
53 41
44 25
43 40
31 6
64 54
37 20
7 26
24 57
41 36
31 61
41 51
16 51
55 36
62 40
30 36
16 59
34 54
53 21
30 59
42 35
28 3
31 34
34 26
49 3
49 41
30 44
54 35
24 32
14 3
30 49
43 51
60 26
43 26
41 59
61 47
58 32
52 40
5 3
37 57
32 7
43 29
7 7
49 4
24 29
52 35
34 4
64 36
7 6
15 60
31 40
62 21
62 65
56 3
7 54
34 36
53 11
58 10
16 61
18 65
64 57
24 21
5 29
30 40
34 27
55 65
52 32
34 32
59 4
49 35
31 35
55 25
14 49
59 65
24 11
5 58
18 20
43 10
52 7
53 60
5 47
6 27
59 7
14 16
7 47
49 26
41 29
7 29
58 66
49 21
49 58
56 59
18 34
41 57
5 16
44 32
58 4
55 24
31 47
6 58
59 21
54 40
35 59
32 16
6 24
7 34
18 59
61 42
64 10
54 51
5 51
59 34
64 58
16 65
53 59
59 25
12 57
28 59
35 27
62 4
37 65
14 60
55 60
44 4
55 29
4 60
7 21
31 27
6 7
16 49
49 61
52 54
53 35
30 26
24 40
6 49
52 66
64 47
43 65
5 25
49 36
15 32
55 10
5 54
12 32
12 11
24 47
55 21
61 11
5 20
62 44
35 24
6 59
7 24
43 7
62 29
18 60
43 66
18 40
35 51
6 25
55 32
55 6
15 6
18 3
14 27
42 60
32 27
24 61
61 29
4 29
54 41
49 49
56 16
37 54
30 47
6 51
16 21
54 42
34 6
35 21
54 47
12 59
62 47
41 58
4 57
54 20
43 27
49 16
37 26
60 59
30 61
56 51
53 66
58 49
43 49
7 59
61 25
7 41
41 21
4 40
49 54
61 59
6 66
18 61
30 42
18 42
42 40
15 16
60 42
6 20
28 27
52 16
31 59
18 16
15 59
58 21
42 25
60 25
15 27
60 11
52 20
4 10
5 35
53 44
60 61
60 58
24 7
59 49
6 44
34 44
30 41
5 10
24 6
56 7
32 34
53 10
35 54
5 7
14 61
55 26
15 10
42 42
55 44
6 35
60 21
60 54
34 47
28 25
60 49
18 25
42 27
41 27
42 65
16 58
49 51
62 36
64 7
42 57
58 6
56 41
44 60
62 32
44 66
59 16
24 4
61 21
35 6
15 61
12 65
44 41
32 41
28 54
41 34
52 41
56 44
59 32
44 3
56 54
24 54
49 25
49 40
64 25
5 41
44 7
62 57
31 54
6 40
14 6
5 6
28 34
56 61
59 6
16 32
41 6
16 60
16 47
35 60
28 24
12 21
58 36
62 25
61 49
15 26
60 57
49 20
34 34
53 49
37 59
34 24
30 34
64 44
42 24
12 35
7 27
43 59
41 11
5 27
34 59
37 25
30 7
32 25
31 60
32 61
32 21
6 65
58 47
56 10
53 42
56 26
43 4
59 57
14 21
62 42
24 16
49 7
61 36
56 49
58 35
15 42
37 24
34 25
59 41
30 35
64 51
60 7
61 60
62 61
62 58
18 47
54 24
44 40
53 58
60 47
52 47
14 40
12 54
15 41
34 65
4 58
64 35
60 32
37 44
42 10
41 3
52 34
37 41
24 65
18 29
34 21
42 41
31 44
4 32
7 58
61 3
7 16
42 7
31 36
44 16
4 36
56 60
59 44
15 24
49 59
37 3
12 58
64 40
7 11
30 27
4 7
24 60
30 60
60 20
35 7
4 44
5 49
28 36
37 66
28 49
58 61
30 32
54 29
14 24
61 6
6 6
55 35
55 42
58 34
56 6
53 40
54 25
5 65
5 21
4 66
28 51
58 59
58 40
16 20
15 44
14 35
52 24
41 42
5 24
37 49
15 7
15 21
60 44
24 44
34 20
24 20
58 24
52 59
41 4
62 60
42 20
24 27
34 16
14 42
55 16
30 58
31 49
41 10
7 44
31 25
59 27
12 7
34 61
34 49
59 24
24 36
30 11
12 60
61 32
64 3
14 34
42 49
54 60
14 66
14 11
43 58
42 61
62 54
41 54
32 57
43 25
28 21
53 34
24 35
60 40
14 32
14 25
12 34
62 35
5 42
56 36
53 6
24 51
56 65
16 40
28 20
59 54
42 11
12 49
6 42
32 3
44 21
37 29
32 24
12 36
6 54
60 36
59 26
30 29
41 61
62 20
60 16
61 57
31 10
58 54
18 32
58 41
32 35
6 29
54 3
41 41
28 6
35 26
7 60
53 16
4 3
5 59
12 6
55 59
24 59
44 58
30 6
30 54
56 4
64 20
12 20
58 57
34 42
61 27
61 65
54 26
61 51
24 24
35 66
31 66
34 41
35 20
32 36
14 20
6 16
30 65
32 40
54 7
4 21
61 20
4 65
4 47
56 34
31 57
32 47
12 66
49 66
59 10
43 20
35 11
61 26
60 3
18 36
28 35
4 54
7 3
18 49
59 58
35 47
42 59
54 61
41 49
18 24
43 32
54 66
4 34
7 61
7 25
7 10
32 4
64 61
18 58
14 58
30 25
16 29
42 66
44 49
42 29
16 11
24 3
64 29
41 16
52 61
5 61
52 4
61 10
37 6
53 24
62 16
18 6
54 16
32 29
24 66
58 29
52 49
37 11
42 21
54 11
60 34
31 20
41 26
64 34
34 11
44 51
28 29
60 35
28 60
12 29
56 20
35 34
4 42
4 49
30 3
16 25
5 60
6 4
28 11
7 36
41 32
35 10
31 24
42 58
5 34
60 4
34 51
18 4
44 65
44 10
60 66
41 47
37 27
55 7
4 59
6 32
28 58
55 4
5 36
52 21
28 41
42 54
53 54
4 11
34 29
30 16
60 51
5 66
61 7
54 65
28 32
41 60
49 6
37 40
59 61
55 54
41 66
16 26
5 4
37 10
31 58
30 20
32 6
58 44
64 66
54 49
16 36
32 26
59 36
12 26
16 57
14 54
53 36
52 58
43 35
31 41
59 20
56 32
37 36
43 16
62 3
49 24
41 24
56 11
14 29
18 35
54 54
41 25
6 10
15 25
55 41
35 61
64 41
12 51
42 36
56 24
32 11
16 54
31 11
35 42
7 32
62 27
28 57
52 3
52 57
14 57
55 61
49 57
58 65
62 34
18 10
6 47
61 58
62 59
32 60
60 6
6 34
4 27
28 42
31 7
18 44
14 7
32 51
35 29
42 16
30 24
24 26
30 21
60 41
58 51
14 36
24 41
4 35
35 65
62 24
31 65
58 60
15 40
59 3
35 25
7 42
12 25
56 66
59 59
6 11
37 58
37 47
32 58
59 40
14 65
12 47
35 4
44 6
60 24
12 10
59 42
4 20
7 35
35 41
12 40
64 27
53 51
28 47
15 57
7 40
54 4
44 35
35 49
35 35
49 42
4 16
43 21
59 66
59 60
59 29
4 51
42 51
44 57
64 32
56 29
30 4
62 41
37 34
55 11
4 26
28 40
18 21
16 4
62 51
64 59
15 34
35 32
61 54
31 16
18 66
59 11
6 60
43 44
43 54
61 4
18 7
55 57
61 44
16 24
53 3
61 66
31 42
54 57
15 11
42 3
42 6
42 26
64 11
44 26
37 35
6 57
61 34
16 10
7 51
28 65
15 58
55 3
34 58
49 65
34 60
32 49
41 44
62 26
43 6
35 57
43 47
62 10
30 57
6 21
55 47
53 25
12 61
37 51
6 3
6 26
56 42
44 47
58 26
58 11
7 4
52 25
28 10
55 20
58 58
14 10
4 61
53 26
7 66
35 36
52 29
49 44
56 40
43 57
43 41
52 6
12 24
44 20
32 42
