1000
28590 13498
71755 17145
73902 8362
76449 2060
44110 19482
50313 7225
51100 8653
39201 16956
35479 3716
48612 6088
56869 5832
72906 7366
24964 10878
27778 2613
34915 2934
61263 6309
34020 7395
39622 2031
49908 4896
42098 2009
28049 6333
43522 998
33194 15435
67643 5558
28434 3079
66450 11300
40812 13476
57363 957
68229 12760
60354 4650
79115 7089
71347 26550
28995 4984
55199 7483
21915 5160
55623 28479
46875 3825
23269 14292
49829 4689
64993 27435
35223 5610
45567 9131
72082 20943
68681 8538
80864 19473
62806 309
70824 3565
81206 18902
39919 13304
46875 2330
77753 6288
64237 21366
24652 5820
66772 4687
52047 9126
54870 6531
32160 17010
41199 12544
66819 13059
70983 174
27327 16990
42193 4510
33574 7440
46875 25302
36186 17958
39824 3146
10225 8904
30861 15506
62090 1209
63630 1979
63520 6312
53868 20352
52787 5164
70342 4994
24454 5702
41889 14862
45116 9754
35163 3100
80520 9300
46740 17454
43050 5724
71073 7608
79926 8769
64768 7979
63998 1913
77196 28614
51956 5292
42921 16864
47454 19184
43117 20700
50999 21006
40976 24183
79988 19188
42447 45
51696 8004
25486 553
41835 5061
51000 4080
35104 511
38263 2802
26544 20358
32160 7338
69178 7383
20102 16976
53437 8483
50726 9750
20383 14916
66176 19512
64731 7862
54307 5930
40669 9230
28033 4381
49813 5310
63115 2434
49641 8321
64384 13911
20788 7354
52817 7537
47552 8880
59048 7999
65540 12075
62593 6436
75859 2052
53994 26121
55800 2080
37345 4656
28033 1464
57434 16431
26793 2876
47962 4110
42872 13372
56449 9746
52040 9880
46367 13107
63381 3212
20540 7020
60399 1239
45689 18362
27778 17928
55205 4251
44489 16584
14402 13158
51957 716
9832 17728
44408 20568
41199 1308
52010 28689
75746 3292
57521 15540
55550 19926
10646 22899
63465 7968
66118 360
23297 5293
46662 18392
29110 3356
64081 7410
38263 2770
42921 26022
35054 3396
28590 6416
45402 4591
54644 5374
46852 13322
46116 25497
58182 4686
37284 7206
74100 25776
64119 2842
46628 522
57209 21648
75819 9536
39919 16512
57920 8472
30960 26775
28270 8149
35104 5328
51933 7175
45205 6942
81847 9191
32821 5606
52854 18918
66662 12426
54587 5833
62584 354
26652 2980
29911 9052
21535 13214
50808 7887
65957 16809
41497 6650
23896 9388
66418 754
35453 4216
48653 4572
60351 16209
7481 8937
59540 28641
46165 6246
50434 9858
17714 9846
38402 8450
51410 806
68457 2878
26188 1212
56824 4951
51149 26106
70782 19086
54392 3788
51625 5361
42477 12582
14760 18864
72223 29178
28270 20310
61775 24801
61023 5824
56959 6355
65962 20943
38868 27309
54229 21465
73355 1881
51501 19656
46116 1257
51286 9514
35875 3913
60531 2577
75189 13104
61121 7209
35104 15410
46116 17586
41132 78
61534 18849
43171 18042
27537 6666
76601 2212
46237 17228
34621 17336
58873 20748
31763 26028
42921 16660
52968 13408
46401 5202
46355 14374
11110 17032
61928 14562
75318 3654
66583 14424
35822 6390
66714 11828
40476 6227
62497 5120
36605 25224
62348 298
69334 4231
26134 19840
40257 22413
25912 14112
43526 4517
40275 3763
24290 14946
49993 18255
57538 8799
60324 4875
42949 3030
27106 771
51600 17698
42890 5415
52761 5886
46367 11295
28270 11846
50950 6912
60547 1919
37172 5819
28049 11400
51704 24120
55148 1926
54887 21201
36601 3324
17847 24195
66228 8108
52217 2925
35624 52
36152 24357
73041 16884
29887 938
47821 6588
66747 4827
59430 19560
9280 18498
36410 10527
25884 1062
32088 3818
40962 5858
57685 9361
72470 9944
59819 7292
59056 225
48043 893
71755 25647
64637 12564
53013 4203
60354 3819
58395 2238
32406 11565
45566 6894
30890 2540
30976 8781
39604 1341
35624 10082
70313 15330
62179 1212
44710 25572
48385 24606
87821 9400
21979 5064
67083 20187
22624 16275
21086 21168
62497 2730
28270 8436
53991 17012
41792 4952
76235 4878
56348 8838
83817 8767
81251 17562
46875 4445
41163 5750
39319 7533
48970 5095
65540 16722
27336 2177
36766 8637
36423 15230
47457 15816
43742 3960
31837 216
76773 5018
79443 25419
34030 20175
46953 28134
35822 17370
77364 12045
30366 15774
60652 11752
55025 8090
60800 3696
51696 8407
46875 19560
9282 25965
81001 5990
59775 4879
70565 592
35104 20817
53231 3432
66676 16407
58956 836
32243 14124
33786 11811
53230 2301
41199 13454
60652 10784
27560 10238
27305 17889
43985 106
43852 11692
18377 19886
23662 4395
72840 13114
85525 19242
40626 2847
33438 7538
46116 23304
24354 4236
46944 5598
75896 15096
58721 3549
69088 26202
68743 12554
58943 3142
62408 3216
38796 3960
35104 15249
61061 10096
36402 15272
75007 19608
77768 16638
60502 9261
69674 26967
36269 1935
67730 8017
42752 14482
43430 17607
40306 8146
64713 28542
26372 2892
58583 6626
74662 843
49068 20166
46901 28302
79808 15711
65053 8904
47757 1054
61426 6528
46917 18096
66676 4692
18970 28860
41199 10086
61692 8133
39919 18184
74100 18435
60677 5088
65785 490
63874 759
29295 2468
60652 5802
34317 13726
54875 5704
11464 16314
48513 6686
66838 19696
61775 1560
37103 5122
72435 5597
53374 10887
63640 2847
40890 14978
38400 1716
48930 13826
70277 6144
57774 1439
55357 6455
32578 12188
44532 5860
47882 14484
65294 9690
68578 886
59843 513
71881 28152
49095 7176
32648 2435
54870 4690
40187 1515
43369 19944
38263 2788
51696 477
41849 2025
76346 10682
25708 10478
74389 653
69021 29541
63157 5619
67076 20166
33998 9052
65203 8913
64937 7320
67091 24330
32339 11541
56774 3681
69334 1519
54887 17040
41000 5852
27560 7710
29323 563
42778 4074
8230 26523
31975 18042
56157 3032
59632 19257
45390 2866
35104 5492
13235 6060
46852 12992
34961 19212
55035 1122
36175 1386
56373 7563
71114 28017
63141 324
46651 11350
72048 17166
47284 5466
70707 25866
41199 6747
70584 15714
49880 25194
57420 16240
28855 713
47991 7208
38256 12804
32156 12369
55058 14030
44768 2084
36557 10086
72638 336
17536 15909
55661 1941
48720 20424
29820 4465
46875 17787
24142 12044
23272 23100
51963 16972
50380 1670
65420 21900
33457 18500
67424 748
52727 4684
65540 23265
80630 8160
42370 24702
41272 5580
53890 9858
38834 3846
30723 2516
62085 12855
19688 25362
55617 6468
56883 3471
40016 3762
32775 2735
64717 5594
69761 3148
34422 9831
54554 834
15925 29961
43050 6726
27449 2079
21588 5748
78388 9358
38824 7914
27560 7682
43872 26940
65423 21909
78498 6597
70723 12339
45847 2324
74373 5774
65540 18040
21292 5300
21631 15930
33112 1131
27778 6074
75966 5151
81746 6206
20955 6350
71755 26415
53720 1985
41275 19863
57636 762
65203 2416
77949 9291
56157 5148
39962 26364
24959 13608
32761 8589
40484 26163
71006 7891
62604 10869
74389 9209
40364 5511
36739 3336
53710 18086
69405 7730
55199 4782
59007 23073
43554 16218
62786 6999
70289 8369
49091 20415
75424 17886
54870 2102
66838 1904
50646 15795
66838 13868
46446 15588
28361 3402
42924 1114
73681 10216
65228 7108
36459 7869
49318 4921
21618 11211
46180 3813
19760 11364
60813 13938
55191 966
46716 9900
77887 10542
47316 727
56787 1588
54605 6918
32194 7720
48238 1183
52915 20271
74274 6960
69517 12942
52116 9592
33661 10604
30300 11772
69690 28008
55688 3648
44666 12918
53333 4205
40087 17835
59409 1853
60800 816
42715 4137
22021 8471
18757 7835
48071 2575
43100 11256
36771 7593
17243 26007
18275 22911
45984 2504
73480 24831
85644 9990
90463 23781
38147 19854
48084 3866
20050 15020
46875 5199
66676 228
66838 12228
55698 15282
43719 2378
46875 159
65203 1049
60104 7698
78825 13308
64014 3096
28404 67
75120 7724
32288 12273
60265 16338
40976 27933
71518 361
27496 192
59578 8974
38255 5103
46116 24750
48273 21642
32160 19988
60858 5214
74586 19716
27252 84
51615 14736
43050 7638
54175 2091
69021 8912
61900 7434
65104 3278
69098 25947
44989 6504
52406 11190
54600 6200
59343 12640
71755 399
36186 19786
29192 928
42542 508
30236 17454
63079 10156
61123 8098
58119 6162
41251 5601
38067 8785
32160 3360
29465 2055
63369 6688
61843 9314
51957 219
43050 2202
72469 9972
76431 6865
50308 5096
56874 2589
68165 12888
21949 10712
74373 15621
46964 9347
63115 5508
25912 26910
27560 2492
27880 1150
21070 7017
45003 5706
43050 6485
35674 6663
69334 5031
69021 5950
27768 16836
9388 8602
66676 24693
69021 10101
47617 15510
81408 9744
40092 19802
43050 9783
29528 3147
71623 9538
74373 2492
42796 8182
55557 15600
63894 12864
39568 5649
62320 15738
71930 810
16493 5778
32930 9372
69334 4297
66154 11064
26802 23583
52387 1185
70720 3882
86332 6116
37702 2472
71766 27069
45413 3575
72550 21645
59806 2538
69916 16282
65203 6224
28190 18742
58981 12078
51797 5277
51574 6592
72283 12000
63316 2664
65540 23952
62681 6524
57538 7444
41830 3490
44644 797
65203 1398
65007 1914
33818 7486
66838 1634
81206 8736
56001 18252
50719 6228
35822 10014
78675 13840
42921 8922
76773 4328
36154 4981
64367 4894
60652 8834
52798 9903
63360 894
65540 27885
47314 6115
53482 3592
66838 6336
52788 19116
74843 1362
78946 2423
51696 2078
79747 15414
71356 3033
42869 2338
45727 9143
26166 1612
66838 18654
65203 15144
74373 7448
61576 9880
73320 6644
56597 3852
63576 13341
53660 3496
68824 591
50061 6054
38622 17973
44289 5526
45092 19180
62085 4443
66492 173
62352 3806
50882 8358
66027 5988
33269 17892
35725 14292
35822 25662
65774 10650
47275 7647
35129 7668
61092 4122
30881 6680
14738 20106
54564 3765
26610 11100
53720 6795
64713 8598
70958 10306
78524 16058
35819 12224
40975 21336
32440 280
66838 4743
74373 22572
36790 8648
40180 8252
43176 255
30414 16516
66337 27
36498 4360
18400 14067
55824 18914
21454 9486
38963 16482
38488 5576
72470 9528
57802 22002
25865 6552
21536 7584
16855 11342
27336 7681
69020 25998
54942 28332
35017 15424
12571 7731
74168 16630
59788 2132
47340 8668
55499 14912
63923 808
67824 5739
37252 8662
61879 8157
56893 5558
48379 3276
28270 12357
42431 1848
44887 1844
52141 4098
41484 21978
73511 2196
58068 1988
33513 5450
40054 4986
60652 3625
68322 1012
22824 25938
28736 466
35822 23802
21116 22422
46705 9336
74373 14328
72569 2730
58981 8448
41199 5942
55229 5220
32984 8532
38074 1539
86883 18411
67674 19346
24048 9864
52682 24354
43774 2551
32160 19812
46924 6118
23054 15429
25368 6576
35822 6160
79885 11570
57246 18860
67636 17148
16179 11126
57403 4440
29099 13050
48043 2825
43050 29025
64310 7605
58585 11882
64059 7617
70379 17208
49097 17334
56462 13938
38963 11340
59879 21741
70002 1155
52846 8244
59416 9150
47683 11646
50578 7378
32160 8708
28197 10018
49943 14044
21549 19944
30779 15588
52870 29493
89469 22620
34424 21579
34905 20568
58367 27672
39435 9206
60652 4494
62490 8978
28197 596
58815 10848
62438 7568
59943 3786
66713 3598
64214 4878
67091 6642
27778 28725
14965 8399
80951 9196
86665 22365
61701 2000
62796 4676
36334 4891
22351 19260
61690 5533
38263 7280
71974 1320
22239 2905
46482 7122
68654 2967
58631 1260
21607 11906
24205 13155
55196 13620
29467 4254
62869 246
51287 8824
46116 23550
64301 5141
66912 5127
63086 8071
70077 22833
28389 14866
63465 18294
38704 32
53036 4038
54276 7644
63627 3984
70398 8422
54014 9976
75270 3510
27305 25401
26491 4953
57464 2594
57347 6975
52361 11280
81701 4973
62149 7431
43667 1220
41271 16941
29346 4131
35782 3756
69190 7974
32621 11284
37376 5717
48183 7974
41413 2068
35452 5524
32579 2448
47675 16959
31582 9511
59071 22953
45064 15006
58600 17624
36870 4710
39919 16468
41878 3240
71780 27090
42447 14877
41133 5234
29136 20754
54870 1201
45857 26736
60983 534
41956 4896
58867 1329
12361 15836
35048 14798
49993 3519
54336 8130
48251 14864
45063 9854
41104 64
32758 1173
58130 3645
43050 9312
58032 4312
55264 22311
55901 14697
54278 4642
62896 2928
20723 7055
33749 8574
33403 8316
67355 4858
49352 6431
31763 16914
48869 13425
54182 17038
