1000
811 20
66 75
66 147
66 517
66 710
66 659
678 20
837 20
687 20
66 102
66 709
66 187
120 20
66 603
66 195
66 771
66 424
66 799
66 70
66 852
66 561
231 20
66 134
869 20
766 20
66 336
66 11
433 20
66 624
624 20
66 911
537 20
225 20
767 20
592 20
377 20
66 971
259 20
390 20
66 824
870 20
493 20
339 20
287 20
142 20
217 20
66 576
639 20
66 90
66 550
66 821
965 20
66 141
66 49
66 807
66 20
66 179
254 20
66 937
66 383
613 20
66 793
66 63
608 20
66 677
156 20
205 20
66 395
66 441
66 755
66 183
66 359
66 206
275 20
66 619
775 20
197 20
66 385
66 798
66 727
66 349
956 20
676 20
788 20
492 20
66 487
968 20
66 529
66 347
66 126
475 20
527 20
630 20
66 367
93 20
66 489
525 20
66 366
66 401
66 919
353 20
46 20
282 20
66 918
66 838
66 311
772 20
66 762
66 280
443 20
66 725
66 566
25 20
66 526
938 20
66 269
66 331
277 20
66 201
66 895
66 534
611 20
562 20
940 20
498 20
610 20
66 545
66 302
66 882
66 382
66 743
295 20
66 459
66 262
504 20
66 572
690 20
358 20
296 20
679 20
66 420
133 20
383 20
412 20
664 20
307 20
66 254
617 20
831 20
274 20
951 20
66 588
370 20
526 20
713 20
144 20
66 634
66 652
448 20
903 20
66 165
66 177
66 811
500 20
896 20
322 20
49 20
66 346
101 20
507 20
66 787
66 581
66 622
253 20
66 607
319 20
66 484
66 24
729 20
326 20
850 20
757 20
856 20
66 506
66 251
66 80
66 176
665 20
139 20
66 7
388 20
66 822
66 307
66 493
84 20
717 20
66 784
66 538
66 704
140 20
66 77
66 339
440 20
62 20
66 399
66 994
66 136
420 20
66 637
66 15
283 20
66 62
31 20
66 906
472 20
922 20
66 356
577 20
223 20
81 20
66 549
66 158
66 437
637 20
271 20
66 867
66 318
66 421
574 20
66 915
66 633
66 211
53 20
453 20
304 20
66 871
66 836
66 451
333 20
221 20
66 981
66 776
737 20
631 20
66 752
66 417
66 305
603 20
66 777
590 20
66 277
401 20
490 20
66 442
66 314
535 20
247 20
66 708
66 416
66 916
455 20
66 938
168 20
376 20
633 20
912 20
66 897
66 912
58 20
66 899
207 20
236 20
672 20
605 20
66 113
66 806
66 96
66 842
66 237
393 20
654 20
66 481
66 851
66 418
66 398
66 715
66 364
66 610
722 20
66 124
68 20
987 20
468 20
66 682
66 673
66 334
66 990
66 100
66 570
66 200
66 452
66 152
66 511
66 163
518 20
557 20
66 204
66 515
66 267
901 20
311 20
66 993
66 115
643 20
823 20
699 20
66 300
66 518
66 635
362 20
66 740
66 400
66 905
66 533
864 20
817 20
645 20
666 20
524 20
419 20
389 20
66 891
66 606
192 20
571 20
66 212
66 691
321 20
64 20
66 360
128 20
784 20
66 630
754 20
66 434
66 656
99 20
874 20
579 20
66 409
345 20
66 412
653 20
845 20
66 213
421 20
179 20
947 20
715 20
512 20
972 20
154 20
66 285
829 20
66 403
66 678
945 20
923 20
66 985
66 220
260 20
694 20
66 423
66 358
66 666
790 20
892 20
66 84
122 20
697 20
66 329
66 492
66 255
952 20
708 20
66 924
66 151
66 243
66 375
598 20
828 20
532 20
612 20
83 20
928 20
57 20
862 20
310 20
868 20
66 379
66 835
66 199
483 20
921 20
621 20
76 20
66 675
66 733
66 471
66 9
536 20
397 20
66 850
66 696
359 20
66 473
66 873
66 483
740 20
875 20
66 890
803 20
66 654
203 20
66 972
123 20
606 20
66 226
66 110
215 20
759 20
66 241
742 20
66 501
66 34
66 236
160 20
66 411
328 20
578 20
66 611
66 306
66 516
14 20
332 20
66 631
216 20
66 477
66 494
87 20
66 28
913 20
438 20
94 20
199 20
66 386
66 194
66 146
29 20
66 986
66 231
78 20
66 419
66 320
66 275
366 20
659 20
66 427
66 321
718 20
66 33
308 20
66 523
164 20
118 20
66 410
744 20
66 555
66 988
166 20
66 713
66 726
66 823
66 500
66 577
66 160
66 225
66 463
760 20
559 20
66 978
411 20
663 20
66 609
66 648
66 959
392 20
82 20
66 908
481 20
780 20
66 992
66 460
66 563
994 20
66 257
66 795
66 845
66 81
66 295
66 595
893 20
941 20
177 20
812 20
66 354
437 20
224 20
66 248
881 20
942 20
90 20
66 105
66 914
899 20
39 20
434 20
208 20
675 20
45 20
66 574
66 1
66 927
66 880
302 20
698 20
175 20
66 79
331 20
66 361
66 643
66 505
622 20
66 299
66 284
70 20
66 188
66 775
66 723
937 20
746 20
66 55
66 72
66 42
234 20
66 428
66 558
969 20
66 522
789 20
66 780
821 20
601 20
66 964
706 20
66 520
66 565
66 404
66 445
66 162
66 525
66 159
66 172
66 613
66 388
66 166
66 893
206 20
822 20
66 896
141 20
303 20
66 868
66 298
66 724
958 20
66 714
720 20
815 20
151 20
220 20
430 20
112 20
709 20
66 627
66 679
66 499
66 51
66 872
66 614
703 20
66 557
774 20
914 20
960 20
848 20
66 632
476 20
66 877
66 599
257 20
66 815
66 64
66 57
66 373
66 697
22 20
66 810
695 20
66 536
976 20
66 265
66 540
195 20
66 457
398 20
66 145
66 952
66 948
66 436
66 753
66 998
145 20
661 20
833 20
66 169
404 20
349 20
683 20
66 531
66 686
66 790
66 71
66 137
66 12
509 20
770 20
66 209
66 584
66 348
66 425
66 23
623 20
618 20
66 472
796 20
750 20
381 20
484 20
575 20
649 20
609 20
355 20
986 20
66 789
66 303
66 229
66 969
432 20
37 20
889 20
66 976
66 153
323 20
66 712
138 20
755 20
66 638
66 926
769 20
515 20
920 20
865 20
804 20
897 20
751 20
66 259
802 20
872 20
106 20
743 20
66 402
66 760
66 717
539 20
66 281
686 20
620 20
66 870
66 591
702 20
66 758
66 458
502 20
66 711
66 514
66 975
66 415
628 20
74 20
66 264
597 20
724 20
395 20
288 20
66 567
66 785
178 20
33 20
567 20
890 20
879 20
66 273
183 20
66 214
873 20
405 20
66 133
66 391
761 20
66 575
66 508
980 20
66 660
710 20
66 245
171 20
204 20
883 20
824 20
953 20
66 198
596 20
66 294
66 829
66 991
591 20
588 20
726 20
712 20
292 20
66 888
66 690
237 20
66 562
66 406
66 440
66 573
2 20
190 20
681 20
66 950
728 20
173 20
658 20
66 650
762 20
847 20
66 729
573 20
855 20
66 488
66 858
548 20
66 647
66 646
245 20
66 39
915 20
66 22
66 769
66 805
799 20
251 20
523 20
66 958
66 217
399 20
696 20
680 20
66 923
66 14
66 413
66 587
66 792
66 846
66 109
66 939
993 20
66 639
716 20
342 20
66 393
939 20
745 20
752 20
858 20
66 881
908 20
66 664
66 849
59 20
66 778
66 947
66 754
655 20
66 773
66 528
239 20
66 98
499 20
66 735
66 844
66 135
66 594
268 20
48 20
66 148
66 233
201 20
66 85
66 486
394 20
782 20
66 278
66 876
995 20
266 20
836 20
85 20
50 20
961 20
66 61
916 20
418 20
66 857
66 341
917 20
270 20
66 718
26 20
124 20
361 20
66 800
66 922
66 156
306 20
143 20
66 687
719 20
66 629
66 289
66 982
66 663
66 827
66 1000
66 698
338 20
386 20
360 20
357 20
510 20
416 20
153 20
66 397
66 847
900 20
66 123
805 20
585 20
232 20
450 20
298 20
318 20
911 20
758 20
66 256
66 325
66 756
66 94
66 933
69 20
66 435
996 20
66 859
616 20
66 118
66 954
983 20
685 20
66 786
66 668
210 20
569 20
66 535
66 456
501 20
66 337
66 242
403 20
230 20
785 20
243 20
66 626
66 132
100 20
747 20
66 830
429 20
66 56
241 20
75 20
66 957
238 20
66 904
895 20
670 20
927 20
555 20
66 25
24 20
844 20
701 20
66 672
211 20
335 20
66 426
66 875
66 757
66 551
66 909
581 20
66 688
949 20
66 130
781 20
422 20
449 20
325 20
242 20
334 20
867 20
66 309
66 759
66 140
110 20
425 20
9 20
350 20
66 268
249 20
519 20
66 920
290 20
456 20
66 455
478 20
632 20
66 929
327 20
66 861
700 20
66 47
66 283
66 350
194 20
300 20
521 20
982 20
435 20
66 384
28 20
801 20
932 20
967 20
369 20
258 20
66 616
494 20
818 20
38 20
748 20
66 728
834 20
66 921
463 20
768 20
66 837
714 20
554 20
