1000
33 24
15 19
27395 3546
27234 13340
27 11
3 29
37439 25632
38239 8133
33 32
55239 1850
50759 25341
45 2
11 10
64415 18956
29530 3130
75318 2874
11 40
38171 5803
22 24
68851 7938
29484 3979
6 36
3 36
37 33
74263 13802
81892 4724
37116 19774
85761 5934
27 41
5 31
28483 15380
28 34
37663 8320
52913 19828
9 2
43 10
49143 12852
8 40
35303 7042
26830 9276
75952 21318
44727 7146
35572 21012
43 18
44798 2205
40308 23784
57269 27597
47 33
47 41
1 19
35077 11926
47 24
51070 2586
46161 16911
28 42
25655 15777
37413 2466
16510 9703
82043 15560
36 40
86981 8834
8 37
42 2
39 23
34 25
89145 21618
60157 855
34184 823
76633 8762
25 21
15 23
35491 10492
33 42
22 18
47 34
58590 3484
3 12
11 19
42 21
59087 28626
25505 8973
34387 4857
27 24
3 32
6 34
59331 6600
8 12
18773 7194
39956 6795
6 31
5 18
47 22
8 18
22 29
3 34
47003 18678
42 44
69287 6072
56901 26373
65239 28407
52347 7634
26133 7028
25 22
43 40
14 34
25028 9111
3 10
34175 8670
20 32
36750 1178
48110 11158
23776 4540
43 24
45983 4767
39 12
28 44
6 24
39 10
37782 24603
3 25
36 41
72320 186
54776 8051
27 42
25028 7604
64131 15018
45 12
53010 5346
45983 29079
43 39
25 10
32118 4884
15 11
48 24
43 42
34225 9197
14 25
20 42
40469 27960
15 21
29291 8526
15594 4717
37 19
42 37
54491 951
28 36
45983 5404
3 18
60635 15888
45915 11514
33 37
8 36
39 2
14 12
15 10
65931 4223
14 33
27 39
5 39
11 21
40909 4209
52479 12760
6 40
36 23
43 41
45983 1374
73893 10560
22 39
17960 17355
34782 1185
63984 3844
34 18
3 24
11 39
42406 5404
23617 7234
50927 9193
65931 4700
45 37
37 41
69011 5252
40120 3947
9147 8533
15 34
6 18
27 18
47 44
28 25
34 44
42345 13650
38239 24186
27 21
57138 4503
36 2
15 29
45 8
28 32
62419 11844
33 8
45983 23874
14 8
20 34
5 44
18889 18417
45 31
5 24
36173 6436
76790 22431
15 22
48488 18886
27 12
43 33
43 32
72664 6702
76847 5168
9 34
25 39
36 33
88441 9564
65737 9367
76454 4382
27651 11420
45 19
15 25
39664 26472
39709 1318
73334 12063
39 37
66609 1891
50313 7968
25028 8583
5 23
25801 4299
1 34
38652 9122
53010 13206
60618 1122
48 40
9 12
27 31
47 23
61753 537
38871 7985
37 21
39285 5924
45 21
23262 18804
37460 2931
42 22
58483 20268
51843 11364
39 21
43576 4717
39 32
5 33
33 25
34 23
62827 8446
70702 3441
51398 806
8 41
22 32
39455 6975
42345 2193
32856 3036
61952 9861
19908 21978
11 25
64125 2130
74673 14978
11 22
39 33
65973 734
28 10
45749 20007
36 22
48405 6093
32612 15168
45 11
70451 3812
36301 4703
50938 27123
27234 7712
26637 1609
40842 28947
6 25
15 8
33644 5869
77660 6794
60217 2863
46601 4256
32472 4650
66882 3371
42 10
1 31
74263 15282
5 10
33 39
28 40
39070 3275
62003 19095
88661 7384
19372 6742
76337 11679
9 24
6 44
44071 17924
58232 3842
61425 3944
22 10
28164 10394
51087 17726
43 29
69014 29715
71977 6765
28331 17652
65931 4847
46875 1451
8 32
48 44
36 39
8 25
28336 13976
48621 2460
58626 11232
36 34
9 25
57113 4882
48334 6022
34 32
39 40
31581 15422
73069 1648
37 37
1 32
49386 16131
20 22
48 2
66838 8409
71973 9978
55491 3668
28 29
1 36
28 39
40267 2094
41193 5020
9 42
47 37
5 21
67451 13384
37411 25620
11 18
5 25
36 19
74673 13462
5 12
48 34
36 11
28 33
5 36
38871 4496
52927 8193
47 31
44095 15672
43547 18926
61284 15360
27 37
62074 3206
35572 22278
73319 11082
56979 5848
33 22
74673 2964
48 36
33154 778
25656 11884
42921 14340
43 12
40667 11259
33 40
29029 18420
14 32
22 37
28748 4275
48 10
48088 8118
58573 6844
23633 7740
3 44
11 31
22 21
45382 19354
62074 7702
1 39
25745 468
65708 7936
41686 8525
20 39
58203 23535
83743 4925
14 19
12454 28716
31237 11451
36 8
47016 7362
57650 28620
72097 4635
70602 3541
39 29
48 19
48586 18723
8 8
47848 26931
8 21
38773 147
8 34
6 21
77898 17758
3 2
47 8
34 36
8 42
39 34
66046 6937
34 39
25422 15225
62678 14190
58529 7402
5 29
64917 5213
57767 8614
26213 16966
14 39
42 40
37826 3114
60140 237
54019 23670
36 10
11 42
40498 7337
14 29
34 12
47 36
54689 19737
20 31
37 22
17936 20493
48 37
63534 27228
17856 25071
48303 9414
3 41
34 34
71122 7222
33608 9701
8 31
62838 20022
48 33
20 21
55289 798
47881 17358
65931 8591
9 40
22 19
54702 2193
73893 9488
27 44
34 10
55425 25779
28312 9899
62074 8748
46480 7630
45 18
34469 11692
24437 8724
36728 28482
66756 7387
65080 17913
43 19
34 31
6 10
78967 4234
28 31
29530 2558
53149 17850
25 12
43612 3900
37 32
43 34
37 34
27581 18402
31955 7103
43 22
33 33
83157 4632
44599 783
25 8
55371 24750
77445 24396
53787 4010
8 39
39 42
45 40
83527 27432
35572 5997
1 24
29530 14034
37 36
69246 9945
20 44
37 42
65110 5055
45621 540
26213 9530
62074 9957
36719 4721
66561 15164
5 41
34 33
8 22
37782 5353
33969 12810
45 29
11 23
3 37
1 42
38871 6223
25258 12816
39 25
45 33
71333 19329
47870 927
46435 137
6 8
69105 7182
45983 739
38871 1112
9 8
62074 4608
32856 8880
67001 7892
25 29
45 10
38337 8666
28 19
49777 29517
47 10
27 29
27790 5712
74733 3728
65239 16590
74673 4840
5 2
59087 24465
36 25
27 25
59967 1760
69063 10143
22 2
25 11
29530 27264
1 29
47 39
27 33
63552 15064
39456 4516
11 32
39 36
34 22
20 12
68262 4061
55958 103
36 24
72051 20406
33470 3940
8 23
23341 8616
23797 1708
9 33
51024 5828
1 41
8 24
9 39
27 40
48 23
18752 16167
53759 8025
34226 2019
36 42
27 23
11 44
42 39
34312 1151
33752 8247
49480 17934
59847 18252
33811 4267
37 44
3 19
47073 12303
25505 22950
9780 7624
71505 2638
46753 296
40125 10146
65123 10632
33698 674
62719 1086
36 12
50997 7527
47003 1140
25 42
48 12
55202 1443
73509 1164
20 19
20 36
33 31
17983 9095
26915 9366
53301 582
73510 3198
60944 3766
69367 5129
34 2
9 23
48 39
39614 18759
38713 10797
33 23
53010 6471
1 2
20 33
25 34
79238 6794
6 22
39 41
5 32
42 36
6 19
61995 340
14 23
58744 17934
57817 1905
34 24
38577 507
61027 13646
35572 3318
53599 2676
62827 12722
28 2
64067 4654
48 41
66177 4103
61757 19464
47 11
28 11
28 23
9 18
42248 1567
48488 8354
14 10
33 18
69677 5619
59058 4567
34 29
39 22
47 42
47 25
88007 19911
15 12
43071 7864
20 2
36 37
6 23
56732 15024
43 2
43 36
36 32
14 44
74148 115
81600 22371
8 19
33444 9590
54657 7338
32488 890
78022 2789
25 19
42 32
14 36
25 25
14 31
34 8
6 42
42334 4739
45 25
80625 20196
78700 14421
45 44
45250 4407
49777 12669
28 24
28 22
55339 848
22 36
66963 1175
43158 1112
61185 12162
39 8
11 2
66548 8125
39903 2409
3 31
8 29
22 41
6 37
15 31
61995 19856
11 11
47463 3075
32688 10455
33 41
28 8
25 31
30553 1304
27 2
5 11
37 29
37546 4185
69719 4544
43 31
36958 5576
72536 184
82376 19864
28 21
47 12
74673 19104
25501 22980
14 21
11 41
61981 846
3 8
67826 17478
15 24
14 24
43 23
36 29
71015 3128
72297 19815
37 18
22 11
9 31
14 2
11 8
42 41
88637 20856
15 18
55353 5576
43 44
62743 3634
9 36
54651 16980
6 39
45 22
11 24
3 39
22 40
36173 13888
8 2
37 39
15 39
47499 1139
11 33
83065 12498
56004 17208
59087 22374
67243 21309
69153 16560
34734 20631
5 40
22370 9728
30590 11722
16292 29763
62755 7876
45 24
58383 6657
50505 12906
9 10
23357 5013
68207 5936
36976 9594
54491 8019
44415 2681
5 22
70391 12594
62074 4384
29432 26421
27 22
25028 7854
39 11
6 33
34 19
24253 5960
25 23
53639 9188
71421 3069
9 41
37 8
29268 6102
37 31
6 29
46589 11853
15 44
25 44
32279 5841
45894 5373
51071 26865
42 11
1 10
14 11
47 29
67830 6433
50231 454
43 25
32856 17944
11 29
33328 21345
27 36
27 34
37735 2305
42 34
44151 4278
37 2
50894 9019
63519 1445
5 8
32687 3157
65702 26913
36 44
25 18
22 31
74673 4800
27234 24483
37 11
49101 2940
25505 18339
60385 735
37 40
1 33
1 22
34 41
40302 29757
22 34
33 34
1 40
39 24
36 31
33 11
56079 4736
80062 17757
11 37
32359 2406
14 37
33 29
47 2
50892 7908
60418 14463
56164 16108
33 21
49925 13698
49872 21450
39 19
9845 8184
39 18
48 11
70378 8710
47 19
33 10
47922 2544
59606 4778
9 19
27234 6024
34 40
45866 18632
40769 7632
45258 14529
59087 27435
68929 14763
25537 32
74160 14541
25 2
1 37
1 21
25 32
3 22
9 32
33 12
60140 26523
59087 8932
48 18
56914 25278
42 8
42 31
45 42
34824 7488
48 21
32856 1972
44609 21750
32856 1430
48 32
5 37
48 29
55440 6300
25505 22530
30560 23037
64674 5868
42 42
65542 9131
14 42
58447 13491
32856 10000
60878 12768
45382 7260
9 11
30620 16659
63841 4732
53010 17252
6 2
34 37
6 41
12601 12904
36 21
46706 3972
44710 17781
15 2
3 40
27588 17170
55126 19554
58447 19413
28 12
25 41
45 41
34 11
77161 2428
40043 5339
8 33
39 44
37056 7390
14 22
33 19
15 40
34 42
9 21
77183 11944
9 29
45 32
42 19
9 37
45 34
14 40
20 8
43 37
27 19
27 32
43 21
22 8
68636 8115
47 18
15 33
42 29
46161 20700
6 12
20 37
69258 15036
43 11
43 8
14 18
48 31
73530 8434
36 36
25 33
42 18
54327 18651
31301 20814
15 32
55987 6210
37073 14895
20 40
59087 14482
25 36
35530 6507
47 21
37 24
74733 1609
57419 3765
48110 2800
48 8
37 10
61718 24504
53304 5194
