106
50002 54
52317 162
49758 8
51249 54
50884 9
50167 3
50491 27
50812 81
49999 1
50177 18
49603 9
50164 3
50000 1
50164 12
50823 12
50405 6
49785 18
50578 36
49829 16
50102 3
49951 3
50056 9
50323 6
51002 81
50215 6
50017 2
49978 6
50008 9
49829 4
51490 54
50116 4
49792 18
49870 18
49369 9
52308 324
50203 24
49163 36
50053 2
49948 3
49819 12
49941 6
51118 36
49758 2
50953 6
50275 24
50347 4
50354 3
50495 24
50409 8
50846 9
49947 6
51219 24
49987 18
50521 12
50411 24
49815 24
49252 36
50288 18
50354 12
48961 72
50111 6
49972 6
48325 27
50468 27
50647 6
52835 48
50030 3
50576 16
50315 54
50535 12
49383 18
49756 12
49747 18
49652 12
50307 54
50236 54
50051 8
50216 27
50000 4
51274 81
49818 6
48775 54
49999 6
49757 12
50049 12
51688 36
50638 9
50001 1
51499 162
49258 6
50164 48
50419 4
51275 162
50086 24
50038 9
49897 36
49750 3
49955 9
50107 72
50461 162
48829 12
49945 3
49981 54
50013 2
49585 9
50017 9
