173
49956 4
50129 12
49334 3
49843 12
47287 162
50309 12
50074 12
49573 9
49761 3
50032 18
50739 324
49324 27
50546 162
50545 3
48885 3
50483 2
50215 2
46989 72
49957 6
50274 2
49606 9
40568 486
49860 54
49773 12
49789 4
49976 3
48986 36
50142 4
50000 1
49422 12
49923 24
49290 48
49317 36
50969 9
49784 27
50042 12
47661 18
49971 2
50255 36
50238 4
49986 2
49460 36
49116 48
47858 72
51183 18
50446 48
49822 12
51120 48
50010 162
49687 324
48596 72
48501 54
49343 12
51622 27
48821 108
47236 216
48663 54
50238 24
48456 16
49886 4
39753 486
47751 324
48500 72
46809 108
50397 12
50179 4
50143 8
47243 162
48567 24
49665 2
50792 72
49661 18
49303 54
47078 162
49639 12
50043 2
49120 24
50358 9
49591 6
49645 24
50183 648
49430 12
49386 4
48814 36
49975 2
49186 96
48843 162
49901 24
49982 2
49565 6
51417 6
49771 18
50301 4
50128 162
44676 216
48092 54
48152 27
45466 216
50975 12
52095 27
50333 12
48922 54
48619 108
44798 108
50041 2
47478 36
46955 162
50068 6
51288 3
48616 72
47607 27
49761 24
49336 12
49528 36
49702 24
49825 18
49675 3
49741 6
50432 36
50674 36
50061 18
49364 12
50187 4
58474 108
49185 54
50080 6
47944 36
48717 36
49506 8
49416 4
41865 432
48242 54
49392 18
47931 216
50251 6
49682 12
49763 12
49796 6
50942 72
50003 4
50007 27
49850 324
48402 81
51382 18
49774 6
49132 108
46446 108
49900 6
48776 12
49999 1
51788 6
48958 24
46469 162
49882 9
49997 1
49721 36
49357 36
50037 2
48999 6
47217 36
49581 12
49807 18
50047 6
46859 144
45116 432
40596 648
47154 36
49617 4
49207 36
54515 54
50741 24
49796 48
48723 72
