112
49964 6
49080 12
50280 2
51588 18
49347 9
49960 6
49554 36
50567 9
49742 36
50448 18
50214 6
50821 18
49908 6
49800 6
48807 216
50990 18
49833 8
49112 18
50089 9
50200 4
49669 18
49320 18
51620 9
50146 18
50042 36
51032 12
50255 4
51188 6
50194 18
50047 12
50139 27
51002 54
50009 9
50035 3
50006 6
50453 3
50769 81
51344 54
50502 72
51194 162
50010 2
49915 3
50585 9
62264 1458
48765 18
50084 12
49719 81
50000 1
50352 3
49789 6
50079 12
50888 162
50064 36
50074 6
49651 2
49790 108
50714 36
50142 6
49997 1
50304 72
49332 6
50132 2
49900 2
49740 54
50303 81
49826 12
49557 9
48972 36
53934 486
50076 81
50523 36
50418 2
50041 3
49930 2
49898 9
50034 18
51263 72
50012 2
62366 1458
49812 3
50258 27
50360 18
50032 6
49954 6
50190 12
49766 6
50015 3
51002 36
51208 72
50488 8
87356 4374
51478 18
49578 108
49926 4
50047 9
50013 27
50816 36
49999 1
50310 54
50156 4
50207 9
49183 12
49398 18
50531 27
50091 4
50244 18
50507 9
49214 36
49809 3
49345 18
50516 36
49976 6
