152
50650 36
50719 3
49412 12
50020 9
50454 36
53052 108
49983 9
49837 108
46839 324
50922 54
48445 243
56436 216
49665 24
50043 12
50904 216
47431 243
49486 12
50002 1
50447 6
49267 54
47251 486
50310 18
49984 3
49947 18
50235 54
49856 18
50035 216
49999 1
49848 27
49669 6
50674 9
39609 972
49107 324
51358 24
50253 18
49282 36
51778 72
50117 18
51459 72
49930 6
51047 12
48801 36
50145 9
49837 81
45413 486
50182 54
48132 162
49632 24
51898 27
49952 12
49663 6
50906 12
49898 12
50246 36
50552 18
50445 36
50011 9
49653 12
50383 18
48397 54
49799 36
49820 18
49970 6
50521 18
50076 36
51418 36
49975 3
53714 216
50760 18
49970 12
49498 24
49263 81
49942 6
48511 243
50311 72
50280 27
50176 6
49711 18
50000 1
50132 18
50252 9
48051 36
50078 6
49680 54
50052 36
49777 54
48153 72
49939 6
50779 36
49933 6
50359 18
49597 12
49945 3
50510 18
49934 72
49433 81
50664 12
50005 108
49978 3
50224 2
49705 27
50607 12
49903 12
49976 12
50392 9
49336 36
50651 18
49681 36
50145 81
50277 6
50022 54
51196 27
49873 6
50257 18
49488 54
51367 108
48891 243
49948 3
50100 9
52269 81
49717 2
49822 54
50092 3
49857 36
49220 162
48239 162
50841 162
49225 18
46881 243
50351 27
48711 18
50499 108
50163 2
50519 6
50368 36
50389 27
49873 9
50257 6
47973 36
49654 108
52084 108
50503 54
50851 36
49440 36
49100 108
50343 6
50637 24
50270 9
50306 4
49326 18
50043 2
49335 81
