50
4 6 4
1 4 2 1
100 10 1
1
5 5 10
2 4 2 3 4 2 1 2 1 3
1 1 1
1
100 2 2
1 2
1000 100 10
4 3 9 1 2 5 6 9 1 10
1 10 10
4 3 4 1 2 5 6 9 1 10
1 10 9
1 1 1 1 1 1 1 1 1
1000 10 9
1 1 1 1 1 1 1 1 1
934 9 10
8 8 8 8 8 8 8 8 8 8
734 3 10
1 2 3 3 2 1 1 2 3 1
345 19 10
10 10 10 10 10 10 10 10 10 10
765 10 10
10 1 10 1 10 1 10 1 10 1
1000 100 10
10 10 10 10 10 10 10 10 10 10
734 20 10
1 2 3 4 5 6 7 8 9 10
631 16 10
10 9 8 7 6 5 4 3 2 1
4 7 9
6 1 3 7 3 5 6 2 4
2 11 5
2 1 5 6 2
2 14 9
9 4 5 4 6 1 4 1 10
4 7 9
7 4 3 3 7 1 2 3 2
841 10 9
2 3 10 3 3 1 9 3 6
302 11 9
5 2 2 6 10 4 10 7 3
618 7 10
3 2 4 5 5 1 3 2 3 6
837 12 9
6 2 6 10 10 9 6 2 2
5 20 9
2 7 9 2 10 9 6 9 4
7 20 10
4 4 9 4 1 8 6 8 9 4
8 28 10
4 10 3 4 10 9 7 8 7 8
8 24 9
9 10 8 9 4 1 2 4 7
43 10 9
5 8 9 5 8 7 8 7 9
78 28 9
9 8 8 8 6 7 8 7 9
217 25 9
7 7 7 8 5 7 7 8 7
343 13 9
6 9 5 7 7 6 7 9 9
420 27 10
9 7 9 8 9 7 7 9 9 9
519 61 8
6 6 9 5 7 7 6 6
637 13 10
5 7 6 6 7 6 9 7 8 5
802 70 10
5 9 8 9 8 7 6 7 5 7
222 52 8
5 5 8 5 8 9 8 9
196 18 7
6 6 8 9 9 8 8
595 25 7
8 9 6 6 6 6 8
666 20 9
7 6 8 5 9 9 5 6 6
733 94 8
9 6 9 8 6 7 9 5
925 58 5
7 9 8 9 9
855 81 9
8 6 9 8 8 8 5 9 9
584 20 9
9 6 8 9 9 6 8 5 7
483 8 5
8 5 6 8 6
787 38 5
9 8 5 7 6
947 4 7
4 4 4 4 4 4 4
383 84 9
7 6 8 9 8 7 7 9 5
359 38 9
5 6 7 8 6 5 6 6 7
898 62 6
9 6 9 5 9 7
