60 1770
37 47
8 40
4 39
6 43
20 33
57 59
20 41
36 38
14 37
20 44
25 50
55 57
25 51
16 33
41 42
12 17
2 19
18 33
12 49
13 15
8 15
18 32
47 57
45 48
3 11
4 48
11 58
21 56
17 37
2 58
20 38
15 33
17 53
23 32
30 43
38 54
21 22
6 21
5 24
25 33
27 49
13 29
25 41
21 42
42 60
12 33
13 55
3 47
10 36
46 55
7 9
20 49
15 40
7 10
28 49
11 52
14 46
15 36
4 44
21 58
44 51
29 41
2 40
29 40
1 14
48 60
35 48
14 26
31 48
7 42
17 30
18 19
14 21
13 22
5 23
10 21
11 26
17 38
17 45
15 60
6 54
7 44
16 59
32 49
26 36
33 41
24 46
47 52
5 46
14 47
21 25
19 37
26 55
32 54
5 7
7 41
6 38
23 43
24 26
20 51
50 59
3 51
3 12
9 11
9 18
24 42
17 59
1 24
32 43
1 13
9 30
7 45
4 11
19 36
14 22
13 42
44 46
8 26
1 21
19 42
33 46
16 32
4 36
28 53
32 46
1 8
20 45
26 51
53 54
6 15
36 51
41 47
11 44
44 54
11 47
31 36
31 35
33 51
2 39
8 33
22 43
32 50
13 47
18 56
13 45
50 55
28 36
1 48
29 56
23 29
33 36
2 34
8 25
7 34
17 36
34 37
49 56
11 45
3 49
9 21
42 54
36 39
5 28
44 56
27 43
22 38
16 28
7 39
24 57
6 39
11 14
24 40
3 33
6 41
1 19
37 45
15 58
26 44
37 57
3 34
52 55
23 25
39 54
8 59
12 45
3 28
18 29
28 33
12 60
21 34
30 56
8 18
40 49
33 55
59 60
41 58
23 41
33 58
22 47
18 50
30 51
7 37
4 58
13 31
19 45
48 57
22 41
4 18
5 12
16 29
14 19
1 56
31 55
22 28
30 59
48 55
22 33
27 53
42 58
44 48
9 56
19 23
19 49
18 48
10 26
17 55
15 38
40 54
11 46
26 39
42 49
2 54
11 30
34 35
25 54
53 60
14 49
10 30
32 40
55 56
11 37
6 57
30 55
37 50
31 50
15 59
31 33
28 30
4 52
45 51
26 58
26 43
2 56
1 51
24 54
36 50
19 41
28 37
39 42
16 50
17 23
31 44
34 51
29 50
10 39
13 60
28 44
17 39
43 49
13 53
16 18
49 58
3 27
16 39
17 32
2 13
6 27
8 30
20 39
30 34
3 37
17 25
49 57
29 36
6 7
3 29
16 35
4 26
7 17
14 23
11 57
2 55
5 50
1 25
49 60
23 50
23 45
2 57
11 59
1 15
21 45
10 27
20 57
40 41
35 53
31 40
14 54
47 49
26 41
4 13
1 46
10 16
52 60
18 53
32 55
10 42
11 27
9 34
4 40
11 43
27 38
35 46
40 56
2 15
24 53
15 22
17 31
13 38
3 30
3 7
11 24
16 41
19 58
19 43
26 49
9 29
39 40
10 12
2 28
7 35
2 8
47 60
12 23
4 42
2 36
13 21
10 52
43 47
8 38
9 19
27 41
31 43
11 38
27 59
30 52
19 53
3 38
3 50
7 48
5 59
13 39
38 47
14 27
32 41
13 36
24 31
5 56
27 60
10 23
29 46
6 44
18 22
34 55
41 54
4 5
20 54
6 28
7 27
9 37
20 23
12 59
12 40
54 59
23 48
5 38
16 51
25 57
24 56
17 50
28 29
7 8
18 35
53 56
20 28
24 36
5 16
31 54
10 55
4 57
1 28
14 16
22 35
52 56
8 50
33 56
10 29
1 18
12 46
24 45
47 59
6 56
9 48
22 53
7 57
10 54
30 44
29 49
8 49
28 32
21 24
17 42
23 58
33 38
12 55
16 54
16 30
28 50
41 55
5 39
12 31
14 28
9 55
7 16
49 55
31 60
27 55
5 14
37 42
15 57
15 24
17 21
6 26
41 43
8 10
19 32
10 59
35 39
17 46
28 46
1 17
37 44
21 38
3 40
15 26
36 42
7 13
6 32
3 17
30 46
24 27
17 40
7 40
30 60
43 50
32 34
1 26
40 60
25 46
10 24
41 48
16 21
27 54
18 44
33 40
34 48
22 59
19 29
21 33
23 39
30 47
6 22
3 44
32 57
46 52
17 49
11 60
12 58
8 53
16 22
48 54
23 53
40 52
2 6
2 14
42 53
37 41
3 19
19 24
39 52
14 43
17 57
12 32
1 45
25 45
26 48
6 25
12 48
7 19
6 29
37 60
21 49
7 55
18 30
1 32
23 34
17 19
20 46
20 24
12 13
7 56
20 60
1 23
18 59
16 34
19 60
34 39
9 41
27 35
9 20
32 38
5 30
21 46
25 49
12 52
34 40
2 27
41 46
22 56
23 55
5 10
9 27
22 42
4 20
34 38
7 12
7 51
35 41
28 45
37 53
22 25
17 48
56 59
35 55
42 57
56 60
36 41
42 56
4 9
9 43
5 54
10 38
20 50
23 31
47 48
18 28
37 40
52 59
4 29
29 44
2 32
29 48
9 53
18 25
35 57
21 52
18 45
43 52
6 42
17 24
13 50
35 56
23 42
40 45
16 19
15 31
11 32
18 57
36 53
36 52
2 3
42 50
19 35
22 46
25 26
22 60
9 32
26 28
40 44
14 20
18 37
10 20
13 34
9 60
36 44
43 57
11 36
39 60
6 19
5 49
8 42
22 48
29 55
40 57
14 56
33 35
7 38
46 48
15 28
4 6
19 51
4 46
47 58
42 44
17 51
10 45
26 60
29 60
6 36
8 43
9 10
29 30
3 42
13 57
4 27
22 23
12 38
14 57
1 38
12 25
15 47
12 20
7 30
15 23
4 7
10 58
22 45
12 39
53 58
14 55
4 45
9 12
3 13
10 32
34 41
3 54
39 59
34 44
25 43
19 27
18 36
45 55
28 34
23 40
10 25
10 56
13 58
21 37
17 35
31 41
22 54
39 43
16 25
42 52
15 51
29 45
25 42
27 31
51 59
34 53
2 11
56 58
21 35
21 60
36 37
3 39
30 49
3 52
16 49
8 23
35 49
12 27
57 60
43 58
21 43
54 60
10 60
35 50
26 47
22 34
55 59
14 50
27 40
9 39
10 44
19 31
12 16
7 59
22 32
19 55
41 53
7 18
15 27
13 14
4 34
20 47
5 52
52 53
3 24
45 58
12 30
21 54
12 53
8 28
43 56
4 50
1 41
5 41
17 44
4 14
4 37
16 57
24 34
11 39
2 48
21 30
43 59
27 29
17 29
24 37
37 54
2 41
35 59
3 23
29 52
40 59
21 39
29 39
30 40
1 31
7 36
39 51
10 31
18 55
19 48
8 54
18 24
9 14
20 22
17 33
8 57
19 50
16 40
10 49
1 55
11 22
1 11
12 36
24 39
13 30
45 49
12 43
20 35
22 58
16 24
27 57
13 49
1 42
6 17
5 48
35 36
6 24
20 29
25 27
29 34
36 60
17 56
22 26
1 6
36 46
27 45
40 50
39 41
25 39
3 6
20 31
12 35
6 12
15 55
44 47
16 56
12 26
4 16
10 33
6 18
1 50
7 20
34 59
3 32
5 57
13 17
18 52
28 40
3 14
31 47
9 51
4 56
21 28
3 48
29 37
15 46
46 50
38 39
27 56
13 25
44 49
41 50
42 46
24 29
19 47
3 55
48 52
13 40
6 51
4 47
21 27
38 48
1 5
51 56
44 50
5 31
18 20
34 36
48 51
13 19
16 27
45 57
3 46
50 57
37 58
10 48
24 48
8 12
50 58
38 44
7 25
13 48
15 50
4 12
29 43
4 33
22 24
20 59
41 57
45 52
8 21
16 47
52 57
31 58
17 54
39 56
33 52
21 55
36 56
21 59
54 55
2 50
1 59
19 44
3 45
24 49
5 40
29 35
15 18
17 26
4 22
9 52
31 39
13 37
26 52
1 7
32 35
12 56
49 50
11 42
8 14
20 58
14 15
43 60
17 34
7 58
5 9
4 15
7 26
43 46
18 34
50 53
50 54
25 40
26 38
18 46
28 48
26 33
43 44
14 45
10 53
2 33
9 57
36 59
45 54
15 48
28 47
32 44
35 43
12 37
25 60
29 47
27 50
11 34
42 59
2 60
18 41
8 29
17 43
36 49
32 36
52 58
24 51
40 46
11 19
5 22
24 43
19 25
13 41
38 41
2 18
14 51
23 26
23 30
13 28
4 38
35 60
10 18
5 29
46 58
12 57
39 48
1 12
13 59
22 40
24 55
16 48
2 4
48 53
21 44
10 28
18 31
53 55
42 45
14 36
15 37
30 35
52 54
22 36
46 51
29 32
2 45
27 28
3 59
47 53
2 52
5 37
33 49
11 33
10 17
33 44
13 26
44 45
37 51
20 52
47 55
6 13
23 54
18 23
41 49
11 50
10 50
28 51
14 48
26 31
6 49
36 55
26 45
24 35
12 29
16 17
2 23
26 35
35 37
29 31
38 53
15 43
45 59
35 51
15 39
2 59
4 53
38 40
9 36
5 21
8 24
21 31
5 53
48 50
28 56
31 38
3 53
51 60
34 54
39 44
6 52
17 41
25 35
10 34
11 41
7 29
21 51
33 57
2 53
11 20
9 45
34 56
35 44
25 31
18 43
39 45
21 40
36 45
15 16
36 40
19 46
5 36
18 27
2 12
2 5
4 21
28 58
7 11
35 52
58 59
34 50
16 60
10 15
17 27
25 58
13 44
3 56
9 59
3 25
1 36
28 59
11 17
13 51
15 52
5 20
28 52
7 28
5 18
6 60
39 57
17 28
1 22
24 25
36 54
27 42
20 56
4 25
17 47
14 53
23 46
56 57
24 50
37 59
19 20
45 53
1 4
38 50
24 58
40 42
8 60
8 35
24 38
12 18
19 59
37 52
29 59
3 41
43 48
23 44
21 50
11 29
10 41
25 29
48 59
6 35
10 14
7 33
51 57
15 41
19 39
45 47
14 33
23 33
3 5
10 37
27 52
16 58
40 48
18 39
33 47
39 53
7 22
21 36
9 42
20 42
25 32
27 32
6 46
45 56
9 25
15 44
37 49
23 28
20 40
20 30
14 30
27 58
27 33
12 34
22 49
10 40
5 34
18 54
47 54
1 3
9 16
7 14
5 32
30 57
11 13
15 19
14 52
49 52
32 39
4 35
31 45
29 42
30 42
2 31
55 58
1 10
48 56
17 60
17 20
3 26
21 26
23 56
10 22
24 28
30 38
8 20
46 60
50 51
4 32
6 8
14 44
38 49
12 19
33 53
30 58
32 53
2 22
27 36
27 37
5 43
20 27
3 43
40 58
31 56
8 45
23 47
28 54
22 51
33 60
5 13
53 59
23 57
14 17
6 11
3 4
46 54
5 6
18 26
31 52
51 55
37 56
7 24
18 47
20 43
15 45
6 10
47 50
11 54
12 22
8 13
8 58
35 54
2 43
8 22
18 21
9 33
16 55
8 48
38 56
15 53
54 58
33 48
24 59
21 47
9 58
12 41
31 57
48 58
8 55
10 19
38 51
37 46
19 57
7 47
25 48
13 23
38 42
49 51
13 56
10 43
36 47
32 37
20 48
4 49
7 23
41 51
20 34
35 58
51 58
33 39
19 28
12 44
2 49
40 55
9 46
5 60
43 51
5 35
15 49
9 44
27 34
2 10
8 44
8 27
11 18
32 59
31 42
6 20
16 44
21 41
30 39
14 18
3 10
1 53
51 54
11 49
13 46
25 56
22 55
20 21
1 27
4 41
19 22
4 31
5 11
21 29
42 43
35 38
24 44
2 25
10 46
46 47
4 59
6 59
49 53
9 31
30 41
22 29
3 21
2 35
3 22
16 20
22 27
58 60
34 42
2 26
30 54
19 33
12 50
3 8
12 28
15 42
44 60
9 47
45 60
34 47
5 47
15 20
1 57
6 47
13 32
8 41
6 45
29 33
23 35
31 59
9 15
7 60
2 20
8 51
46 53
36 57
36 43
31 34
23 60
6 37
12 54
5 19
11 12
3 60
30 45
7 21
6 58
4 8
5 55
12 42
23 38
1 47
19 21
3 18
1 60
12 14
13 27
16 45
14 25
21 57
26 54
32 48
39 49
9 49
5 15
7 53
25 53
13 52
31 32
39 58
25 28
2 7
23 37
48 49
18 42
16 52
26 34
40 47
23 51
13 54
33 54
16 43
22 30
2 46
9 50
34 45
11 16
1 35
51 52
8 52
23 24
8 46
44 59
14 41
31 37
39 46
17 52
37 48
1 30
4 23
15 35
12 47
6 9
33 45
38 46
33 42
4 10
5 44
6 48
11 23
32 45
10 47
26 32
13 43
6 50
26 37
14 59
1 9
16 46
35 42
45 46
11 31
21 53
39 50
12 21
34 49
25 52
38 57
14 32
23 36
3 31
36 58
7 50
16 26
8 32
11 25
16 42
11 28
20 36
6 31
8 37
14 29
24 52
14 34
5 58
35 47
26 59
31 53
23 59
9 17
19 54
6 16
15 32
32 42
11 15
49 59
6 30
25 36
5 33
33 34
4 43
4 60
15 30
22 37
11 51
1 44
30 33
8 17
38 45
4 19
11 48
33 37
41 44
38 60
54 57
5 27
44 55
42 47
27 51
43 53
7 43
8 9
28 41
28 43
27 44
15 34
29 54
2 21
9 35
32 47
25 37
9 26
4 54
46 56
12 15
29 57
49 54
20 55
22 50
42 48
43 45
4 51
26 40
13 33
2 9
44 58
19 40
1 40
30 37
43 54
4 30
14 42
26 50
19 26
22 31
29 51
28 60
3 9
13 20
4 24
28 42
27 39
35 45
5 25
22 57
33 43
6 23
5 17
20 25
41 59
41 60
5 51
8 16
20 32
42 55
38 58
2 29
50 56
41 45
6 34
2 24
3 36
51 53
38 43
8 34
57 58
22 39
1 58
40 51
26 29
3 15
15 56
36 48
1 52
11 56
33 50
19 52
30 32
8 56
1 29
2 42
11 55
16 36
46 59
39 47
14 58
2 16
7 49
24 60
24 47
26 57
15 54
15 29
27 46
37 39
10 51
19 34
38 55
4 55
32 51
9 23
26 56
20 37
7 15
2 47
1 37
5 42
37 55
12 51
16 38
2 17
1 16
17 18
10 35
9 24
1 2
53 57
28 39
46 49
12 24
34 57
14 31
24 41
1 54
27 47
44 53
21 32
34 43
7 52
7 32
38 59
37 38
33 59
32 60
1 34
28 57
30 36
16 53
32 58
34 60
47 56
2 51
44 57
25 55
2 30
16 37
6 55
18 38
16 23
3 20
6 53
18 51
11 21
31 46
1 20
43 55
47 51
25 59
14 38
30 31
26 30
14 60
18 58
7 46
50 60
26 46
24 32
15 21
37 43
6 33
25 38
25 47
22 44
32 33
5 45
8 39
26 27
28 31
14 24
1 39
10 13
6 14
29 58
9 28
18 60
2 38
42 51
16 31
21 23
38 52
44 52
13 18
8 11
29 38
23 27
2 37
11 40
19 30
18 40
7 54
1 43
14 35
24 33
1 33
9 54
17 22
31 51
9 38
14 40
19 56
27 48
41 52
15 17
10 11
11 53
27 30
34 58
25 44
26 53
8 47
28 38
20 53
50 52
3 16
25 34
29 53
13 24
54 56
32 52
13 16
21 48
30 50
10 57
3 57
30 48
13 35
14 39
20 26
35 40
15 25
31 49
17 58
40 43
8 36
25 30
9 40
4 28
23 52
30 53
5 26
24 30
8 19
40 53
4 17
28 55
34 46
9 22
11 35
18 49
6 40
46 57
28 35
5 8
41 56
7 31
8 31
32 56
22 52
19 38
23 49
9 13
3 58
3 35
2 44
39 55
45 50
55 60
26 42
34 52
1 49
