44 1400
39 41
16 22
18 36
28 41
20 21
15 43
8 26
5 12
32 40
8 17
30 35
26 33
37 38
25 34
3 34
10 13
15 39
10 12
4 28
3 35
4 15
6 36
23 37
10 41
9 38
15 37
9 27
21 33
19 44
6 11
14 37
32 44
15 30
30 37
9 10
29 44
8 10
3 42
25 34
33 35
23 40
7 28
38 43
7 14
8 42
7 42
5 16
5 35
2 4
4 10
2 32
2 11
20 37
8 32
21 22
11 13
24 25
9 41
3 15
9 26
6 22
32 43
25 32
30 31
3 44
31 38
11 18
18 22
23 25
16 26
19 24
19 21
39 40
27 38
7 27
18 24
35 36
8 19
9 15
3 18
11 27
28 42
7 26
20 44
29 31
25 29
17 23
6 42
1 44
8 23
5 32
22 32
8 25
1 21
29 42
10 40
24 38
14 44
8 21
18 25
36 37
35 36
3 22
23 27
14 32
9 13
1 44
3 14
28 35
7 39
8 43
8 37
20 36
14 41
11 16
18 26
13 34
4 37
17 25
7 11
31 36
7 12
9 18
14 26
7 38
3 37
37 42
12 33
17 35
15 20
12 22
2 44
10 24
13 15
1 26
13 30
28 37
1 30
14 33
30 43
11 25
16 33
2 31
23 26
36 37
16 38
16 44
33 44
7 18
2 37
4 34
30 39
1 33
6 22
27 36
2 21
5 10
8 11
13 24
15 33
12 33
11 14
13 19
1 28
25 41
28 32
11 37
6 29
24 43
7 23
4 12
15 19
1 6
35 42
24 35
26 41
1 7
20 28
17 39
18 43
2 40
2 37
10 38
12 19
12 27
2 36
2 33
1 24
14 20
6 12
17 32
17 35
2 8
3 27
6 11
8 44
8 36
11 30
4 24
16 37
25 39
25 40
34 44
9 40
18 36
14 19
34 36
10 40
17 29
9 42
9 19
9 32
13 38
16 31
23 31
19 26
8 31
17 41
9 17
2 11
16 17
7 29
14 35
1 22
12 26
3 28
10 28
4 22
26 35
27 43
15 31
10 21
22 42
36 41
25 38
4 29
17 42
12 30
10 33
3 32
26 34
15 16
27 44
5 8
21 26
14 20
8 23
15 17
5 30
22 41
3 11
22 38
12 38
31 40
15 23
4 39
12 30
8 24
36 43
13 19
9 25
22 23
11 29
16 23
20 42
20 25
2 10
15 18
31 39
23 36
7 33
5 34
7 16
36 43
15 40
9 11
9 20
34 42
5 21
27 29
24 25
2 24
13 14
20 38
16 32
9 33
22 23
21 40
6 12
25 33
15 41
24 40
3 34
3 25
30 38
7 21
20 27
1 16
12 37
20 24
13 23
2 26
14 24
21 28
16 20
17 26
8 30
26 39
7 41
6 42
31 36
14 17
2 23
21 35
35 39
2 25
5 18
6 10
7 8
39 44
11 34
11 35
8 14
3 41
10 19
27 37
16 30
4 19
31 42
13 28
35 39
26 44
5 44
12 14
22 36
4 31
4 32
21 34
8 39
9 39
29 39
14 31
7 15
10 43
8 18
11 33
20 22
12 21
17 42
14 31
21 29
19 35
10 35
10 34
21 30
3 36
12 42
2 30
18 37
19 39
1 9
4 41
5 6
6 14
3 31
6 35
15 29
21 42
6 15
20 41
37 38
3 4
36 42
6 28
3 19
36 44
24 33
21 28
2 3
38 39
12 41
3 29
21 44
8 33
11 33
21 39
15 36
7 39
12 38
11 43
18 28
12 24
19 23
32 33
28 40
16 20
14 23
23 41
5 27
25 31
26 37
24 42
18 39
16 39
13 35
26 35
27 28
1 2
10 20
19 41
8 22
16 30
17 29
1 42
5 9
20 35
24 29
24 31
28 34
18 35
17 44
3 30
13 20
27 28
3 44
21 25
3 8
8 31
12 35
26 36
9 39
12 25
9 25
15 18
15 26
6 39
19 27
8 38
33 41
26 36
4 42
9 34
5 22
6 26
8 29
22 28
29 41
20 40
21 30
5 37
27 31
2 29
14 34
32 34
21 23
7 25
5 35
14 29
7 23
33 36
36 39
2 24
28 33
4 17
22 37
34 42
1 11
33 35
23 26
12 20
13 41
9 21
28 33
18 23
13 44
5 41
30 44
16 43
6 21
14 43
10 12
22 29
1 19
37 39
3 37
26 29
5 31
17 41
24 43
4 28
4 35
22 40
13 36
22 33
6 44
7 31
18 39
3 40
15 21
17 21
24 34
1 4
2 19
7 24
32 36
23 28
23 35
35 37
19 25
10 15
20 24
14 37
26 30
8 22
16 26
17 34
2 23
26 40
12 20
10 27
15 21
20 34
13 22
24 36
10 36
10 23
15 24
1 11
3 27
19 34
23 28
32 41
6 24
41 43
30 31
3 17
1 27
31 32
17 44
15 44
6 13
30 44
6 27
19 44
6 31
18 25
2 12
9 30
23 33
9 34
20 30
6 43
28 30
4 36
21 36
16 42
30 41
8 9
29 32
2 9
26 32
2 13
11 42
28 31
21 32
14 30
19 31
32 42
6 40
5 11
28 37
13 18
20 32
5 33
14 40
5 14
23 35
30 34
12 37
21 43
14 42
22 44
27 31
11 41
29 37
5 24
1 38
17 27
10 24
33 37
2 36
24 34
16 28
11 37
10 17
13 21
16 36
9 43
18 38
13 42
6 37
35 44
7 8
11 32
12 40
22 34
26 42
5 38
7 44
5 7
4 33
10 31
32 41
10 21
3 6
6 40
28 40
37 44
6 30
1 17
3 6
14 44
4 8
2 27
16 36
34 37
5 26
17 18
13 22
20 39
36 40
15 36
12 34
5 13
34 41
2 30
13 26
27 42
32 35
3 5
11 31
8 15
23 40
17 30
1 29
15 33
3 39
11 26
11 12
23 31
23 43
6 38
9 24
18 27
35 43
25 33
39 42
14 23
1 16
25 32
7 15
12 23
26 41
42 43
5 37
7 36
20 43
4 27
33 42
6 16
9 31
4 23
5 13
29 30
9 12
3 26
29 30
6 34
7 20
11 16
9 28
7 19
26 40
20 43
10 32
11 22
5 30
1 36
34 35
27 35
9 21
12 36
19 28
38 40
9 22
19 36
5 14
35 42
22 32
5 26
12 15
26 31
6 17
19 30
26 39
10 17
35 41
11 28
10 26
27 32
16 41
13 42
14 22
9 23
36 40
26 33
4 44
24 38
7 30
2 44
7 27
30 41
25 42
16 38
32 33
5 8
6 20
23 39
18 20
7 38
17 28
38 41
14 38
15 27
10 44
25 35
3 33
4 8
4 18
8 35
42 43
2 21
12 18
2 12
21 36
2 20
15 41
34 39
4 21
29 38
18 31
20 29
5 39
32 38
4 16
2 22
4 11
19 20
34 40
16 17
13 27
9 44
2 8
8 14
11 21
10 37
2 3
6 23
8 13
34 40
11 29
10 23
1 33
27 34
3 7
27 30
26 29
40 43
1 40
11 27
29 36
14 30
5 27
22 43
11 15
23 24
7 37
24 31
15 35
10 11
2 35
18 38
11 25
1 38
3 29
12 39
36 38
3 9
15 42
7 17
16 18
17 36
27 40
41 44
38 41
21 27
8 40
4 43
14 33
25 36
26 42
20 23
23 32
33 39
14 34
26 37
22 26
20 37
20 42
10 15
22 27
25 30
14 19
10 11
36 38
7 9
13 25
10 25
18 20
15 25
2 16
16 24
7 32
28 44
32 37
12 22
28 38
25 44
40 43
17 20
13 27
31 43
40 44
21 37
22 39
33 40
8 39
3 13
15 29
10 33
36 39
30 34
18 32
4 26
4 44
11 36
16 44
5 42
11 19
17 24
11 36
2 13
13 36
21 32
1 3
31 34
5 25
8 15
23 34
20 25
17 34
4 16
10 28
19 40
29 43
12 16
1 30
30 37
13 17
7 35
12 21
35 40
20 33
16 23
1 34
2 35
8 41
15 31
15 38
7 20
37 41
8 41
7 9
29 43
26 43
9 17
16 35
14 35
8 12
13 24
7 10
31 35
8 20
7 43
16 40
39 43
22 30
10 22
16 42
33 34
30 32
7 17
16 28
9 42
12 13
6 26
16 21
12 41
13 43
17 28
2 43
10 37
7 13
8 18
14 22
16 24
24 32
2 18
16 27
34 41
19 32
1 12
2 15
9 31
18 43
27 40
19 35
30 33
20 31
21 40
14 43
24 28
19 31
5 28
6 25
5 18
10 25
11 23
41 42
27 36
13 40
13 18
3 14
4 9
11 26
3 23
5 7
7 26
17 37
12 29
17 37
4 30
16 34
5 20
4 6
21 31
1 29
23 44
1 42
23 42
42 44
15 37
34 38
17 43
15 32
18 27
1 25
2 5
36 41
26 28
10 39
13 37
9 16
1 6
29 44
28 39
15 39
18 28
17 39
10 34
32 34
36 44
15 28
16 21
10 43
28 43
18 21
2 17
4 7
15 16
25 28
17 33
23 36
7 22
5 36
2 10
32 43
11 17
17 20
2 39
16 19
4 19
14 40
21 43
14 15
12 32
18 42
22 24
7 35
24 37
18 19
13 14
2 17
17 26
2 28
6 25
7 40
16 39
28 34
6 7
24 26
6 34
6 33
10 41
1 39
13 33
3 10
30 42
8 27
14 16
27 39
1 8
11 44
9 33
14 15
4 7
39 44
20 40
2 40
15 17
24 35
21 44
20 27
7 36
5 15
37 44
3 12
12 39
43 44
4 20
24 44
13 37
5 17
5 19
3 24
18 34
13 25
31 42
31 38
25 37
12 28
19 37
22 40
4 18
28 29
4 5
24 30
13 20
5 43
25 43
1 35
33 38
2 38
1 37
1 43
23 27
2 31
19 37
25 27
25 28
11 20
14 36
20 33
18 22
9 29
15 20
9 30
6 9
25 44
27 38
1 32
1 28
15 34
2 27
18 29
6 19
28 35
19 32
7 10
31 33
8 27
22 29
15 40
4 38
19 43
2 14
13 16
12 43
34 37
4 12
15 25
24 39
23 29
18 41
22 24
22 35
34 38
1 41
19 33
11 24
14 17
27 35
5 23
5 25
39 42
12 16
10 19
4 40
20 26
12 40
10 27
30 43
14 16
13 31
30 42
17 22
23 43
5 40
17 40
8 16
29 35
11 38
34 36
3 41
12 17
7 30
9 37
9 20
11 40
33 42
19 20
17 38
13 41
18 19
27 33
31 33
29 33
31 32
20 32
7 40
2 6
5 22
14 36
6 24
17 38
2 16
32 39
5 41
29 40
10 22
24 27
21 31
13 32
4 41
14 28
25 26
19 23
9 35
18 24
7 33
2 7
6 37
9 26
13 31
37 42
14 18
1 13
1 5
27 41
34 35
19 29
4 21
30 36
19 38
17 40
8 13
15 22
29 34
4 43
1 18
16 29
4 20
23 41
3 4
18 40
5 29
21 24
23 30
1 31
10 29
31 37
32 40
4 42
3 16
17 18
5 15
13 29
5 16
8 34
12 14
4 36
21 38
18 33
6 18
30 40
33 43
38 44
22 25
33 34
7 22
27 41
38 42
2 42
3 30
11 23
10 42
18 31
25 40
26 27
14 27
12 44
7 11
10 35
24 39
30 39
17 22
16 25
11 30
7 34
37 43
15 38
21 34
6 27
9 14
12 34
22 31
21 41
2 43
7 19
10 18
9 41
35 38
18 44
5 9
12 29
16 34
14 21
12 31
7 37
8 38
29 40
3 36
15 19
19 38
1 36
8 37
14 28
4 13
19 22
19 42
19 33
27 43
16 37
26 44
9 22
28 36
11 39
23 38
3 32
13 35
1 13
22 41
40 42
28 29
2 25
22 38
14 41
3 21
1 14
8 28
6 8
29 39
12 27
8 42
10 39
1 23
20 22
2 34
7 13
6 21
24 41
12 28
24 26
22 25
10 13
3 38
3 11
18 30
19 22
37 40
33 44
1 10
24 30
9 44
19 26
2 41
16 27
15 42
8 26
31 35
17 25
25 41
25 31
29 35
17 31
6 44
3 20
14 39
13 15
7 34
9 16
7 41
13 21
34 43
20 39
27 39
3 43
1 15
1 40
11 44
18 21
25 30
17 19
31 41
2 7
10 16
10 36
10 30
9 36
12 42
42 44
2 42
23 37
33 37
17 43
1 20
11 20
32 35
6 32
26 38
19 40
11 34
14 25
1 3
8 24
6 41
4 14
1 5
38 39
9 24
10 14
8 28
16 43
31 44
34 43
21 39
40 41
13 34
4 25
13 39
