25 606
9 20
13 15
11 15
1 11
3 18
12 24
12 20
11 13
5 23
2 13
2 22
6 20
13 25
11 23
11 12
3 19
5 16
2 15
14 18
10 15
11 12
21 23
10 19
18 25
16 18
2 16
8 25
14 24
10 25
7 11
20 22
20 22
18 24
3 11
13 25
14 23
1 20
7 15
9 22
6 16
16 23
8 10
13 15
16 23
12 23
1 18
16 17
13 17
6 21
10 21
7 19
11 21
12 18
15 21
8 15
8 24
4 14
11 16
13 20
1 21
2 15
7 17
7 20
13 18
20 24
20 25
12 25
3 13
2 6
10 22
7 21
13 16
11 20
8 13
9 12
7 13
10 17
17 19
5 19
8 9
10 21
11 18
4 6
16 21
6 9
4 17
12 14
19 22
3 10
14 22
18 23
14 23
7 10
16 25
21 23
1 7
12 19
9 14
4 18
6 24
15 17
6 25
8 22
2 24
3 15
6 13
6 10
2 24
2 6
15 20
10 14
7 12
12 13
2 8
20 21
7 8
10 13
9 18
17 25
8 23
17 23
6 7
5 14
5 24
6 10
5 12
11 24
2 8
6 7
7 12
1 24
3 4
8 13
9 25
18 25
8 25
4 5
6 11
8 14
12 24
11 17
3 16
3 20
15 24
8 18
8 18
12 23
1 8
5 25
14 16
16 24
11 19
5 18
19 21
14 24
9 15
9 21
5 8
19 22
9 18
6 25
1 21
3 24
13 22
21 22
2 20
15 25
8 14
5 8
6 9
10 13
19 23
6 11
23 25
5 20
14 19
9 22
2 14
2 20
5 16
18 25
16 17
5 23
17 22
12 21
2 4
9 22
4 5
21 24
10 11
2 14
11 17
4 22
3 17
5 9
2 19
8 11
18 23
18 23
17 24
2 22
1 23
7 12
8 15
8 22
18 19
11 16
3 25
4 24
18 20
6 15
6 15
4 21
11 14
5 21
6 12
1 17
15 18
13 21
2 24
15 24
8 16
21 23
17 18
8 17
5 18
8 20
17 25
4 18
2 13
18 22
3 14
16 22
15 23
11 25
11 17
2 23
2 8
3 18
5 24
2 3
5 20
2 13
22 24
14 24
16 23
7 23
9 17
2 9
8 12
9 25
10 16
11 16
17 18
10 12
17 21
5 17
1 13
4 16
1 4
3 5
2 4
5 25
4 19
7 18
1 13
6 16
13 18
6 13
4 20
15 16
18 24
2 12
22 23
13 14
4 23
7 24
5 23
2 15
3 14
10 24
14 18
17 22
3 9
8 9
20 24
7 9
18 20
17 20
5 6
11 21
5 16
1 3
19 25
8 9
12 17
10 22
6 15
7 10
9 23
5 11
4 12
9 19
7 22
19 25
16 20
16 19
3 19
1 4
1 10
1 22
6 21
15 19
7 16
5 20
6 8
11 15
4 17
1 18
11 12
17 24
10 21
4 23
1 13
3 6
2 21
14 22
9 13
4 23
6 18
2 17
2 23
3 5
12 25
10 23
18 24
5 12
23 25
12 24
6 20
11 21
4 15
1 15
1 20
12 16
19 20
13 22
14 18
6 13
2 12
2 25
7 20
12 21
15 21
3 16
10 18
11 20
11 22
6 22
10 17
20 22
3 15
9 19
9 15
14 21
19 23
13 24
7 11
4 14
14 17
12 15
9 24
13 14
11 23
12 22
6 23
17 25
20 21
3 15
8 16
15 25
9 21
5 17
14 20
10 16
10 20
1 25
2 25
16 19
13 19
17 20
3 7
4 7
9 25
18 19
3 22
1 21
6 24
6 14
16 17
17 23
2 9
23 25
12 17
1 14
4 21
8 21
5 7
4 13
7 10
21 24
7 9
11 19
4 10
4 10
19 21
1 6
19 24
16 24
11 13
12 20
13 23
10 22
16 22
3 21
7 13
19 22
7 21
23 24
1 2
7 20
17 18
5 13
4 20
4 18
2 22
3 8
5 22
5 10
2 17
12 21
7 16
14 25
2 17
6 10
1 6
14 23
1 17
6 18
20 25
14 25
2 18
5 9
18 21
21 24
6 18
5 10
4 24
13 18
16 22
2 10
17 23
19 24
1 24
1 25
16 25
2 10
24 25
15 24
21 25
1 14
14 15
11 15
11 22
6 8
12 13
13 24
2 5
5 9
7 14
9 16
2 20
4 20
3 24
17 19
2 10
1 19
1 16
16 25
4 25
10 17
3 20
2 18
6 24
17 19
9 10
15 22
2 25
1 10
6 16
1 18
21 25
9 11
5 10
7 18
3 25
8 24
10 15
15 21
2 11
1 12
12 19
11 19
9 23
7 24
5 21
7 25
24 25
6 17
2 6
13 23
9 20
3 12
12 18
5 24
14 17
10 11
8 24
22 23
14 19
20 24
6 21
7 18
5 17
14 17
22 25
15 23
9 14
8 22
1 3
5 11
7 8
9 24
1 2
2 14
24 25
7 25
6 7
14 16
9 18
12 22
16 24
3 23
10 12
14 21
5 18
1 9
4 11
5 7
19 24
8 19
7 9
3 7
4 25
11 22
6 19
16 19
3 8
5 15
2 18
4 9
8 10
3 17
11 23
4 24
5 12
4 7
3 19
4 10
1 20
6 17
1 5
9 10
4 5
17 20
1 11
5 25
3 25
13 22
1 4
15 23
11 24
12 25
2 5
20 23
4 11
3 23
15 18
22 25
22 25
10 12
3 8
1 9
3 23
4 8
2 7
