93 423
13 44
14 55
41 62
9 29
11 91
17 53
29 77
49 69
15 64
46 56
2 47
69 93
20 62
62 86
11 90
26 66
32 93
56 85
27 65
1 9
29 88
28 30
7 52
4 6
52 67
46 84
11 66
7 68
6 61
13 58
23 87
44 91
39 44
5 18
52 62
15 84
63 88
50 77
27 35
5 47
28 39
42 46
18 34
9 92
34 54
22 92
27 78
11 68
21 23
20 40
15 67
7 42
19 52
41 78
45 73
69 82
22 43
30 82
16 17
15 19
34 59
10 77
4 93
43 49
16 87
27 50
55 56
35 46
23 85
3 67
21 79
26 93
88 90
1 81
27 72
45 68
9 31
53 83
31 65
68 79
65 87
46 62
12 88
56 90
13 73
51 78
18 59
47 52
38 57
3 72
75 81
13 79
53 79
3 12
3 17
13 72
43 50
8 65
55 73
12 90
33 61
41 86
55 81
9 51
40 62
22 65
21 72
26 59
35 93
43 52
9 59
11 39
42 46
72 81
9 90
9 70
40 90
12 50
48 65
37 61
7 68
21 69
37 92
12 87
39 72
15 59
36 76
65 92
26 28
50 78
59 93
64 89
23 38
24 60
38 66
1 44
59 60
14 42
1 44
22 40
11 45
23 53
72 82
14 76
12 53
24 93
5 66
75 92
14 53
33 62
3 62
6 57
59 75
11 70
1 16
68 86
13 38
43 89
7 59
40 68
16 26
40 48
27 82
16 28
5 62
44 54
49 79
36 84
8 88
11 63
23 75
48 65
45 58
73 74
16 47
6 89
29 68
58 81
13 74
66 75
5 55
12 23
47 86
24 41
30 44
74 77
53 55
49 83
13 36
8 25
17 56
30 65
9 15
7 41
8 92
7 12
52 74
4 59
36 59
48 60
50 56
16 52
4 59
75 85
15 41
20 24
33 82
18 86
52 81
62 78
59 70
15 89
49 61
56 64
1 87
36 46
31 47
9 70
24 61
26 58
19 38
19 39
31 47
34 63
19 36
74 75
8 89
41 70
73 84
3 37
7 66
43 75
4 25
9 56
39 55
37 85
12 79
17 33
31 80
53 70
20 45
24 92
37 89
46 81
24 71
84 88
26 29
37 84
5 15
3 61
1 57
16 68
68 83
42 75
58 79
21 47
40 66
71 84
6 40
79 92
5 55
23 36
55 82
6 56
80 81
13 20
26 79
55 71
59 75
21 26
49 54
19 27
38 89
56 88
25 54
42 59
80 91
58 72
64 77
63 73
8 37
21 35
33 72
27 79
63 84
29 53
20 44
16 54
1 34
22 82
39 73
17 76
55 88
4 32
27 41
9 42
41 82
21 68
25 79
18 76
6 14
5 81
43 55
11 55
46 86
8 29
9 27
49 66
28 70
7 53
78 92
12 66
12 71
19 76
8 83
66 69
20 89
13 26
12 61
31 37
74 78
60 93
3 42
71 93
52 71
8 36
1 67
32 67
8 35
60 68
1 51
17 88
18 47
24 46
3 29
11 90
4 80
47 92
40 52
19 45
46 79
76 82
9 34
31 45
30 84
63 65
8 33
2 29
27 83
17 93
3 85
47 57
3 31
25 69
3 45
78 84
80 91
17 52
39 83
37 87
47 51
66 92
23 73
13 50
40 41
33 44
59 87
28 42
60 83
22 85
2 29
16 50
20 74
45 57
6 45
41 68
66 83
27 32
6 47
1 20
57 80
40 91
9 38
24 43
37 51
48 68
20 40
2 81
82 87
10 65
54 90
70 72
44 69
64 76
5 72
5 45
73 86
51 87
1 93
77 82
46 71
44 54
15 55
9 49
8 17
6 36
27 63
5 22
43 48
5 64
12 54
30 37
18 76
28 32
76 78
12 84
14 67
25 86
15 31
27 90
6 46
51 59
66 69
