198 748
31 48
4 28
44 45
29 167
162 176
11 29
22 161
38 187
19 184
160 175
42 191
26 30
33 40
178 197
12 21
27 157
21 44
39 197
14 197
158 190
4 46
28 158
158 161
17 173
6 198
8 177
26 35
23 41
35 44
181 188
40 45
3 34
16 188
5 38
34 171
22 193
40 190
3 27
25 178
163 177
166 188
27 186
26 38
40 158
28 49
5 174
8 19
19 27
42 156
8 182
31 190
21 164
10 36
29 156
25 195
8 42
8 188
21 160
16 171
16 27
26 176
5 197
36 37
15 161
178 189
12 176
46 175
46 156
155 190
155 156
28 192
32 156
12 196
27 181
1 187
156 161
166 182
20 35
9 48
10 194
45 174
40 41
7 42
180 187
46 168
43 162
165 179
164 185
7 179
36 160
17 35
25 185
12 186
46 175
4 8
31 159
174 175
9 195
25 26
3 190
22 46
4 184
156 194
168 177
43 47
155 181
42 194
2 168
28 170
20 32
18 155
10 166
20 46
5 9
9 27
17 160
6 167
4 16
7 172
32 179
10 165
1 35
10 39
29 30
40 42
33 180
1 173
1 165
21 198
13 27
36 175
40 49
14 174
26 188
30 175
8 160
36 44
25 189
20 178
168 195
26 38
4 18
9 189
28 194
3 190
23 47
189 197
37 170
43 46
9 188
37 45
15 177
45 155
33 163
31 185
170 171
175 195
41 198
15 175
170 181
44 186
36 177
163 182
2 26
18 42
32 174
188 198
5 187
41 169
43 190
21 35
2 35
8 155
14 39
17 170
158 182
22 44
28 42
166 182
36 188
177 183
177 180
29 40
33 156
45 188
18 162
5 179
34 46
10 31
10 172
40 168
16 39
175 181
158 174
163 166
20 170
5 41
28 180
43 171
1 28
36 186
190 192
21 162
8 195
37 44
35 42
155 162
31 171
19 167
6 16
10 18
181 198
21 49
22 161
4 26
164 165
178 185
159 168
14 160
155 180
7 17
24 155
180 181
30 197
182 196
156 189
15 48
31 167
30 167
43 169
9 173
47 159
13 186
23 180
34 164
190 195
158 189
156 191
175 176
160 172
40 198
43 178
44 46
33 177
181 183
163 198
25 182
6 179
20 180
169 171
181 185
25 178
13 170
25 49
166 192
33 44
37 198
9 19
8 158
30 42
32 46
20 39
183 197
19 39
32 161
22 186
23 47
158 176
46 170
180 188
38 183
28 44
173 184
37 48
160 174
17 26
21 45
27 182
44 195
41 156
42 48
4 175
6 30
6 31
23 191
24 192
17 192
162 176
39 159
44 173
16 176
31 170
3 15
31 198
3 28
23 47
18 166
22 176
3 19
1 180
21 195
42 47
6 36
24 36
29 187
55 131
123 150
65 152
104 141
53 55
147 151
56 109
74 114
123 127
116 145
77 145
74 124
87 101
58 121
51 78
58 69
82 147
110 151
103 145
88 90
68 98
67 129
77 137
85 126
61 106
117 145
52 94
81 143
80 153
88 112
70 97
63 133
96 101
81 94
58 111
51 86
125 133
60 144
74 106
52 123
81 104
65 97
99 125
124 131
70 109
108 109
141 146
105 114
55 93
66 109
78 129
62 87
82 122
131 149
64 114
73 126
86 150
109 126
84 104
86 91
132 135
107 124
60 100
68 82
86 112
72 131
128 138
79 137
69 106
138 152
94 134
79 150
55 101
98 120
95 133
115 119
73 142
104 114
116 148
57 113
109 136
126 144
63 66
103 105
102 108
126 127
116 153
62 98
104 146
83 90
60 127
73 82
93 104
119 153
86 120
80 125
123 126
100 144
60 85
117 146
120 152
91 154
96 109
111 151
51 132
81 83
61 85
86 117
78 98
134 146
71 153
101 123
79 106
110 133
61 130
69 121
101 127
91 96
53 62
59 76
89 141
75 124
80 146
92 102
88 127
104 154
77 79
102 144
83 86
53 135
131 152
85 116
71 74
58 85
88 129
116 146
134 136
77 114
100 107
68 70
80 145
64 135
91 113
74 146
50 87
94 148
90 110
80 108
81 124
110 141
127 151
72 77
99 131
68 128
122 152
64 92
52 124
95 146
104 131
83 97
57 84
98 123
93 148
115 123
84 106
86 94
61 136
51 133
65 132
113 145
88 108
89 130
101 131
93 106
56 110
51 128
68 141
60 103
57 59
62 141
83 111
53 111
51 153
69 93
51 75
123 137
55 127
62 154
70 116
147 148
54 95
101 129
109 121
126 145
71 119
76 83
117 142
59 62
53 154
95 122
107 117
62 154
108 139
88 111
66 68
72 128
110 154
61 109
70 74
117 136
90 107
75 90
65 138
77 135
91 96
97 117
51 105
53 87
54 83
54 72
69 110
68 140
62 150
52 125
52 93
125 127
111 119
93 94
62 97
53 150
59 111
135 154
50 144
60 109
113 149
80 106
63 64
137 148
63 94
118 147
68 92
60 110
60 74
106 136
135 144
95 152
58 128
81 147
110 136
77 90
106 146
61 69
118 133
96 129
101 112
103 122
51 72
87 93
101 108
121 143
56 118
103 114
89 118
113 129
100 139
79 105
50 126
90 150
60 153
79 80
75 140
97 128
72 152
67 134
104 135
67 84
120 138
51 119
54 88
58 68
81 100
73 142
52 67
65 102
65 115
51 150
53 101
92 124
53 149
62 94
88 125
119 127
122 126
97 144
53 116
120 125
50 141
62 93
76 91
128 148
77 133
63 111
71 97
105 110
50 64
109 129
103 118
111 125
114 138
91 119
62 97
57 75
65 83
95 139
66 142
130 146
88 95
58 65
84 105
52 93
58 65
104 117
74 107
61 85
88 108
148 149
117 153
68 144
71 144
77 148
82 133
57 84
89 102
87 117
69 127
120 138
69 88
70 96
116 146
66 76
56 98
92 109
88 105
105 139
110 117
106 151
136 144
59 152
52 85
68 136
118 135
52 123
139 147
83 87
82 132
106 132
83 86
88 112
98 152
57 74
149 153
104 143
64 65
83 92
55 59
108 145
89 152
107 148
110 137
57 128
124 144
79 103
115 141
136 149
77 93
57 124
133 142
96 108
114 131
139 143
75 87
54 72
127 128
61 76
127 152
134 143
108 111
55 108
93 147
81 99
125 130
83 144
72 99
97 104
75 100
140 143
128 129
121 129
58 74
96 149
59 108
76 108
94 139
81 106
77 98
99 127
66 71
50 76
99 123
72 148
120 143
96 119
52 98
77 106
76 109
114 123
140 152
110 139
138 148
90 123
57 118
105 130
82 151
55 137
124 141
85 136
69 116
91 134
56 77
51 90
100 126
99 142
102 116
54 100
74 141
70 82
118 126
54 147
119 144
101 131
64 69
62 68
63 113
