304 997
47 297
31 52
50 80
20 76
13 78
57 295
73 295
59 88
4 89
25 65
61 298
54 298
54 84
18 31
49 83
37 302
34 79
14 45
6 25
29 57
20 31
5 45
10 300
8 54
55 78
14 38
14 48
14 39
50 60
73 299
28 303
68 73
50 88
42 64
35 54
41 77
42 66
14 46
27 35
6 76
4 299
25 31
27 72
31 85
23 298
62 300
34 84
84 88
28 46
17 28
47 298
71 86
54 86
32 48
61 295
5 297
24 30
16 301
38 72
54 81
6 39
40 45
46 77
30 41
4 14
61 301
13 295
29 87
12 47
20 64
32 70
52 300
33 39
20 35
21 87
23 73
5 66
69 82
20 42
28 89
35 64
66 71
1 41
74 80
2 13
4 82
49 60
28 37
2 65
40 304
23 76
57 61
47 87
23 37
8 56
67 84
31 297
27 304
7 73
24 27
50 54
11 28
14 24
35 44
65 296
51 61
62 68
39 296
4 73
54 297
86 89
15 47
41 81
51 63
13 49
26 48
13 59
8 61
10 58
65 78
20 31
50 55
20 43
56 85
19 63
36 76
28 89
75 83
45 86
62 83
14 296
18 41
27 60
50 89
6 300
47 50
7 21
71 75
295 304
45 300
62 66
33 79
27 77
43 54
78 79
20 48
61 88
71 79
28 67
32 44
5 56
56 60
43 77
67 80
36 39
70 83
83 298
27 76
24 88
10 20
52 79
46 49
2 62
57 63
34 45
20 30
44 55
44 81
86 298
300 302
18 89
14 56
13 25
6 67
21 37
29 75
49 88
5 26
4 50
22 32
9 31
82 303
45 298
26 69
34 301
11 64
24 25
10 300
59 72
44 76
2 301
57 88
47 87
19 27
38 87
10 14
66 299
62 86
18 295
38 88
69 304
44 48
9 54
2 77
70 86
23 304
45 72
72 82
4 66
26 62
2 50
49 301
20 38
12 23
31 48
84 87
68 72
16 32
55 68
11 84
14 17
7 61
11 51
1 40
45 48
2 69
83 87
77 304
12 296
38 79
39 65
1 74
2 45
11 50
55 82
46 59
2 69
38 295
79 80
13 63
22 299
4 12
33 37
38 80
85 301
3 46
38 72
23 26
43 59
33 84
38 61
76 89
27 73
22 74
37 81
57 295
30 88
30 72
43 65
48 60
18 89
4 301
298 302
14 47
66 71
25 303
8 51
3 81
25 63
49 86
15 304
30 58
3 28
15 67
26 40
38 43
40 71
40 64
44 86
9 33
38 86
59 64
16 32
27 86
27 88
25 37
57 77
1 69
6 9
10 17
10 75
64 77
79 298
3 18
54 297
31 88
20 68
47 72
17 19
9 14
47 299
27 85
52 61
47 79
8 27
18 37
14 35
27 304
14 80
27 89
13 73
4 7
61 84
22 27
15 299
36 55
4 73
17 46
13 44
63 85
6 37
53 87
39 85
35 83
3 8
64 85
2 77
23 299
46 84
31 55
9 85
54 69
49 51
40 51
7 87
4 76
29 302
21 79
49 89
15 28
65 85
22 78
42 64
29 57
10 13
15 24
11 29
17 301
41 78
17 67
3 59
41 296
5 79
62 70
53 81
8 43
34 35
30 68
25 89
25 57
17 85
29 61
52 70
35 83
7 48
86 302
16 61
65 67
65 303
13 20
26 46
296 304
9 65
54 299
48 78
13 69
40 46
51 71
55 56
65 84
2 19
7 38
22 298
19 74
5 6
1 28
58 70
14 51
62 300
4 57
39 57
42 62
29 59
33 70
29 86
68 80
86 302
49 55
4 28
18 76
37 64
2 53
112 279
117 163
121 288
117 293
124 292
103 136
97 289
270 282
113 143
141 165
113 275
140 165
118 132
118 162
143 153
95 113
96 117
116 277
104 157
116 165
104 275
115 144
115 151
277 290
119 272
98 105
94 270
98 158
271 287
157 159
98 113
136 150
120 290
111 126
158 291
96 156
109 282
158 285
92 129
107 161
154 290
104 111
113 157
120 165
132 155
105 133
104 270
104 126
110 275
140 275
129 143
134 140
122 133
128 275
128 280
155 161
97 286
279 281
114 145
92 142
106 149
157 270
136 147
121 286
271 292
124 271
109 278
280 282
101 132
105 116
102 115
101 137
94 98
163 292
111 158
104 108
131 274
97 156
105 157
100 118
104 158
91 163
161 286
117 147
135 144
160 161
153 288
109 126
113 153
162 278
155 157
116 291
291 294
130 151
100 288
140 146
96 291
127 146
99 136
93 168
126 286
109 124
110 133
132 277
134 273
125 151
127 167
94 103
141 278
134 280
274 277
121 140
138 160
131 138
290 294
131 280
123 152
98 137
135 284
136 274
104 159
93 280
111 157
98 291
100 129
121 124
166 285
281 294
283 286
107 276
92 282
116 156
93 123
118 290
280 281
139 281
128 130
93 290
114 150
142 276
105 128
96 161
104 271
94 141
104 286
102 134
160 277
140 280
104 143
141 284
282 291
125 166
133 162
124 280
144 276
111 163
283 293
125 275
123 158
120 121
119 286
123 270
120 164
124 289
102 148
108 124
123 135
113 163
288 291
92 152
99 288
91 284
165 275
137 292
95 98
110 134
143 291
137 282
112 146
95 292
133 151
136 152
113 290
127 282
271 285
112 276
118 137
91 95
126 272
110 279
121 280
99 271
284 286
101 146
95 274
108 135
163 275
125 157
97 119
153 161
132 165
98 102
141 288
272 291
122 293
105 114
95 142
150 157
139 280
150 274
144 159
98 278
142 276
105 112
150 282
98 159
154 278
123 161
98 147
142 277
92 118
128 167
104 130
111 286
94 146
94 130
113 280
148 291
281 292
91 137
133 283
104 157
131 155
148 276
127 155
105 142
137 157
153 291
280 289
166 293
90 283
102 285
283 285
90 275
126 166
105 270
149 288
113 274
126 151
116 289
91 285
139 292
104 145
125 130
150 154
148 166
105 117
108 140
104 139
118 167
116 284
128 134
201 204
172 269
204 230
239 250
227 247
185 242
213 228
183 251
206 245
206 228
209 221
192 201
205 257
242 252
213 214
169 177
174 191
232 233
215 267
236 239
178 252
203 225
195 225
186 259
235 250
196 256
178 214
178 196
182 263
187 217
185 239
232 265
175 250
170 172
175 226
186 197
212 265
234 256
193 213
186 255
241 255
194 234
173 244
181 200
218 264
170 171
194 223
175 210
196 237
198 236
182 267
207 255
215 218
190 191
207 259
211 253
199 262
186 249
180 262
178 223
176 237
196 265
217 225
171 229
220 239
238 261
260 265
225 251
199 236
174 192
180 268
201 227
192 219
180 217
172 185
216 245
196 265
210 265
172 207
208 244
198 269
246 254
229 261
190 193
217 245
180 212
193 256
176 250
254 265
202 243
208 231
220 237
195 235
234 248
170 230
200 238
234 269
252 266
188 217
173 229
229 238
210 211
217 267
184 259
224 236
217 243
178 234
184 241
228 235
173 267
197 247
222 227
190 260
180 219
172 248
213 219
193 226
216 252
170 212
184 255
226 245
181 231
199 257
190 251
195 205
200 238
192 259
171 197
202 209
171 190
185 246
185 193
206 230
204 247
190 231
247 261
230 260
194 240
189 256
226 248
179 180
234 243
195 262
175 250
170 180
188 200
224 264
209 251
187 228
252 269
209 267
186 256
171 218
181 232
188 215
248 260
238 254
189 192
218 222
173 247
172 210
208 228
170 214
170 172
211 229
221 249
196 203
253 267
222 255
176 224
194 256
205 257
213 233
193 221
172 240
186 244
183 220
184 212
175 269
255 256
222 225
195 265
187 227
240 252
244 258
200 223
179 216
215 251
175 181
176 227
210 239
195 223
205 246
208 257
184 212
172 192
186 225
190 238
180 209
181 265
185 213
200 241
223 252
195 245
196 228
219 233
221 267
189 250
220 230
175 229
221 228
187 225
170 208
212 253
203 225
248 255
180 259
229 233
170 229
213 247
189 242
257 268
196 250
252 259
182 200
237 269
201 249
191 254
175 241
177 247
249 258
182 223
227 266
196 242
207 263
170 196
189 257
205 243
174 186
184 231
177 234
243 260
185 229
196 226
210 248
228 235
228 259
193 249
180 252
187 259
177 231
197 237
169 174
192 223
243 262
205 254
191 213
203 261
219 262
199 227
187 233
193 229
207 261
191 200
222 255
191 256
191 228
199 243
169 211
170 262
202 232
208 231
223 258
251 263
204 221
191 223
241 257
199 232
202 208
223 237
186 239
198 216
192 201
206 253
170 268
195 226
256 269
175 244
222 265
171 259
257 258
173 227
194 253
235 251
197 240
177 233
251 267
176 207
194 223
180 223
192 254
181 235
223 236
227 261
174 268
187 240
259 265
186 269
198 253
189 222
238 263
231 241
199 220
210 267
174 222
249 262
173 198
229 242
188 215
178 185
232 252
210 227
201 269
173 182
217 235
205 260
181 240
201 257
175 232
177 250
191 210
262 269
171 179
