390 1271
238 249
246 372
8 226
219 251
239 376
213 369
215 226
203 225
5 372
221 372
201 209
372 381
208 222
207 228
208 251
227 245
251 259
211 246
203 383
4 202
236 259
204 224
377 378
4 7
7 382
243 267
235 267
2 257
234 235
232 256
1 215
263 381
241 384
201 268
228 236
226 374
199 218
242 382
252 256
204 250
241 252
228 374
262 385
200 376
223 264
225 266
222 251
5 227
210 248
2 220
6 373
254 390
200 217
224 226
219 220
220 230
215 239
213 229
235 385
208 246
249 384
203 379
239 380
206 375
205 390
259 373
224 226
205 214
199 243
203 226
260 383
243 267
244 248
231 390
265 383
219 263
4 369
248 373
209 387
3 371
219 381
216 372
267 371
222 383
244 379
240 384
223 373
210 247
247 384
378 383
224 229
226 230
209 382
244 247
219 371
249 265
218 269
211 238
270 380
253 390
259 387
378 386
8 378
210 368
5 252
200 256
202 248
253 390
210 220
247 256
386 389
4 222
221 249
203 227
212 213
4 389
3 260
237 381
6 376
199 228
218 265
266 387
198 379
232 247
241 270
204 256
217 376
198 238
6 387
8 252
1 221
7 368
207 386
223 370
200 251
202 380
219 251
239 254
6 201
200 256
247 369
212 268
211 376
220 376
240 248
209 242
262 266
247 378
248 384
375 379
381 390
203 221
371 385
4 385
203 378
198 229
202 253
242 260
3 257
255 388
241 382
200 374
220 259
212 256
199 217
198 201
371 383
369 390
265 387
199 387
7 224
209 250
6 201
248 376
200 380
6 252
3 268
206 386
210 260
227 259
269 373
226 239
235 240
250 386
212 237
213 386
3 213
240 370
225 385
2 212
239 379
4 235
266 386
225 229
214 388
215 368
231 232
203 266
200 208
262 268
234 369
217 266
2 225
219 263
203 243
241 372
207 250
204 211
220 373
202 390
236 251
215 242
8 388
225 264
235 378
259 373
220 374
232 233
207 379
220 387
264 381
249 372
218 223
248 389
225 234
247 377
235 244
201 380
199 237
222 241
212 384
377 382
216 267
383 386
220 239
2 218
214 257
232 372
217 227
231 248
221 385
225 230
5 385
5 208
202 217
381 384
215 229
233 389
248 261
255 378
231 369
252 267
198 240
5 256
212 270
235 385
198 222
266 374
258 376
241 244
212 217
207 386
202 264
220 243
199 255
198 220
211 213
221 262
260 269
3 212
269 374
6 260
240 270
236 369
230 249
201 380
2 230
219 251
206 217
252 385
237 262
207 383
245 383
238 269
2 372
267 377
256 379
209 217
368 383
256 267
265 375
253 267
206 381
217 387
214 258
369 374
225 382
204 242
198 268
235 260
254 372
270 388
237 368
263 383
213 372
2 241
202 242
201 205
262 375
258 265
257 260
254 260
5 378
5 237
224 372
257 258
230 260
1 225
215 384
249 376
3 219
259 374
243 253
215 250
232 381
5 252
246 268
231 388
242 268
234 245
374 376
371 386
231 251
2 381
201 218
219 254
245 268
253 385
231 381
205 239
231 254
207 209
230 243
232 388
244 270
199 267
252 269
232 266
230 251
206 375
210 253
266 373
232 265
212 256
214 227
265 388
258 259
245 368
204 373
225 260
206 379
230 265
7 207
214 390
7 233
204 245
215 270
217 264
240 372
238 251
6 221
219 263
231 379
234 378
219 234
248 377
249 373
373 379
373 381
215 225
203 248
254 376
268 385
262 385
234 258
248 387
7 216
228 243
212 371
250 368
214 240
215 372
214 260
227 376
209 379
224 268
5 375
207 266
214 238
244 256
262 385
224 255
6 380
212 266
374 379
5 7
378 379
206 209
377 386
220 242
198 201
371 378
8 201
255 383
209 227
4 251
112 187
121 138
149 171
130 193
11 117
123 131
157 166
142 186
151 186
118 162
136 191
125 177
161 189
132 140
11 144
152 162
112 161
151 169
168 194
12 192
117 132
14 132
110 131
158 178
174 179
169 195
115 116
14 163
128 171
124 161
12 120
117 175
187 188
120 167
115 173
121 144
119 160
151 162
159 162
140 188
11 178
120 193
115 154
130 197
124 143
122 158
121 154
121 184
135 170
142 160
149 176
120 133
116 196
115 159
126 168
139 197
154 162
107 145
179 187
123 157
115 177
115 116
9 178
118 133
11 109
137 168
166 191
120 125
165 175
130 154
165 183
11 114
166 183
160 163
130 156
119 157
126 191
136 168
120 176
120 181
159 188
114 174
162 180
121 156
134 185
108 185
133 177
128 194
12 183
117 163
107 175
111 129
110 166
13 133
133 178
108 158
110 139
176 178
128 194
114 193
109 133
118 153
10 115
121 131
149 190
178 182
116 163
126 196
146 178
126 196
157 193
108 181
155 161
110 194
185 190
138 143
177 181
164 192
161 192
181 185
119 174
150 197
14 155
110 166
148 159
124 129
130 136
116 145
162 172
150 196
145 166
148 190
167 168
141 176
118 196
11 188
10 166
147 191
140 172
118 188
128 132
116 177
179 195
148 154
108 169
116 134
138 145
190 192
154 192
112 121
113 191
137 140
109 143
118 129
12 195
132 157
132 166
121 141
171 180
109 170
150 182
109 117
125 129
123 144
132 136
114 156
155 181
113 194
122 197
122 193
141 157
182 184
130 166
134 152
148 187
163 196
119 124
136 168
10 127
139 176
182 195
124 178
12 130
128 162
133 178
9 11
113 174
116 168
170 180
137 191
147 156
118 155
191 193
123 192
129 141
12 164
113 192
116 142
114 189
136 193
144 158
141 196
145 182
121 197
137 165
9 111
126 185
13 187
154 182
163 165
112 125
112 167
119 132
146 177
158 192
142 177
115 151
122 130
172 196
134 193
189 197
149 173
185 189
137 167
13 110
136 142
133 181
125 190
164 174
133 191
11 143
112 138
13 178
114 151
108 174
146 175
112 156
128 140
165 180
149 195
115 195
9 172
9 119
128 197
107 136
153 179
150 188
9 114
140 182
129 136
135 187
119 178
11 125
130 139
143 159
177 192
136 142
113 133
111 181
190 196
121 171
113 187
108 186
166 191
162 184
113 126
151 180
118 188
135 166
135 147
120 140
295 306
341 363
316 363
272 299
286 366
331 344
274 286
278 290
321 356
293 295
277 339
340 358
292 326
275 334
281 284
305 324
316 335
306 337
309 350
330 362
284 367
301 365
305 337
295 354
271 293
295 303
271 312
305 363
329 338
291 324
305 344
336 347
282 289
306 346
282 294
303 342
311 357
279 323
277 299
329 337
272 314
297 339
358 364
314 352
293 302
279 335
302 315
295 349
298 307
311 339
275 326
328 340
309 333
340 357
296 341
274 357
289 360
282 334
278 361
299 339
330 347
283 290
316 345
294 323
304 315
331 351
324 366
275 333
315 343
272 328
279 333
272 307
294 305
290 362
285 334
293 336
271 313
320 349
320 360
320 333
273 343
297 360
298 354
330 361
344 352
332 350
306 353
348 356
300 305
289 292
293 336
324 345
346 353
306 314
278 332
300 326
282 283
291 347
293 328
273 367
288 314
363 366
324 334
294 319
293 319
329 349
308 331
362 364
348 357
338 363
296 310
284 287
272 314
310 312
274 338
278 353
295 347
296 303
310 335
362 363
272 305
334 342
289 303
307 352
346 347
287 305
294 362
339 360
277 319
300 351
321 345
294 322
319 324
300 364
348 364
328 348
275 302
306 310
283 343
284 323
272 357
311 326
315 329
286 326
347 354
293 356
340 353
280 343
344 364
300 366
289 327
334 345
319 350
330 353
288 346
273 341
281 325
275 344
300 345
271 282
283 295
302 325
289 317
302 318
275 277
294 350
272 346
316 349
276 325
285 334
324 333
321 341
307 333
294 348
301 320
332 365
287 303
329 349
310 313
316 337
348 349
313 351
306 339
328 360
272 343
277 307
281 323
314 361
280 316
318 327
328 361
282 288
288 297
277 282
289 359
293 330
347 354
316 367
319 341
285 341
301 311
283 336
290 335
349 355
286 321
272 364
293 359
343 355
278 329
324 341
283 323
288 303
289 324
272 325
287 301
278 348
308 322
303 334
311 349
290 346
289 294
324 363
314 349
310 359
278 279
276 317
315 352
295 353
296 350
282 294
316 361
340 365
271 354
275 327
289 364
315 337
340 357
294 309
290 343
337 358
301 351
273 288
285 337
281 327
281 340
283 340
272 331
290 354
271 362
274 311
335 362
304 338
279 307
325 346
331 345
317 325
292 313
278 362
323 337
315 319
284 299
335 348
292 359
314 362
359 366
295 333
312 362
319 357
337 351
323 351
306 316
345 362
320 332
275 293
323 333
280 335
286 350
275 327
282 283
280 338
276 336
317 361
282 332
303 349
41 93
73 80
38 93
46 102
82 99
42 79
66 84
25 81
84 101
20 62
59 87
75 78
60 90
36 79
22 77
77 97
45 51
24 62
41 42
24 43
45 72
17 69
19 101
73 94
39 59
32 77
21 62
63 84
29 72
20 82
15 98
22 51
29 36
37 85
91 101
79 89
23 86
15 52
23 44
22 36
91 95
21 32
71 93
32 45
25 89
42 57
26 46
31 49
19 69
34 65
28 97
60 103
24 31
55 104
26 100
52 69
18 70
63 65
34 104
19 51
39 49
48 82
45 50
52 79
54 66
32 106
64 91
41 89
61 63
54 84
40 79
50 84
16 42
39 60
18 29
35 106
40 75
63 73
49 91
16 31
23 95
17 93
15 67
31 50
33 47
54 84
46 73
16 38
67 105
15 51
18 56
75 81
48 56
101 103
80 97
40 98
15 41
33 90
34 95
51 60
29 69
24 49
34 77
17 52
24 81
24 74
46 93
71 79
71 97
57 63
18 36
59 106
73 75
23 62
40 81
62 93
16 30
29 44
52 74
53 60
65 100
63 94
35 99
73 88
76 96
59 61
63 81
42 102
44 101
46 92
23 56
32 83
20 96
101 104
63 95
19 42
26 38
91 92
70 85
24 64
40 92
23 70
61 102
39 106
25 69
45 85
28 98
52 103
70 84
24 33
69 75
18 69
73 105
23 102
77 98
19 45
37 82
74 95
48 66
89 94
86 96
24 104
98 104
29 63
67 73
19 93
27 93
69 76
57 97
16 61
73 84
70 81
33 62
75 105
25 93
69 85
41 103
51 85
19 83
41 65
36 43
27 42
37 45
24 35
48 82
33 56
44 47
21 64
40 50
23 35
64 74
32 87
58 82
53 88
20 66
61 86
45 56
16 59
77 94
26 62
66 88
57 65
41 92
21 81
31 101
103 104
42 73
34 78
16 101
65 92
52 68
46 58
15 45
24 25
72 91
35 100
58 90
20 50
48 101
60 90
28 32
67 76
59 84
28 102
62 104
41 90
45 61
30 88
71 83
84 87
60 89
36 63
41 94
97 105
26 74
91 100
74 90
49 104
43 70
24 51
16 56
17 61
82 94
47 95
21 65
15 56
64 98
28 33
36 92
26 86
28 69
33 91
36 92
65 74
39 47
79 89
94 98
28 29
46 67
62 69
41 102
44 104
38 82
89 97
85 90
28 106
38 43
35 86
37 65
34 68
62 93
28 86
17 28
20 35
105 106
29 35
46 84
54 92
51 78
46 77
41 45
15 103
28 88
69 71
31 70
35 106
33 101
61 87
31 39
15 78
45 81
51 95
78 93
65 91
38 69
26 51
18 101
19 82
85 93
42 96
