474 1754
44 270
3 36
26 282
26 30
14 277
8 24
10 30
43 148
146 164
274 473
21 279
162 280
17 24
3 278
149 271
26 29
13 25
38 142
24 274
143 287
16 472
29 40
33 39
141 153
141 472
34 273
143 289
165 281
2 146
36 163
279 284
36 145
160 275
31 279
32 279
152 286
159 288
10 26
43 283
5 143
14 17
9 18
147 276
5 37
6 43
18 44
4 288
31 287
32 147
33 279
157 473
153 473
38 159
6 275
10 37
8 144
8 43
11 159
149 275
12 165
161 271
22 153
19 25
277 289
9 29
32 276
19 290
38 162
277 280
139 273
4 27
158 281
270 283
33 283
16 21
32 147
158 273
3 28
145 160
155 474
40 471
14 149
10 270
12 277
26 158
16 279
141 279
15 30
17 150
3 13
280 472
31 139
40 473
33 286
1 161
20 38
3 269
142 150
26 44
144 473
145 277
162 282
143 158
14 24
35 288
150 164
152 474
29 164
29 159
149 166
3 287
147 474
146 151
28 274
10 162
158 471
157 281
16 271
149 159
18 148
270 284
16 40
28 41
163 474
154 286
8 140
42 154
20 22
148 277
153 157
279 282
28 141
5 273
150 286
34 39
1 288
32 273
144 270
13 22
148 155
164 165
146 276
25 142
38 164
150 163
24 35
6 290
24 30
284 286
1 473
156 288
28 144
160 281
17 43
18 162
6 283
164 281
141 282
15 274
158 277
9 29
15 23
161 284
34 37
269 474
4 150
7 473
5 164
31 153
149 155
36 278
3 31
35 288
141 145
21 287
1 284
38 158
1 29
39 474
1 44
40 164
13 276
9 17
37 143
160 161
32 141
44 154
29 156
21 145
21 148
30 34
29 287
35 159
6 471
150 154
149 153
22 34
11 279
22 471
279 473
23 24
29 149
2 27
40 281
2 143
20 472
19 281
274 283
37 161
42 157
36 39
14 151
12 22
144 152
3 142
9 33
143 157
142 153
17 474
12 16
7 15
9 287
39 269
18 158
13 285
14 18
27 163
23 144
277 279
11 141
14 44
2 143
146 284
12 22
41 166
13 283
160 269
5 23
284 289
15 275
161 163
150 152
38 287
273 471
12 30
18 163
12 35
28 157
3 12
269 286
28 290
39 148
11 29
23 285
154 164
141 144
38 158
19 27
157 275
20 158
22 472
1 17
37 270
22 142
13 44
142 280
144 270
150 280
27 164
16 40
12 277
164 281
28 166
34 472
22 282
15 38
41 163
165 166
18 272
32 147
4 275
3 150
7 160
34 161
11 33
37 276
11 282
4 159
22 142
141 281
142 272
139 287
145 165
154 165
15 275
1 37
9 289
11 288
42 158
4 28
12 164
2 16
22 33
139 273
22 162
5 163
17 275
35 159
11 159
142 154
275 472
153 289
28 153
6 152
44 272
154 155
14 24
4 280
35 144
15 31
30 147
24 150
161 277
25 146
282 474
145 279
277 285
7 275
2 283
22 271
12 42
35 271
148 152
30 43
159 284
34 272
24 282
16 27
159 273
24 270
40 144
39 289
38 164
12 279
152 162
16 165
270 274
156 280
149 285
277 290
139 151
15 164
28 32
190 226
176 235
224 250
190 191
213 253
196 233
239 251
213 219
182 215
194 242
195 257
179 230
238 249
212 246
221 249
170 265
238 241
178 254
174 217
198 223
200 265
207 228
253 254
202 238
186 188
229 257
201 247
251 262
222 235
169 260
169 176
182 258
181 200
204 205
206 212
261 268
241 251
199 265
173 182
218 264
203 248
196 245
221 227
191 223
197 204
208 244
179 187
182 265
185 213
184 212
186 240
189 191
194 256
216 233
182 216
208 266
258 260
168 241
206 220
193 227
201 203
226 261
237 247
199 223
178 190
216 267
185 223
190 228
221 252
238 255
215 236
185 210
241 255
172 247
169 263
193 265
177 237
207 208
211 254
215 244
266 268
194 252
240 254
198 217
169 259
244 254
208 250
187 236
199 219
179 206
185 242
174 197
210 215
181 219
217 254
167 226
178 179
226 240
258 263
182 225
168 228
169 191
236 242
203 212
175 223
176 208
182 223
222 261
175 203
216 241
230 244
177 267
181 188
191 257
211 221
195 255
173 261
171 201
192 266
230 252
179 252
168 231
169 265
221 260
185 214
254 268
223 250
201 244
176 220
188 231
192 197
215 262
173 244
227 229
205 233
209 220
223 247
186 193
170 213
240 265
239 268
170 239
189 249
171 260
230 239
179 268
199 259
209 217
208 233
169 189
178 191
201 205
174 195
260 263
230 263
257 266
216 259
188 235
174 242
205 241
170 193
220 236
201 242
188 212
261 262
219 250
172 254
200 224
177 193
180 253
224 240
168 210
197 260
193 246
171 226
179 195
229 238
239 258
197 209
222 244
199 256
167 181
238 255
244 259
205 267
184 261
186 191
234 257
191 233
238 242
181 211
170 222
190 194
248 258
205 214
200 225
183 245
175 231
169 238
222 256
191 263
189 267
173 197
214 222
201 233
197 238
185 254
184 262
179 202
186 203
199 263
189 222
188 229
188 202
178 205
255 263
227 246
229 233
224 226
172 264
222 257
248 259
177 239
211 239
202 217
205 267
246 251
195 219
203 206
187 237
209 213
216 231
180 258
201 230
188 237
191 201
199 235
195 204
212 214
194 220
226 262
244 264
219 244
224 227
238 253
173 229
242 246
171 209
193 260
189 235
188 219
189 259
234 235
209 267
179 198
203 266
242 267
175 178
206 225
210 248
210 216
189 246
213 236
176 229
213 227
190 198
242 249
172 245
207 261
260 261
249 258
237 263
183 190
204 223
206 229
183 219
193 247
171 233
202 263
237 255
173 241
212 258
198 254
190 212
183 263
210 260
185 213
194 248
254 257
173 248
180 233
246 265
198 208
216 235
201 258
193 237
227 234
214 268
186 199
169 230
176 259
185 246
180 202
180 194
170 247
215 260
214 253
184 209
210 225
189 243
226 266
203 240
170 197
232 237
182 207
214 245
180 201
208 222
217 262
208 251
196 267
195 217
168 224
186 188
171 179
186 248
177 199
174 192
168 242
225 237
193 206
204 213
198 210
182 260
171 186
218 265
204 254
202 223
183 203
172 249
176 180
172 205
242 260
184 261
217 227
204 211
209 214
198 264
195 260
202 210
221 264
225 267
170 195
247 262
173 221
217 222
176 228
198 218
228 232
218 265
182 225
171 238
267 268
185 263
231 233
193 214
246 251
207 248
171 256
252 256
202 258
169 176
191 207
243 250
216 265
200 221
177 197
177 181
222 241
212 242
177 208
233 258
251 255
187 188
233 243
223 262
214 249
204 233
168 245
169 204
183 246
197 244
212 252
219 267
249 260
226 260
206 268
222 225
240 254
192 242
204 246
194 240
171 259
185 259
220 260
182 226
167 234
170 210
186 212
186 206
246 253
217 243
240 248
177 181
174 198
210 235
215 220
199 224
199 227
174 255
189 199
205 245
180 242
189 248
255 258
168 175
193 253
253 264
208 219
305 372
341 467
314 326
313 369
348 364
292 307
319 320
292 311
317 357
352 353
304 370
321 327
312 327
326 360
306 470
332 340
320 359
322 351
304 316
337 341
313 352
319 324
337 363
311 344
302 326
330 371
292 369
327 470
297 301
300 315
292 346
320 346
310 347
311 467
324 348
324 469
325 338
300 350
296 309
324 349
317 357
322 333
322 366
335 367
295 366
302 312
344 364
350 358
350 368
305 356
334 355
299 350
292 326
332 341
313 350
295 353
320 322
333 348
292 318
302 308
321 327
360 368
309 359
329 361
465 469
372 469
341 369
329 347
326 331
345 351
341 361
329 370
300 331
312 362
334 365
353 357
318 354
298 309
331 339
325 343
291 356
311 313
296 308
310 365
339 466
330 361
335 348
299 320
319 364
331 337
292 363
292 370
336 343
324 347
300 344
350 371
335 470
365 369
354 356
296 300
300 361
296 318
313 364
352 360
312 334
305 367
300 364
330 354
360 371
302 372
301 305
318 463
348 364
350 351
311 324
317 325
306 372
300 322
342 346
365 370
324 463
341 372
329 330
314 358
304 327
364 367
311 362
331 470
316 320
314 467
349 364
323 370
310 317
293 357
293 342
294 468
322 470
307 470
345 369
293 344
320 357
325 328
350 364
293 345
298 316
341 357
292 328
302 355
320 464
311 350
338 339
344 464
300 347
332 366
325 357
352 467
344 366
292 346
310 327
323 335
363 470
337 344
328 467
295 464
333 372
304 340
314 359
291 303
325 363
328 350
292 463
325 365
335 347
366 470
319 348
329 463
291 345
291 334
335 348
336 338
302 364
308 346
314 356
341 466
363 470
326 331
336 342
292 300
351 352
293 323
360 466
292 294
321 345
297 314
351 463
330 352
311 343
297 319
296 470
353 371
291 296
330 338
351 364
347 351
303 344
349 470
337 341
309 463
346 371
302 320
313 361
345 365
328 344
307 321
299 337
304 339
312 356
342 354
291 364
335 350
346 370
372 470
368 465
296 347
296 329
336 347
291 304
327 370
364 372
361 362
318 344
302 470
294 306
321 331
298 469
315 372
365 463
318 339
334 346
368 466
297 313
347 357
315 470
311 351
293 362
333 365
345 359
332 350
320 336
342 351
318 339
346 371
300 318
324 364
341 464
296 334
319 338
293 467
314 320
320 357
293 328
311 336
294 319
304 317
330 331
320 332
298 349
316 353
310 467
292 346
337 342
306 358
311 348
307 352
309 467
316 368
303 346
313 346
360 365
293 334
306 319
301 358
318 372
463 467
316 353
308 310
315 362
296 332
343 466
344 361
344 362
306 322
326 330
306 363
297 307
338 467
320 342
313 364
292 345
340 348
342 346
321 328
348 467
296 365
348 371
312 347
358 371
325 464
298 302
292 300
310 356
319 328
337 347
317 355
301 467
304 368
322 333
327 365
363 465
320 465
367 467
328 351
326 371
306 469
347 369
337 364
331 336
298 331
292 318
354 465
303 305
340 351
329 370
350 363
297 301
301 354
371 467
335 463
295 469
311 354
332 358
295 308
326 341
328 333
291 364
294 301
364 372
338 340
306 308
293 310
368 469
346 463
353 363
393 461
388 411
400 448
428 459
378 462
384 395
428 460
398 442
441 459
457 461
429 450
432 444
391 422
431 454
408 444
383 411
379 403
390 453
380 452
406 459
384 430
397 420
432 436
391 455
408 459
417 447
404 456
414 433
384 409
407 446
415 433
445 448
384 424
380 446
382 384
383 443
377 423
386 417
395 453
409 410
386 413
385 389
373 418
376 437
383 398
454 455
378 458
407 459
425 426
401 429
384 431
405 454
400 428
416 445
430 432
459 460
393 414
420 437
378 427
445 450
416 446
376 433
435 462
453 462
447 458
420 425
428 462
380 448
386 418
424 431
377 448
403 447
377 460
456 457
413 455
378 448
378 449
384 450
438 442
419 425
410 433
434 435
380 407
373 423
395 458
373 422
382 387
451 454
426 438
420 422
396 459
402 454
406 440
386 404
403 419
426 451
446 453
432 448
431 446
394 431
393 428
388 420
447 458
417 424
402 443
392 397
396 442
387 444
393 424
420 453
412 430
382 434
426 441
425 446
408 434
375 428
379 391
396 421
382 445
378 405
401 435
416 441
446 447
414 431
446 460
432 453
381 394
379 447
383 421
384 399
412 413
400 420
392 427
449 456
384 448
392 417
396 456
438 448
401 429
398 412
390 456
390 422
382 391
413 435
377 422
413 438
373 430
377 384
394 445
396 452
383 441
383 396
383 412
450 453
422 425
374 420
374 435
406 411
375 384
392 433
394 416
409 434
380 446
401 404
376 394
386 418
399 443
452 455
399 444
403 409
385 390
444 460
438 457
405 458
420 461
434 440
385 437
393 395
387 450
427 432
418 443
399 461
376 457
390 415
393 409
418 430
414 458
426 462
394 411
381 453
382 439
385 406
405 428
374 445
451 452
382 398
389 440
441 459
437 458
373 426
374 407
385 427
400 457
387 430
408 411
380 459
398 453
378 396
429 437
422 452
378 390
409 447
389 396
388 455
407 437
378 425
444 445
427 445
379 418
382 437
426 433
420 432
426 434
382 419
376 423
414 419
397 454
411 442
408 461
440 461
378 390
375 416
411 421
382 437
453 462
386 400
373 415
389 410
374 387
409 435
393 447
378 449
397 457
411 437
377 461
432 433
405 414
401 458
405 443
377 454
433 440
415 430
452 456
388 451
423 449
415 458
376 400
420 426
385 431
381 397
420 423
427 438
390 399
392 441
397 433
435 440
375 414
400 407
377 416
414 454
401 405
400 435
386 403
445 447
377 446
381 416
449 462
411 433
432 438
404 405
385 423
376 378
410 420
429 451
399 443
430 461
387 446
400 424
418 434
379 441
404 450
374 442
402 410
393 431
386 456
447 450
407 432
389 414
392 429
384 438
375 408
374 442
379 392
385 396
428 431
442 461
394 409
404 442
377 382
406 432
399 413
416 422
408 431
415 442
408 434
374 407
385 461
409 449
419 451
374 444
374 405
383 437
388 395
454 459
388 419
375 378
418 447
390 444
413 424
457 460
380 431
394 458
381 395
412 427
84 88
59 108
64 130
130 132
66 67
81 128
54 113
58 129
117 134
105 120
62 68
51 137
120 121
100 103
78 81
84 118
81 84
79 122
73 105
98 104
94 102
85 129
56 109
63 82
67 85
64 128
83 84
48 95
98 134
72 96
86 124
55 99
110 112
53 92
59 116
73 89
64 99
52 136
119 126
101 113
58 111
85 103
50 131
55 90
94 107
74 104
67 125
57 93
45 67
74 133
114 124
91 130
111 137
50 74
54 56
54 103
56 75
54 94
61 70
46 121
113 123
83 129
50 113
80 124
74 105
99 111
110 138
61 97
52 116
61 104
71 136
56 109
57 120
93 101
74 112
65 71
98 123
83 123
50 138
84 121
82 117
97 98
71 90
50 121
57 64
68 84
101 122
110 124
81 113
100 109
60 135
57 69
50 125
86 114
78 93
110 121
77 86
94 95
80 110
110 134
121 131
69 130
54 67
87 136
61 120
95 116
45 63
66 84
78 134
77 129
112 119
52 104
76 129
65 94
64 103
98 113
83 108
84 136
54 94
119 129
47 86
94 127
92 130
52 86
84 100
66 95
84 96
63 123
79 104
60 96
63 90
54 62
50 54
99 120
49 128
47 88
118 121
81 138
70 73
118 126
99 105
102 127
93 110
48 138
64 110
54 113
61 125
50 97
51 67
83 108
101 113
70 133
128 135
107 119
55 56
52 82
131 133
60 131
80 100
74 89
84 122
99 134
57 68
104 125
77 116
48 112
63 73
62 82
80 97
77 135
57 78
58 80
112 129
87 95
79 87
69 100
71 83
110 133
118 128
84 138
89 92
47 76
66 110
77 79
82 132
48 133
70 106
57 98
66 88
47 55
125 133
52 84
125 132
63 105
71 102
72 106
47 65
47 128
62 94
89 106
90 137
67 95
50 70
48 60
59 95
52 62
76 103
63 91
52 87
61 106
49 90
51 68
50 108
58 118
128 137
85 90
56 94
49 54
71 115
45 124
110 117
72 103
114 129
92 134
107 136
48 85
64 128
77 87
128 132
62 69
77 103
91 99
56 122
56 126
51 117
99 116
63 115
130 136
55 113
48 125
104 123
104 120
89 103
46 107
93 116
52 101
80 100
55 136
75 104
67 86
72 98
107 127
105 110
100 126
85 123
86 137
116 129
84 133
111 122
90 124
50 85
91 127
77 126
88 109
48 134
98 121
80 100
48 73
80 109
93 122
95 118
57 79
53 126
58 137
45 56
67 117
54 92
67 104
62 128
107 127
112 132
51 59
89 91
81 125
68 91
