107 106
5 86
50 61
88 91
12 90
9 29
13 47
62 72
1 2
12 40
52 69
1 3
16 19
38 68
36 75
9 18
33 74
58 84
40 63
23 87
36 51
7 9
7 54
1 42
3 56
17 32
19 34
52 70
3 30
5 83
41 99
4 11
7 31
32 45
11 82
12 25
37 97
11 106
3 28
33 79
19 71
24 81
2 27
102 107
42 77
17 20
8 48
5 100
33 60
2 8
46 85
3 96
2 6
5 36
15 101
13 43
3 64
2 16
10 33
32 73
13 35
2 22
23 37
17 26
54 78
48 57
84 94
11 41
38 39
1 80
32 62
15 59
2 5
9 13
39 93
9 10
14 15
6 14
76 92
2 103
70 102
52 67
2 4
8 55
8 24
39 52
19 21
27 46
60 66
27 89
6 38
15 17
26 49
10 53
15 98
84 104
58 88
20 105
18 23
73 76
47 95
2 7
13 44
39 58
11 12
4 50
23 65
