90 131
26 77
9 24
3 71
3 10
21 37
20 30
71 80
27 51
29 76
12 13
5 11
35 48
24 86
28 39
20 32
2 14
32 58
17 29
17 20
5 9
37 82
4 15
2 55
6 28
74 75
30 56
52 81
37 42
19 50
7 87
40 53
31 34
6 36
14 19
33 65
8 12
40 53
21 35
71 74
49 79
4 68
12 21
27 49
4 15
3 43
12 33
28 88
46 66
36 61
56 60
46 73
13 45
46 73
79 84
16 26
28 39
12 16
27 31
26 46
28 88
16 22
46 89
3 71
12 13
27 51
9 40
7 87
5 9
46 66
27 31
8 52
12 16
71 72
46 57
20 23
6 63
34 38
20 23
4 44
1 7
9 24
4 6
49 79
3 4
33 69
8 52
14 67
56 85
1 2
17 54
61 62
2 5
2 5
2 14
1 2
12 21
73 83
5 11
71 80
61 62
9 27
56 85
4 25
15 59
34 38
40 90
11 47
6 28
13 17
37 41
56 60
26 77
52 81
14 64
3 4
9 40
74 75
37 41
4 44
1 3
11 70
30 56
71 72
11 70
4 6
12 18
54 78
6 36
31 34
2 8
15 59
