102 213
47 61
14 40
42 46
8 41
18 39
26 81
76 84
29 102
10 64
8 24
11 68
63 92
5 7
50 55
12 62
58 66
8 24
10 16
1 13
38 76
87 90
4 11
42 48
23 25
80 87
1 14
8 9
32 58
37 43
20 32
83 96
2 10
68 101
18 39
1 14
5 6
5 56
13 50
85 100
71 75
32 33
21 27
11 94
50 55
38 76
24 31
1 3
32 79
26 81
71 88
92 95
31 54
32 36
12 62
5 56
70 83
59 99
32 79
32 59
3 17
10 73
8 26
1 3
5 22
11 34
39 72
13 50
25 74
5 6
59 71
4 44
47 61
4 65
61 70
26 81
8 26
2 5
42 46
58 66
70 83
5 22
46 86
3 19
11 34
10 37
31 35
31 35
33 63
20 38
8 9
29 57
7 8
77 91
19 20
10 64
40 42
32 36
70 83
1 2
16 67
71 97
23 25
10 73
53 98
3 17
9 49
28 69
10 73
34 82
18 39
4 12
20 32
25 74
4 11
31 54
70 89
50 60
2 5
83 96
11 94
2 10
7 8
87 90
9 18
68 101
71 75
4 44
50 60
33 63
29 57
71 88
50 60
32 58
34 82
27 29
85 100
21 27
32 79
63 92
1 13
27 29
92 95
47 61
53 98
92 95
10 16
8 41
48 78
25 74
10 64
5 7
68 101
19 20
17 93
59 99
42 46
18 80
39 53
16 67
28 69
1 3
6 21
46 86
37 43
6 21
11 94
32 36
5 56
32 58
40 42
2 4
21 23
21 45
11 28
10 37
87 90
33 63
61 70
37 51
2 10
1 13
44 47
24 31
21 23
18 52
63 92
54 77
38 76
14 30
29 57
58 66
5 6
4 11
18 80
59 71
4 44
3 85
70 89
21 23
83 96
17 93
5 22
7 8
54 77
6 21
71 88
40 42
1 14
54 77
28 69
10 37
76 84
14 15
