109 283
57 61
1 3
3 7
1 2
8 21
43 45
38 93
3 9
65 83
12 30
3 9
1 27
32 102
26 48
71 97
73 106
39 42
1 10
5 18
75 85
71 97
18 54
12 30
19 69
14 40
9 63
73 107
75 109
49 104
10 11
8 21
9 14
9 14
18 35
10 68
46 101
67 103
73 107
23 25
71 97
5 18
10 68
107 108
29 33
1 24
28 64
38 41
13 19
73 106
71 72
19 46
71 97
12 87
1 27
57 61
4 5
41 55
3 9
29 33
38 93
17 99
10 88
19 46
16 22
1 3
87 105
75 85
38 93
41 55
27 60
50 92
15 34
57 61
87 105
5 13
13 52
46 101
39 70
17 99
5 13
15 34
10 57
15 34
4 5
4 5
39 42
29 47
65 83
59 77
18 26
71 72
18 26
59 77
18 54
19 46
2 31
56 71
36 89
24 37
20 79
73 107
12 87
15 34
1 49
28 36
41 67
9 63
9 14
107 108
1 27
51 90
13 52
1 24
76 84
27 94
7 86
2 31
8 29
76 84
26 62
5 39
26 48
1 2
65 83
75 85
71 72
39 70
27 60
10 11
1 8
26 62
10 57
41 81
7 86
90 96
25 66
65 83
29 47
51 90
18 26
10 88
90 96
21 78
15 16
50 92
27 94
19 69
14 40
1 4
13 52
25 28
57 58
3 75
75 82
32 59
43 45
23 25
3 75
88 98
12 30
3 7
13 52
75 85
22 44
10 11
56 71
24 37
25 28
45 74
4 5
41 67
41 81
50 92
19 50
43 45
56 71
22 32
8 21
1 10
22 32
13 19
12 87
88 98
59 77
25 53
23 25
19 50
38 41
21 56
28 64
43 45
3 75
26 62
22 32
1 10
24 37
26 48
21 56
37 51
18 54
16 22
10 88
19 50
3 75
1 8
1 3
1 49
51 90
46 101
38 93
21 56
26 62
18 54
8 29
42 65
1 20
67 103
14 40
1 4
75 82
4 17
76 84
75 109
18 26
19 69
9 14
59 76
29 47
46 101
5 18
41 81
1 15
28 64
56 91
3 6
67 103
16 22
41 55
20 79
87 95
88 98
1 100
2 31
90 96
20 79
3 43
1 49
32 59
5 39
21 56
12 30
87 105
76 84
1 49
22 44
22 44
75 109
25 66
36 89
24 37
22 44
2 38
75 82
8 29
49 104
56 71
10 11
21 78
8 21
28 64
5 18
71 72
26 48
88 98
75 80
25 28
21 23
39 42
1 15
12 73
6 12
49 104
1 15
