196 194
26 138
18 164
161 173
4 193
6 11
20 125
13 14
128 192
141 149
26 151
20 137
157 181
124 183
1 9
16 123
160 178
126 146
11 130
133 160
4 7
131 155
22 167
27 180
3 190
1 20
173 195
6 21
164 175
23 174
7 127
16 139
9 143
147 150
150 168
129 188
145 165
9 13
130 152
3 185
2 3
7 170
2 5
20 154
170 184
3 145
1 18
10 135
123 159
23 124
22 163
9 15
11 22
3 10
25 136
152 189
123 141
170 176
140 171
1 6
9 24
133 134
156 177
124 153
11 191
22 25
125 128
16 26
22 23
127 196
15 19
126 147
134 142
28 129
152 161
143 158
14 27
3 182
154 156
125 132
27 186
128 187
1 4
165 172
1 2
13 16
123 148
20 131
3 194
125 126
126 166
6 162
4 8
7 12
19 28
27 140
9 144
4 17
22 133
137 169
139 157
11 179
33 72
74 102
55 76
87 95
37 39
87 104
44 50
73 84
33 44
76 120
62 98
32 53
31 32
32 57
42 63
94 110
52 61
34 80
41 71
31 33
62 82
38 58
29 30
105 112
58 115
70 96
70 90
65 78
70 103
73 101
57 106
33 48
40 74
83 114
33 34
52 67
49 87
49 89
47 75
31 36
33 85
41 47
36 113
33 111
36 51
83 91
30 37
33 88
35 41
88 109
49 73
30 45
47 52
34 35
82 86
53 68
32 59
43 66
37 40
59 65
63 93
54 107
61 97
78 99
92 105
50 62
33 42
55 60
63 77
29 118
62 121
30 31
65 117
50 69
36 64
78 108
54 55
52 122
35 38
85 116
35 56
33 92
34 81
71 83
30 49
49 79
47 54
33 43
57 119
34 70
29 46
80 94
92 100
