211 310
171 208
18 25
24 32
4 172
9 192
9 30
5 209
8 47
24 32
9 30
179 189
6 161
15 27
2 12
10 15
48 206
18 25
178 202
1 45
8 17
3 28
8 11
35 42
5 14
35 39
4 172
18 53
8 11
1 2
3 28
9 34
6 161
12 166
26 194
47 210
15 33
2 50
33 162
15 21
1 3
37 168
18 41
27 52
1 8
177 203
6 7
7 16
31 186
11 18
14 26
13 24
2 5
7 193
10 15
177 203
35 39
27 46
18 199
27 196
26 194
49 200
1 9
11 13
161 191
7 16
31 186
14 19
41 164
12 205
5 209
14 198
18 48
8 17
41 190
184 197
18 167
41 207
14 198
1 6
20 178
27 46
8 10
18 167
2 50
10 38
166 174
32 40
178 202
15 27
30 43
5 14
20 177
177 184
26 31
176 185
46 51
2 12
49 54
171 208
7 193
11 13
11 18
13 29
34 36
16 173
33 181
1 6
33 170
32 40
24 37
18 41
12 205
25 169
9 163
22 175
5 211
22 175
2 5
53 180
20 178
11 20
5 35
8 10
30 43
14 26
44 204
35 42
13 29
15 23
161 191
29 188
29 179
34 36
5 35
5 211
33 170
176 185
9 171
16 195
41 164
26 182
39 49
20 165
3 4
14 22
15 21
14 22
27 52
7 44
169 176
32 201
30 183
1 2
47 187
47 187
41 207
1 3
87 110
107 131
61 102
98 121
82 123
74 135
59 80
136 153
64 147
70 90
91 118
63 71
60 63
106 116
116 152
80 111
89 100
60 114
58 59
76 137
85 130
61 79
83 119
130 138
62 65
59 82
64 108
130 159
65 89
57 73
83 140
78 124
57 69
84 88
78 120
82 157
61 83
59 82
71 95
63 67
65 112
98 121
55 94
81 101
57 58
84 88
61 102
69 139
56 64
63 74
56 62
65 93
89 100
70 76
83 84
97 117
82 99
111 134
62 70
120 125
63 67
130 138
70 72
59 66
70 77
89 155
56 62
77 96
81 86
62 65
80 111
79 156
59 126
75 81
82 157
62 70
116 129
55 60
55 60
70 77
63 71
131 133
106 116
81 86
114 136
55 57
84 97
68 142
73 85
65 78
74 92
75 143
93 146
62 68
71 95
100 106
63 104
55 56
55 94
56 61
55 56
64 154
98 128
55 109
87 110
112 151
129 132
71 91
74 135
63 148
56 115
139 149
59 158
74 103
77 96
70 76
86 98
74 103
75 143
139 149
100 106
111 141
83 119
86 98
62 68
70 75
73 113
112 151
64 147
93 146
60 127
116 129
85 130
61 105
118 145
61 83
135 144
58 59
82 107
76 122
111 141
59 158
61 105
61 87
74 92
73 85
75 81
89 160
57 58
137 150
83 84
81 101
59 80
