209 413
20 25
10 204
35 197
18 21
23 52
1 5
32 70
45 47
13 191
7 60
6 8
32 34
7 60
5 11
58 76
13 51
17 32
1 5
12 13
20 25
22 42
3 61
3 20
32 203
36 189
30 57
20 24
20 25
58 76
7 60
30 57
43 54
69 207
43 48
20 24
4 9
40 58
17 29
28 187
43 48
31 199
6 19
2 22
67 190
1 2
190 194
41 181
14 46
3 4
36 189
4 15
22 30
61 198
32 203
62 63
1 5
23 52
69 182
67 190
7 186
67 190
38 68
12 13
26 37
40 45
25 192
32 34
73 193
38 74
11 14
31 199
190 194
21 38
9 41
30 57
50 53
13 191
12 13
2 3
2 10
45 62
2 3
50 184
6 19
8 28
29 36
40 58
62 63
2 6
40 45
40 58
25 27
1 26
38 73
29 31
40 196
3 20
69 182
18 21
19 59
1 26
7 50
3 4
6 8
6 64
25 27
45 47
72 208
5 65
41 181
5 65
186 205
31 55
19 72
17 29
22 42
42 44
190 194
22 30
3 4
12 23
30 39
14 75
50 66
40 196
75 195
10 43
6 7
2 12
7 185
50 184
29 31
3 33
32 203
38 74
45 49
19 59
26 200
21 38
2 12
75 195
50 53
14 75
2 6
14 46
2 6
9 41
40 196
38 68
1 2
45 47
28 187
30 39
2 10
9 41
26 69
18 206
23 71
18 56
1 209
41 181
26 200
7 186
15 202
26 69
8 40
3 201
15 202
13 18
9 188
50 183
6 8
50 66
58 76
18 56
32 70
73 193
50 66
18 206
6 64
1 209
24 67
23 71
38 74
29 31
7 50
26 200
13 16
13 191
18 206
43 48
13 17
50 184
36 189
18 35
3 33
3 33
32 34
1 209
19 59
2 22
38 73
109 131
91 114
149 153
106 113
125 148
86 106
91 104
78 139
179 180
138 147
139 146
123 161
128 164
90 94
80 109
89 90
85 125
89 108
108 177
123 161
148 176
139 146
93 144
90 119
80 109
102 107
80 109
79 93
77 78
84 100
80 112
124 140
91 92
100 136
98 149
91 92
115 169
85 86
115 156
143 151
89 90
125 148
144 159
78 99
150 171
120 150
138 147
96 129
87 162
127 128
144 159
149 153
100 173
119 120
90 98
94 117
94 117
128 164
100 173
91 92
93 143
83 166
104 178
86 91
79 122
98 160
132 133
132 133
98 160
143 151
113 168
77 80
139 146
99 101
108 177
86 106
93 144
79 88
99 101
148 176
100 115
84 87
94 117
109 131
89 172
101 145
88 157
132 133
115 156
128 164
96 129
85 86
100 173
93 143
97 124
87 97
78 95
113 168
84 154
125 175
150 171
93 144
79 122
113 168
77 81
91 104
81 134
85 125
85 111
109 131
94 138
120 152
96 132
100 102
115 169
79 122
91 123
120 163
121 127
118 137
86 106
99 103
143 151
125 175
105 155
80 84
78 95
79 85
80 83
83 126
80 112
79 93
91 121
120 163
159 179
88 157
95 141
83 96
98 149
83 96
91 114
95 142
83 166
95 142
83 126
78 99
80 82
88 157
81 135
91 123
91 121
91 123
99 174
103 165
106 113
83 166
105 155
127 130
102 107
99 101
79 88
127 128
89 90
148 176
79 93
148 170
93 143
77 79
80 84
85 125
104 178
77 80
105 116
90 119
79 85
105 155
179 180
106 110
96 132
100 136
94 138
106 113
124 140
150 171
90 98
100 136
125 167
83 96
77 80
125 175
89 108
84 154
80 112
89 172
78 105
81 89
98 149
159 179
90 98
123 161
81 135
90 119
84 154
118 137
105 116
115 156
120 163
92 158
97 118
119 120
100 102
