191 484
2 3
13 89
16 22
11 24
43 49
16 33
21 77
2 36
47 64
21 77
2 3
51 86
31 58
1 70
50 62
53 83
28 35
46 191
1 2
22 29
20 45
26 74
26 46
31 58
5 82
13 32
4 13
2 16
29 31
21 26
15 52
48 59
75 90
47 48
22 29
66 73
36 37
19 56
10 54
38 42
6 15
14 81
6 18
2 12
13 32
29 31
2 4
10 65
6 8
22 29
57 84
16 22
33 88
50 62
28 75
4 5
69 190
18 34
26 74
28 40
48 59
1 66
2 12
13 38
17 50
17 50
2 4
45 71
6 15
7 19
10 65
21 26
10 54
22 60
19 56
26 55
52 85
47 64
15 52
76 79
6 8
62 78
75 90
47 48
69 190
28 75
11 24
61 92
13 28
16 33
4 5
40 44
2 36
22 60
47 48
68 93
12 41
15 52
14 51
4 7
14 81
4 7
3 9
29 31
2 36
12 20
75 90
2 11
31 58
10 65
2 36
6 18
2 12
6 8
14 51
2 3
61 92
50 62
7 63
12 20
17 50
7 63
69 190
12 67
13 28
30 57
4 7
20 39
21 77
5 17
12 67
13 38
2 16
13 28
53 83
62 78
6 15
12 41
19 56
4 25
10 54
2 4
18 34
28 40
53 83
4 47
8 61
36 37
16 33
3 14
33 88
26 74
1 10
28 40
20 39
63 87
12 67
63 69
3 14
20 39
12 41
12 41
23 53
21 80
51 86
21 80
1 72
63 87
2 4
22 60
1 10
20 45
7 27
29 30
33 88
25 43
23 53
2 6
1 10
29 31
18 34
13 32
16 22
36 76
3 14
29 30
4 25
16 33
22 60
21 80
2 3
61 92
31 58
25 43
5 17
33 88
5 17
3 14
67 91
7 23
67 91
1 70
25 43
5 82
8 21
36 76
36 76
8 21
61 92
66 73
8 21
28 35
52 85
8 21
28 35
13 38
2 16
28 40
13 28
28 35
21 77
14 81
76 79
69 190
28 75
28 75
13 38
18 34
45 71
48 59
47 64
10 54
26 46
67 68
1 70
20 39
5 82
26 46
107 136
105 106
105 179
151 160
162 183
104 148
109 135
117 157
104 148
95 96
136 156
134 180
95 97
100 149
95 186
124 151
136 175
110 131
104 118
142 146
98 111
109 135
127 189
142 178
127 189
97 102
116 143
101 144
101 155
108 115
94 103
117 123
134 145
105 107
97 130
132 167
105 179
110 120
95 97
97 110
111 165
125 139
96 98
102 152
136 175
98 111
117 123
98 111
114 147
104 118
94 127
112 132
110 131
95 109
157 159
150 166
150 166
97 102
134 145
116 176
158 182
104 112
115 125
117 123
134 180
126 129
114 147
113 141
124 169
124 169
95 119
124 169
96 98
96 105
98 168
101 104
162 183
110 137
95 117
97 142
104 118
110 131
111 113
114 147
110 133
97 130
94 103
95 186
102 185
105 106
111 165
98 116
117 123
105 107
94 122
100 149
150 166
114 124
101 104
115 125
124 158
156 187
187 188
142 146
109 135
94 127
150 166
158 182
109 170
136 156
95 109
156 187
105 106
124 169
114 164
103 128
114 164
150 181
104 148
96 105
102 161
136 175
158 182
102 140
95 97
110 131
113 141
109 135
94 101
94 103
98 168
114 164
104 148
101 144
116 143
95 99
101 144
94 101
95 100
114 124
102 152
153 163
150 181
126 129
168 177
125 139
158 182
116 143
130 172
187 188
97 130
156 187
97 171
98 168
113 141
94 122
168 177
94 122
132 167
95 99
161 173
187 188
113 141
95 109
95 186
127 138
108 115
96 105
105 184
127 138
103 128
95 96
94 101
124 151
161 173
97 142
134 180
151 160
103 128
104 134
142 146
116 176
130 172
102 161
110 133
166 174
95 117
97 171
166 174
115 125
150 181
104 134
114 124
136 156
114 124
137 154
117 153
116 162
150 181
126 129
115 125
166 174
96 98
124 151
105 106
111 165
104 134
94 103
100 149
109 170
96 105
97 102
161 173
109 170
142 178
104 112
104 112
104 112
110 150
97 110
157 159
101 104
104 121
110 137
187 188
166 174
95 117
97 130
96 114
100 108
116 143
94 95
94 122
110 133
110 133
132 167
94 101
114 164
134 180
104 134
105 107
111 126
136 175
97 110
127 189
109 170
