298 295
36 40
35 47
22 25
5 22
13 35
3 39
6 17
10 289
27 294
278 285
267 273
6 45
268 275
13 15
263 297
286 288
6 13
39 49
283 296
5 28
268 276
33 43
40 42
12 267
41 46
1 3
4 33
10 265
39 41
6 18
1 6
21 279
7 274
7 11
7 44
20 31
4 9
265 283
5 19
14 36
18 32
1 2
262 278
262 291
7 26
280 284
3 5
12 272
2 7
17 34
32 38
24 27
35 281
2 277
3 14
289 290
4 8
7 16
21 266
2 37
17 20
19 21
266 268
47 295
9 263
18 48
8 52
18 29
14 282
281 287
35 50
17 24
8 12
27 280
43 271
37 262
4 53
1 4
51 269
2 51
40 270
6 10
7 292
22 264
52 293
13 298
14 23
28 30
13 286
58 99
56 98
83 261
84 90
68 77
64 75
104 109
63 133
83 105
54 251
61 83
134 258
55 140
94 136
58 122
60 71
64 106
103 118
70 87
75 95
62 65
58 64
98 104
74 76
61 102
92 100
68 84
57 58
82 132
72 89
79 94
86 96
64 85
64 103
110 248
67 68
68 82
105 119
112 249
101 112
64 70
106 108
63 127
69 111
58 69
85 128
90 91
55 56
58 93
101 252
108 260
117 247
101 246
68 73
116 134
70 110
89 97
66 88
64 67
111 255
57 86
68 78
81 138
55 61
109 141
116 142
126 259
253 254
54 57
71 253
87 92
54 62
58 257
114 139
74 135
97 114
71 129
114 137
96 256
59 123
78 121
96 113
78 117
68 107
94 124
54 55
76 115
128 250
58 59
71 74
96 131
56 60
62 79
54 72
55 63
113 125
96 116
71 120
57 81
57 101
73 80
79 126
123 130
64 66
181 243
175 180
191 199
207 227
180 182
180 190
143 144
158 176
209 220
200 205
150 234
151 211
178 193
151 200
148 191
216 228
225 229
209 231
145 183
224 236
165 235
155 214
204 208
167 185
166 221
181 237
148 154
173 195
143 147
150 151
152 165
145 212
158 179
235 239
149 157
173 233
156 166
148 150
161 171
144 158
166 223
161 203
171 187
211 213
203 224
151 170
147 152
163 188
191 219
145 146
155 173
148 206
148 181
200 204
155 162
144 145
143 148
166 240
153 177
203 244
180 196
166 192
172 178
149 218
208 215
186 216
143 153
170 210
161 164
157 167
144 161
210 245
148 226
159 163
173 241
199 201
205 217
144 202
182 209
178 184
189 230
148 175
172 232
152 174
148 149
188 194
152 155
157 186
176 198
165 169
147 159
179 207
159 172
209 225
146 168
149 156
153 160
227 242
145 197
214 238
194 222
185 189
