288 423
37 46
28 80
57 62
51 79
2 52
1 2
6 7
14 65
41 50
8 36
1 4
3 57
21 43
16 282
13 14
3 5
12 40
6 13
47 76
16 61
7 32
21 23
6 38
10 19
23 24
8 20
7 73
21 71
10 29
21 43
2 10
27 58
26 28
57 62
36 51
26 28
6 9
6 8
8 36
1 4
8 25
65 67
22 35
44 63
23 24
19 26
42 48
1 11
41 50
35 47
35 47
6 13
276 287
39 75
16 282
41 72
32 53
47 283
19 26
26 27
21 280
25 281
9 74
4 12
15 41
9 37
46 59
10 19
1 3
42 48
2 21
27 58
284 288
1 2
44 278
1 3
21 71
67 68
25 31
13 54
40 56
42 77
19 69
16 17
1 11
24 44
16 17
47 70
42 77
6 22
4 279
31 81
18 285
13 14
48 286
26 27
22 45
8 30
21 280
13 54
17 18
5 55
60 276
15 284
3 5
21 23
18 78
2 33
284 288
1 6
9 15
12 64
47 70
26 42
31 34
8 30
2 16
22 35
47 76
50 66
6 22
28 80
22 45
12 40
51 277
25 60
17 18
9 15
42 49
19 69
25 281
31 34
15 41
14 39
83 123
114 142
143 244
82 85
90 112
113 253
116 136
94 122
82 85
104 115
109 138
97 110
109 138
93 99
106 275
82 83
91 114
243 267
128 131
94 122
120 261
90 111
98 100
83 86
103 268
246 270
114 124
90 137
88 108
249 262
101 247
83 86
105 106
250 256
114 258
120 139
109 238
91 92
89 127
84 94
82 260
85 101
110 132
118 120
82 87
93 128
84 96
85 118
82 97
88 89
124 239
118 130
84 91
83 123
107 126
128 242
85 95
84 103
114 124
103 140
106 107
93 99
131 135
101 248
107 116
86 245
98 241
248 263
110 132
82 97
243 254
91 93
84 91
95 105
105 272
119 240
131 141
115 273
105 133
116 136
99 264
90 137
124 246
115 143
134 271
82 88
102 129
97 251
85 101
108 113
98 241
86 245
123 249
84 90
124 239
102 134
134 271
103 259
85 95
88 255
102 134
128 131
90 102
105 106
90 265
93 128
85 118
86 117
82 260
92 125
90 111
114 258
114 250
97 110
84 103
82 87
109 269
89 127
93 121
249 262
88 255
257 274
83 84
115 143
118 120
83 84
243 267
86 98
98 109
257 274
82 83
98 109
123 249
109 269
250 256
103 140
95 105
103 268
93 266
128 242
90 104
241 257
105 133
86 117
124 246
131 135
140 243
246 270
109 252
101 248
90 102
97 119
103 259
164 218
171 189
165 235
173 176
157 216
145 170
147 228
168 190
147 228
163 187
146 156
191 199
158 172
174 226
153 197
178 195
182 221
190 191
152 159
203 225
153 155
148 196
147 151
164 168
182 183
229 232
178 185
158 179
149 157
144 148
153 169
144 145
164 175
202 219
150 171
162 213
186 233
146 152
177 193
168 181
148 174
185 192
158 166
144 161
174 226
148 196
157 204
171 223
152 231
199 229
169 202
152 220
183 207
210 236
185 194
222 230
162 213
165 212
144 145
151 184
169 180
149 178
145 198
158 166
161 162
204 205
210 236
167 210
164 201
171 209
147 150
152 220
195 206
147 182
157 216
160 167
149 157
177 193
196 203
157 173
224 234
182 183
176 177
190 191
144 161
155 214
153 155
147 186
144 146
165 235
205 215
146 152
185 192
145 211
158 172
145 170
155 214
153 160
145 147
146 153
205 215
194 217
152 164
167 224
144 148
171 189
205 208
148 174
169 180
147 150
222 230
150 222
186 233
145 154
146 158
183 207
145 198
171 227
152 163
163 187
173 176
150 171
196 203
199 229
169 202
159 188
164 168
185 194
230 237
148 149
165 212
195 200
153 197
145 165
146 156
164 201
