309 630
14 144
149 291
5 41
1 33
42 154
1 12
5 6
143 306
163 272
20 163
26 37
47 161
8 14
277 278
36 290
13 47
2 11
45 276
5 41
38 44
12 19
2 8
39 160
13 47
12 19
281 292
39 160
2 11
2 5
47 161
32 280
2 4
46 284
1 30
22 271
8 14
20 146
2 31
47 307
155 301
10 39
10 13
1 33
155 301
14 32
12 158
276 287
150 156
6 38
19 149
1 3
162 277
6 38
155 301
31 150
14 286
7 18
5 6
2 5
10 39
14 24
19 281
163 272
144 282
39 145
12 158
47 161
21 274
36 290
1 20
163 279
2 11
14 286
1 2
13 17
48 147
20 159
6 151
5 16
20 296
2 31
2 7
144 282
13 40
2 27
162 277
12 29
26 294
295 309
7 15
1 2
2 8
29 304
23 45
1 12
36 290
12 158
20 155
8 162
31 46
29 304
7 300
2 7
147 297
20 146
8 10
282 295
295 309
2 148
2 9
14 144
13 40
48 147
159 283
5 41
43 143
39 145
163 272
1 2
2 31
1 30
26 37
12 29
26 294
40 43
2 5
40 299
153 288
23 45
8 10
10 39
153 288
2 4
151 298
48 147
2 8
43 143
39 302
47 305
42 154
16 289
47 305
144 282
14 153
13 47
11 22
45 276
7 15
19 25
26 37
14 153
46 284
21 274
278 308
7 300
15 34
26 294
3 21
5 16
41 303
47 307
18 275
15 34
11 22
29 304
9 42
12 29
39 160
295 309
159 283
2 7
14 24
19 25
26 28
162 277
40 43
282 295
19 25
19 281
22 271
41 303
20 146
276 287
276 287
1 20
9 42
47 307
3 21
46 284
147 297
20 296
32 280
278 308
159 283
14 144
1 20
22 152
38 44
153 285
24 273
10 23
7 15
9 157
23 45
11 35
13 40
31 46
14 24
5 6
11 48
10 23
26 36
39 302
14 286
282 295
2 148
7 26
22 293
151 298
1 33
38 44
13 17
149 291
8 14
171 184
198 253
179 196
167 194
164 165
221 246
175 207
188 190
205 236
183 222
222 223
176 178
165 170
175 217
167 169
217 249
230 256
167 171
177 206
165 183
167 182
168 172
167 171
164 202
251 252
230 256
170 188
168 195
164 174
167 194
167 182
211 214
173 177
259 269
187 227
173 180
251 252
189 192
194 197
210 226
167 182
208 265
230 244
165 176
168 251
167 193
186 210
186 209
180 203
219 220
165 176
188 190
170 264
233 237
198 253
165 176
175 217
226 239
170 218
164 167
230 244
167 193
217 230
164 191
164 189
211 242
218 224
214 229
184 238
178 199
186 210
164 167
194 254
203 208
222 223
218 224
186 210
171 184
198 205
219 225
180 181
248 250
172 221
178 255
165 183
217 230
217 232
251 252
189 192
170 264
178 215
226 239
166 173
230 256
235 266
255 257
219 225
188 190
168 251
198 211
172 187
165 168
175 207
233 237
256 261
169 235
189 247
210 226
193 258
178 255
199 231
169 235
199 231
241 245
246 262
186 209
194 254
174 179
175 217
174 179
198 205
248 250
223 260
178 255
190 248
173 234
177 206
165 186
169 240
172 187
176 200
164 165
168 172
191 243
194 197
205 268
253 270
171 175
164 174
170 264
183 222
179 196
180 181
170 218
166 173
191 243
167 171
167 169
183 185
183 198
253 270
219 220
174 179
194 219
176 200
201 263
189 192
177 206
197 204
178 201
165 168
183 222
184 238
235 266
180 181
168 172
167 169
194 254
164 165
183 185
167 194
164 191
189 212
175 207
214 229
230 244
217 230
197 204
214 229
217 232
165 168
198 211
186 209
165 170
181 241
176 200
183 185
193 228
189 247
165 170
172 187
184 238
164 166
169 235
212 216
190 248
173 177
171 184
217 249
190 267
198 211
210 226
176 178
188 233
168 251
187 227
164 191
164 189
212 213
204 259
54 79
59 70
61 65
50 59
49 121
103 134
86 88
112 119
61 103
52 138
53 55
50 59
66 73
57 95
50 85
109 133
52 99
70 83
56 120
53 69
70 104
133 136
92 94
49 56
106 129
84 125
50 59
53 63
65 71
58 81
54 60
53 76
50 64
92 105
50 98
96 112
56 108
103 134
131 137
88 124
50 52
98 132
49 56
50 90
53 54
55 75
110 117
67 109
61 72
77 87
52 99
61 103
59 70
116 139
60 126
85 93
57 66
49 57
92 102
58 81
67 109
77 87
52 115
137 141
137 141
67 111
50 51
92 94
139 142
85 93
54 130
84 125
50 51
61 65
139 142
133 136
68 113
49 53
106 123
59 77
61 103
54 79
68 96
84 125
73 78
53 55
53 76
60 84
64 114
81 86
106 128
50 64
58 92
61 72
92 127
53 55
76 80
60 126
62 68
110 122
54 130
59 77
139 142
57 66
66 73
77 87
60 84
106 129
85 93
88 89
62 68
92 102
124 140
67 109
59 70
53 63
81 135
109 133
54 91
50 90
105 118
57 66
105 118
64 114
75 100
81 135
53 106
88 89
67 111
64 114
56 120
49 110
98 132
55 75
49 53
106 129
55 58
58 92
59 77
49 74
55 67
53 61
53 116
53 106
54 60
79 107
54 130
86 88
49 57
50 52
92 102
76 80
53 116
99 101
68 96
60 84
52 62
49 110
137 141
73 78
99 131
92 105
49 53
61 97
56 120
65 71
50 90
58 92
61 65
49 110
49 74
53 63
92 94
50 52
65 71
60 126
70 104
49 121
49 50
53 106
92 105
112 119
49 50
88 89
58 81
62 68
105 118
131 137
88 124
75 100
49 82
124 140
61 72
70 104
52 115
76 80
