303 733
8 158
7 281
18 148
1 280
159 295
13 265
2 3
7 269
156 264
135 271
131 287
154 283
158 300
1 276
6 10
3 13
5 7
11 126
126 289
24 132
18 293
148 149
9 288
9 279
10 12
5 152
11 144
2 3
22 147
10 12
1 5
19 140
9 128
18 293
8 278
135 282
269 270
127 136
16 20
7 11
11 144
264 290
136 273
1 14
136 273
132 145
18 148
9 17
18 21
2 155
156 264
138 284
8 153
154 283
1 5
16 20
17 151
145 157
135 282
8 24
7 134
8 278
23 139
7 133
131 287
5 152
20 274
156 264
131 267
4 268
1 280
158 300
126 289
7 129
17 151
269 270
8 153
1 16
4 6
5 146
2 155
9 141
16 154
2 155
4 6
132 145
10 12
14 138
127 136
271 272
3 8
15 275
129 137
8 153
3 9
144 296
132 145
275 286
20 274
2 127
269 270
131 287
7 11
10 130
17 298
13 265
1 5
131 287
15 301
7 134
129 137
15 301
1 4
269 270
6 303
21 131
2 22
10 19
9 25
17 156
139 150
14 135
11 144
17 156
265 292
128 159
146 302
2 22
22 147
160 299
8 158
17 156
271 272
154 283
126 289
144 296
274 277
7 269
5 142
3 13
2 23
2 23
9 17
9 288
132 145
135 271
6 10
4 268
17 151
131 267
18 148
280 291
19 140
144 296
9 17
6 303
138 284
8 24
10 19
7 269
156 264
1 2
159 295
14 135
23 139
6 10
2 23
7 134
7 11
126 289
13 15
3 9
1 276
17 298
131 267
3 9
134 143
5 146
286 297
6 303
11 126
135 282
275 286
5 152
5 142
17 298
19 140
7 133
8 24
135 271
274 277
154 283
2 22
9 17
144 296
150 160
11 126
127 136
9 279
275 286
20 274
11 144
134 143
131 267
150 285
271 272
10 19
19 266
17 156
7 18
3 8
9 279
274 294
160 299
17 298
22 147
146 302
4 268
11 126
274 277
7 269
18 293
4 6
9 141
23 139
8 278
10 130
135 282
10 130
14 138
1 4
24 132
4 6
17 151
5 142
8 24
275 286
3 13
13 265
45 51
31 46
53 66
58 122
87 115
67 102
49 76
71 93
102 118
27 39
70 105
30 82
36 41
77 88
49 69
77 87
70 105
77 88
44 123
67 102
67 89
80 109
26 37
49 69
84 104
32 112
32 33
38 120
70 71
27 30
80 109
49 76
26 47
58 122
56 86
36 110
26 31
62 78
74 103
36 110
67 100
61 62
62 78
93 94
77 87
54 72
30 79
67 89
47 50
36 41
29 52
37 58
92 108
48 49
53 67
57 73
32 33
26 37
53 67
54 97
28 29
47 68
67 100
100 113
55 77
71 93
31 42
36 74
57 63
46 57
53 121
49 76
50 55
50 53
32 112
57 101
31 35
57 101
75 90
43 61
50 80
26 117
69 85
67 124
50 54
53 121
27 107
49 76
31 46
80 84
77 87
54 97
29 36
46 57
67 89
57 59
56 86
53 66
42 43
26 117
43 61
47 65
27 40
31 34
102 118
48 64
27 28
37 81
36 48
50 55
26 37
45 51
47 50
67 124
26 31
28 29
77 87
53 66
53 121
44 123
26 27
47 68
47 68
87 115
50 80
35 70
80 84
53 67
36 48
69 91
84 104
57 59
35 38
26 27
27 96
27 107
36 48
26 117
55 77
67 124
93 94
115 125
36 110
36 48
29 45
30 82
32 33
100 113
31 42
80 109
34 98
33 75
27 39
31 42
70 71
27 28
70 105
57 59
54 72
69 91
56 86
71 93
53 66
45 51
36 74
70 71
32 33
87 115
56 86
26 47
29 45
32 112
62 78
61 62
71 93
69 91
57 63
70 105
38 120
34 60
38 120
30 79
43 61
47 50
34 98
91 116
44 123
45 51
29 119
54 72
47 65
29 119
42 43
29 45
57 63
27 40
81 114
57 59
80 84
81 114
81 114
27 96
27 40
92 108
31 42
86 99
36 110
29 119
30 83
87 106
58 122
50 55
67 102
50 80
102 118
93 95
36 41
30 82
46 57
85 92
50 53
29 45
47 65
77 88
57 63
80 84
86 99
69 91
30 82
32 44
47 50
47 65
67 89
86 99
36 74
27 40
74 103
31 32
27 30
31 34
50 80
41 111
77 88
54 72
92 108
40 56
41 111
199 213
229 261
166 175
164 240
164 240
166 183
164 202
188 191
232 257
192 204
197 200
171 190
163 178
176 186
193 198
243 249
185 207
163 178
161 163
229 261
205 248
173 179
188 196
252 260
164 174
161 165
161 185
167 224
231 244
219 228
170 239
188 263
162 171
192 219
186 195
185 207
204 262
250 258
163 168
167 169
163 188
197 206
166 255
161 163
161 187
166 176
185 231
209 221
163 178
189 211
179 225
166 232
185 251
166 232
164 240
162 170
230 234
163 188
163 188
161 164
180 233
167 169
252 260
176 186
200 220
232 257
193 218
164 202
203 209
170 239
179 199
172 236
189 211
239 252
179 226
177 214
193 230
162 171
162 167
250 258
183 208
166 223
175 216
186 195
204 253
189 211
186 195
232 257
193 197
182 189
188 263
179 225
209 221
172 181
164 174
164 174
192 250
166 210
172 194
170 173
166 255
239 252
163 168
193 230
172 194
168 212
161 180
194 245
200 237
215 241
203 209
183 192
195 201
230 234
239 252
183 246
180 233
163 184
161 187
229 261
175 259
161 164
162 167
210 242
178 247
209 221
166 232
193 218
193 230
163 188
203 209
193 218
230 234
163 168
185 207
210 229
193 198
193 197
231 244
179 225
195 235
178 247
204 256
161 162
171 190
167 169
164 215
200 237
207 222
176 186
179 199
178 247
209 221
185 227
167 172
215 241
179 225
170 239
243 249
163 217
170 173
161 162
173 179
192 204
230 234
161 163
161 187
163 184
162 171
243 249
200 203
183 246
166 175
162 170
194 245
162 171
179 199
172 194
185 251
175 259
167 172
167 224
192 250
183 246
161 180
163 166
163 184
180 233
164 215
167 224
185 227
175 259
187 205
195 201
182 189
189 211
166 176
163 177
161 187
204 262
162 170
205 248
188 191
163 217
235 238
193 198
168 193
162 167
168 193
164 215
162 182
177 214
200 220
229 261
185 251
163 177
195 235
193 243
239 252
180 233
186 195
166 175
200 237
164 240
193 230
193 197
166 210
164 215
161 165
166 255
252 260
166 175
171 190
178 247
166 232
243 249
212 254
203 209
179 199
161 165
170 173
182 189
193 198
192 250
231 244
194 245
172 194
