398 394
117 398
287 388
126 139
9 133
127 277
114 281
135 151
113 115
128 130
167 390
129 140
5 143
164 279
148 393
1 112
130 141
130 163
129 278
120 127
117 171
1 3
118 178
1 113
128 280
118 148
161 282
120 153
134 284
5 6
123 142
141 170
124 129
142 146
142 147
158 395
4 114
3 126
141 150
8 117
9 176
117 165
121 283
135 156
125 169
118 132
130 276
120 134
119 288
115 164
128 166
122 389
132 145
5 131
5 116
1 8
168 287
118 149
121 391
112 125
142 289
4 5
151 162
168 174
127 179
117 123
169 177
2 173
171 290
136 397
122 136
151 161
129 155
164 167
150 285
129 157
134 138
119 120
5 396
2 4
121 128
8 124
130 158
135 144
138 154
5 172
146 152
7 9
136 291
6 119
1 118
150 159
129 168
147 394
133 160
2 7
1 286
1 2
2 121
122 137
3 175
116 122
179 392
8 135
308 326
342 375
298 314
303 305
296 318
292 306
293 307
348 379
367 369
344 371
339 384
347 387
337 378
327 339
293 386
307 322
292 296
317 336
293 294
293 317
320 330
304 333
346 382
298 325
316 328
307 315
296 298
339 347
306 311
321 331
370 381
310 352
298 299
308 321
334 364
299 334
320 349
301 351
300 344
354 374
313 359
344 370
300 304
292 293
364 377
336 366
350 353
336 346
326 332
301 358
293 301
322 341
334 342
310 312
295 354
308 310
312 313
316 357
331 348
315 324
305 345
308 367
326 363
339 340
318 327
357 361
305 316
292 295
305 319
345 365
337 338
331 350
313 380
309 362
311 320
293 368
340 356
296 297
369 385
305 308
292 302
300 303
338 360
324 343
317 355
295 309
323 335
298 300
299 323
295 329
313 376
303 383
319 372
321 337
370 373
227 243
203 216
193 199
212 222
185 232
204 227
236 270
242 245
239 273
209 211
201 215
226 236
236 244
228 233
219 223
261 275
182 184
224 254
197 250
186 202
208 213
255 264
182 183
228 266
189 197
188 192
180 246
211 220
202 207
182 261
209 255
183 260
230 239
244 263
182 190
203 258
201 210
180 189
188 204
217 272
263 271
213 237
208 226
188 200
191 218
208 249
182 201
184 186
209 247
189 191
188 194
193 198
180 196
197 228
220 229
185 187
185 253
186 203
182 251
227 242
182 209
187 269
197 212
194 208
265 267
181 225
203 231
209 235
181 217
180 185
235 262
249 257
180 181
221 252
195 230
228 268
234 248
181 188
182 195
180 182
199 259
219 240
263 265
219 224
216 256
212 219
195 234
265 274
212 214
185 193
184 205
188 238
208 241
192 206
186 221
34 57
19 108
24 87
35 41
53 102
33 38
35 60
29 68
32 54
57 86
46 88
38 48
62 98
17 84
48 83
49 79
11 45
23 95
25 29
49 111
13 16
52 82
47 109
62 80
11 106
29 44
61 89
11 15
39 58
91 93
51 100
89 104
30 39
11 12
19 72
10 13
18 43
30 40
15 17
14 18
12 24
26 105
31 32
41 56
44 59
87 90
32 34
22 74
11 99
34 53
22 23
24 28
16 25
11 49
103 110
39 42
40 101
41 73
14 20
18 21
38 52
17 30
23 26
27 50
71 81
30 61
22 36
54 63
11 66
12 19
70 92
45 47
41 103
89 96
91 94
57 85
23 27
56 78
20 46
14 64
21 107
35 97
35 65
32 67
32 55
55 91
29 70
10 14
26 69
29 51
51 75
22 62
10 11
22 77
19 31
55 76
12 22
29 37
30 35
14 33
33 71
