396 575
11 23
20 40
369 387
32 339
31 36
19 22
43 374
10 31
31 36
376 383
31 358
357 394
17 352
3 340
39 356
18 41
361 370
1 13
1 16
12 380
24 357
29 342
369 395
38 373
2 28
13 378
15 20
11 17
343 367
3 9
13 344
5 21
344 365
17 352
30 384
32 391
7 368
43 374
19 24
5 8
357 394
33 366
10 33
13 344
4 7
1 3
24 357
10 369
338 349
5 375
37 376
8 14
11 354
25 372
338 343
1 2
23 392
6 34
376 383
22 39
13 378
12 19
2 44
3 385
355 362
1 3
22 39
368 388
8 12
5 10
8 14
6 389
13 386
11 18
13 30
37 43
371 381
20 29
30 384
10 369
343 348
344 365
9 382
17 347
6 389
341 360
352 361
6 34
8 346
22 27
5 6
389 396
13 30
23 364
31 358
11 354
5 25
1 11
8 346
37 376
13 386
9 382
343 367
2 44
7 15
3 4
344 377
4 37
7 15
17 338
29 35
12 380
8 12
20 29
345 359
43 351
1 16
16 32
352 393
4 5
341 345
3 38
370 371
5 8
19 22
18 41
355 362
17 42
1 2
29 341
343 390
3 4
339 379
369 387
25 372
19 353
10 33
345 350
23 392
8 26
40 355
348 363
38 373
45 183
57 66
55 331
334 337
170 185
60 195
56 59
48 204
176 196
55 63
168 171
169 323
192 202
48 64
211 320
181 327
181 327
185 193
190 324
53 54
196 197
46 53
196 197
320 330
193 326
46 48
53 57
176 209
51 181
174 189
334 337
164 194
162 316
173 179
52 214
52 318
45 46
56 59
186 336
56 60
165 180
45 55
52 174
46 62
174 182
52 172
45 183
201 213
326 332
53 57
201 213
47 52
65 199
53 54
182 334
52 319
49 190
53 175
55 169
172 335
51 61
57 162
46 192
50 67
52 214
46 58
48 165
46 62
186 188
60 195
46 184
47 163
176 209
164 170
193 317
47 56
185 193
326 332
63 198
183 211
62 333
48 65
203 212
61 201
170 328
165 180
45 47
175 200
52 319
46 192
45 49
60 206
186 188
201 208
162 187
164 170
65 173
201 325
45 55
47 51
57 66
187 191
61 203
64 167
66 205
67 168
60 206
45 321
177 186
201 325
65 199
52 172
173 177
193 326
182 334
54 164
212 322
177 178
53 175
320 330
48 64
65 176
183 211
47 56
48 204
57 162
47 163
65 176
55 63
47 51
65 173
174 182
172 335
51 207
63 198
212 322
170 185
186 336
211 320
65 210
66 205
47 50
56 166
50 329
52 174
177 178
177 186
143 145
92 123
121 146
81 149
85 110
85 113
68 125
99 132
89 93
71 74
87 97
103 117
72 100
94 111
68 148
113 127
68 69
87 102
68 70
89 109
102 108
71 72
98 155
93 94
84 98
105 106
75 105
93 107
108 138
71 74
83 104
132 139
130 131
71 140
87 102
104 143
71 78
87 116
70 95
102 150
72 100
93 107
102 150
68 148
104 143
89 109
78 83
90 128
127 134
81 149
108 138
131 154
69 71
96 157
82 121
69 71
73 75
103 117
84 96
69 79
71 72
75 82
77 86
111 120
117 130
69 73
114 160
85 113
93 156
84 96
103 136
78 83
84 92
89 124
88 91
69 77
72 122
69 73
130 131
87 115
121 158
81 126
68 125
70 112
68 87
79 153
72 129
87 97
84 161
71 80
73 99
72 103
131 154
92 144
93 94
100 142
93 156
69 77
106 152
119 137
113 127
121 146
72 129
75 85
70 112
121 133
102 151
127 134
99 132
80 81
81 84
87 101
71 78
79 153
69 79
72 88
75 119
96 157
71 76
92 123
87 101
85 147
82 118
106 152
80 81
123 135
75 119
146 159
103 114
84 98
77 86
89 90
81 126
121 133
79 141
79 141
84 161
88 91
70 89
232 257
215 275
218 223
272 273
234 254
257 262
272 273
217 280
228 234
270 296
233 239
257 262
223 271
247 251
235 236
289 293
264 309
219 287
216 219
279 313
249 259
225 306
278 292
270 296
219 238
231 242
263 276
239 264
232 278
226 256
242 277
242 250
265 298
222 308
272 294
219 279
222 245
267 314
236 261
245 249
226 256
221 247
224 270
222 235
295 311
220 229
218 265
228 240
228 240
264 309
222 235
226 248
225 233
240 286
269 272
216 220
223 226
236 243
216 217
230 289
215 216
231 241
245 288
240 297
216 252
232 278
216 283
218 224
279 312
259 301
219 225
218 222
273 310
215 246
246 253
215 275
220 260
285 315
224 270
280 284
218 244
297 307
216 283
222 245
285 315
252 255
297 307
218 244
262 268
301 304
240 258
215 281
215 281
225 306
259 266
219 238
280 285
254 302
269 272
230 291
215 216
266 267
245 249
218 222
216 252
216 305
229 290
260 274
260 274
218 224
259 301
262 268
236 300
240 258
236 243
230 269
215 218
295 311
245 288
231 242
256 303
224 228
301 304
261 295
228 234
288 299
222 308
278 292
219 230
218 221
229 290
219 232
220 229
216 305
223 237
223 231
234 263
278 282
234 263
226 227
223 231
230 269
216 219
218 265
226 248
246 253
