401 773
340 356
369 388
318 364
8 365
340 357
346 359
3 332
1 400
4 361
4 7
378 385
1 3
7 377
346 359
326 387
334 346
1 2
4 342
329 341
7 322
3 332
378 385
4 7
318 364
355 373
329 336
362 366
1 321
381 395
338 350
8 394
2 323
8 353
4 6
8 325
4 7
326 330
3 335
337 363
340 357
4 361
8 320
327 329
359 382
8 319
354 393
1 372
325 334
337 363
4 355
338 350
1 375
326 337
343 362
381 395
6 318
376 384
3 344
351 354
332 333
342 348
326 387
3 326
359 380
376 386
354 393
2 323
341 391
1 331
367 398
1 2
1 339
8 353
327 329
1 5
340 368
3 335
7 377
357 360
328 349
343 362
329 389
338 381
354 392
3 344
6 338
1 372
347 376
344 397
8 353
3 344
337 347
340 356
337 347
3 343
369 388
330 401
356 383
367 398
354 392
335 374
378 385
6 318
370 399
4 6
337 347
7 377
329 389
4 6
376 396
326 337
351 352
3 343
347 376
329 341
3 332
8 319
338 350
6 338
328 349
4 351
346 359
1 378
337 363
329 341
1 4
328 349
338 340
342 348
1 372
321 324
321 324
343 362
319 328
345 367
2 8
381 395
7 322
340 356
344 358
330 401
1 378
340 368
4 361
356 390
4 351
8 320
376 384
327 329
334 346
350 379
354 369
8 319
2 8
7 322
369 388
340 357
342 348
8 365
1 378
351 352
319 371
335 374
329 389
376 384
322 327
1 339
356 383
334 346
1 331
376 386
8 365
4 351
327 370
3 326
1 339
338 345
289 317
29 174
28 38
46 63
32 49
47 61
43 173
35 176
55 172
12 44
58 292
10 16
40 54
11 13
304 314
24 298
32 49
24 296
24 298
24 31
29 32
51 53
43 173
173 177
9 60
39 47
10 16
15 34
9 14
34 50
33 167
39 47
21 42
174 181
11 28
11 22
12 17
47 61
33 167
9 58
29 37
55 172
31 55
28 304
51 288
11 13
34 36
34 36
10 33
172 297
10 59
10 12
15 29
15 23
10 20
56 294
12 35
34 48
20 41
9 18
9 58
9 58
11 307
10 11
51 313
18 21
57 312
12 44
60 165
41 51
11 28
11 307
51 313
15 29
49 290
56 308
28 170
35 176
172 297
24 31
26 30
49 290
51 288
17 24
39 45
46 63
18 21
56 179
9 175
44 64
56 179
58 292
34 48
44 291
177 305
10 11
9 175
57 312
9 10
29 32
35 176
34 36
9 175
34 40
36 56
36 56
12 35
26 168
33 178
21 42
13 171
27 310
20 62
10 12
289 302
48 311
28 38
9 60
294 306
60 315
34 40
56 294
46 63
12 27
176 295
10 57
56 294
56 308
16 19
10 20
14 15
29 37
27 310
174 181
39 47
174 181
38 289
47 169
15 34
28 38
55 299
294 306
308 316
33 178
39 45
17 43
24 46
295 300
40 54
14 15
295 300
61 166
60 301
19 26
47 169
55 299
55 299
10 20
9 60
54 309
32 303
9 14
34 50
29 32
57 312
14 15
168 293
54 309
28 304
29 37
31 55
24 31
18 39
56 308
60 301
32 49
28 170
10 59
56 179
38 289
29 174
294 306
39 52
18 180
47 169
11 22
289 317
33 167
51 313
24 298
44 291
295 300
34 48
12 17
17 24
17 25
9 18
60 315
9 18
11 22
54 309
109 162
103 104
68 86
129 139
93 137
116 144
140 155
106 151
88 96
131 149
65 98
153 154
103 128
66 71
80 81
74 101
77 90
116 144
70 73
145 157
111 116
109 127
120 163
145 157
76 97
78 121
69 93
143 158
79 88
65 98
93 137
116 144
126 145
66 75
71 80
145 157
156 159
70 73
80 81
78 121
65 94
65 70
84 85
88 96
73 142
86 111
87 147
70 73
140 155
120 163
95 107
71 118
93 137
75 77
66 68
75 113
73 100
129 139
109 162
141 164
69 93
103 128
66 67
75 77
79 126
143 158
66 75
98 146
120 133
70 79
138 140
75 113
74 101
93 143
69 119
67 83
76 97
66 69
69 119
71 118
113 135
79 153
77 90
117 125
74 82
80 91
124 132
73 142
80 130
139 161
95 107
75 113
66 75
70 120
79 88
86 111
67 109
80 112
67 109
138 140
71 72
120 133
91 103
110 148
87 131
70 79
110 148
107 141
70 92
76 97
100 134
70 92
80 112
68 86
75 114
65 66
79 153
66 106
66 68
73 87
131 149
86 105
138 140
70 156
126 145
65 76
80 102
71 118
74 78
66 74
79 126
83 122
107 108
66 67
67 83
120 163
122 152
117 125
65 110
122 152
91 103
97 150
100 134
121 160
73 142
74 78
109 127
66 106
122 152
97 150
95 99
141 164
66 106
70 79
96 123
74 84
129 139
111 136
80 81
97 117
74 84
65 76
79 153
109 127
69 93
79 126
100 134
73 100
140 155
107 141
73 100
79 88
80 102
67 89
101 115
70 156
70 92
84 124
71 72
83 95
110 148
80 112
69 119
71 72
87 131
67 109
86 105
94 129
131 138
83 95
75 77
182 287
225 279
192 228
270 283
183 258
222 257
221 281
193 209
190 245
208 217
282 284
212 213
198 212
186 250
185 189
182 223
201 255
185 242
184 185
184 191
182 253
270 283
219 231
196 198
282 284
185 278
195 234
201 221
261 262
206 222
187 193
206 246
186 250
225 279
187 193
194 199
185 278
264 285
214 233
214 276
201 230
208 220
185 268
183 207
217 218
217 277
222 257
184 191
222 257
183 192
184 185
182 187
183 207
191 211
182 237
201 239
217 236
182 183
183 206
201 239
193 209
223 267
208 220
183 258
185 200
191 266
183 265
254 286
261 262
221 259
191 214
231 249
209 238
185 268
185 242
229 260
207 275
225 227
252 274
188 202
254 286
188 190
194 199
186 188
184 191
199 248
201 239
185 200
184 185
208 217
217 277
261 262
195 261
192 228
220 244
227 241
248 254
231 249
183 197
188 202
221 259
207 252
194 203
190 245
248 254
186 232
214 235
185 251
227 241
185 240
185 224
195 261
217 218
251 263
207 225
194 210
201 230
221 281
242 269
259 280
190 196
182 237
223 267
201 221
182 186
201 221
208 220
182 186
214 216
214 235
182 270
186 188
184 204
208 219
198 212
182 223
206 272
206 222
217 236
185 251
182 237
196 198
207 275
192 228
185 200
208 219
182 287
208 219
209 238
232 256
191 266
183 206
188 190
188 190
259 280
182 184
195 234
183 258
203 229
190 195
188 194
203 229
259 280
212 213
207 275
183 197
196 273
182 184
218 243
187 215
228 247
208 217
210 264
214 276
239 271
185 242
217 277
242 269
206 246
210 226
270 283
185 189
220 244
184 204
194 203
190 196
206 222
214 216
194 203
184 205
251 263
263 282
205 208
182 223
185 240
225 227
228 247
190 201
214 216
212 213
184 204
220 244
195 261
183 207
