405 1015
8 53
30 404
49 405
39 402
10 17
22 60
9 58
7 40
18 38
44 403
39 395
31 393
39 402
47 51
37 48
72 73
5 14
2 31
17 36
16 388
10 47
57 398
17 36
22 60
12 22
4 8
4 8
19 35
2 68
2 392
3 72
57 398
39 402
22 60
37 48
18 19
17 36
62 391
15 16
57 398
38 54
34 70
16 65
12 49
24 67
9 20
16 388
13 45
44 403
5 44
33 50
17 71
34 70
16 65
39 395
33 50
21 39
62 391
16 33
20 28
10 46
57 398
20 28
18 38
35 57
10 17
47 387
18 19
34 70
51 397
59 63
25 64
21 23
12 22
2 13
1 2
31 393
30 55
6 10
18 38
10 17
12 22
37 48
5 390
1 3
49 405
70 400
39 395
31 393
54 74
4 5
14 15
11 61
12 27
33 50
59 63
44 403
28 43
30 37
34 70
6 12
10 47
16 65
47 387
19 35
26 52
19 35
29 62
8 389
13 24
1 6
24 67
3 11
1 9
4 5
21 39
10 17
44 403
10 46
47 51
16 33
6 12
3 4
8 26
54 74
9 58
2 68
26 52
62 391
35 57
8 21
14 15
15 16
70 400
2 13
38 54
2 392
62 391
17 71
47 51
47 387
12 27
39 395
72 73
18 386
29 69
9 58
13 45
51 397
30 55
16 388
30 404
30 55
33 50
6 10
6 7
20 28
6 30
38 54
30 37
2 13
10 56
4 8
38 394
25 29
18 386
29 62
3 66
3 72
1 3
47 51
17 71
70 400
10 46
49 59
11 61
8 26
6 30
16 65
24 67
4 8
3 11
21 41
12 399
39 402
25 64
35 57
1 6
17 36
6 12
30 404
28 43
13 45
15 16
386 401
6 25
12 49
1 9
1 2
12 49
26 52
29 69
29 69
9 58
1 6
2 13
14 15
6 10
16 34
49 405
18 38
25 64
12 27
16 33
11 18
12 399
1 2
24 42
38 54
30 55
35 57
47 387
16 388
10 46
5 14
8 389
4 396
12 27
1 2
5 14
28 43
8 21
5 32
79 82
81 125
84 137
79 92
104 111
83 113
117 143
93 119
83 113
114 130
77 91
104 363
90 93
75 86
104 363
78 85
81 125
109 122
129 381
79 92
108 138
75 77
79 92
84 137
77 104
125 377
108 138
94 141
87 97
127 132
85 90
114 378
75 77
76 102
109 122
104 363
76 118
105 361
96 112
90 127
81 125
77 84
129 381
93 103
107 116
97 129
132 372
79 82
117 143
115 126
104 363
75 86
138 371
76 89
94 141
83 95
131 133
91 135
75 76
132 144
75 83
79 107
79 81
76 115
117 120
79 360
83 379
112 374
109 122
79 385
136 367
95 134
79 81
128 142
75 77
81 109
114 378
94 96
129 381
76 105
116 146
100 364
131 133
94 96
79 114
114 378
84 137
84 137
80 94
114 358
127 132
116 128
76 115
88 359
75 368
82 356
83 113
86 98
367 376
102 362
104 357
93 119
125 373
86 87
94 123
89 99
104 357
77 84
137 145
117 384
101 131
117 384
77 101
79 360
102 362
78 85
91 135
89 99
79 366
135 136
79 385
132 382
75 86
118 121
77 84
83 95
138 371
137 145
104 111
121 380
77 91
77 104
88 359
114 140
85 90
105 365
86 98
91 135
77 91
112 374
77 117
81 125
131 133
75 83
94 124
114 358
117 384
76 89
132 372
99 100
102 362
77 101
118 139
121 380
100 364
78 80
75 83
79 366
94 141
85 90
81 109
79 383
105 365
75 76
104 357
93 119
129 381
75 76
78 80
78 80
139 370
107 116
79 383
77 108
90 93
136 367
118 121
135 136
114 358
86 87
77 78
94 96
96 110
136 367
75 83
117 384
80 94
79 82
76 102
109 122
135 136
78 79
107 116
367 376
76 105
128 142
117 120
101 131
137 145
90 127
80 369
77 101
118 121
86 87
78 79
93 103
76 102
94 141
95 134
115 126
91 135
76 118
87 97
132 382
79 81
79 92
125 373
138 375
88 106
114 378
89 99
107 116
101 131
94 96
79 360
76 89
88 359
82 356
78 79
90 127
136 367
76 89
114 140
79 366
128 142
79 82
77 78
93 119
128 142
87 97
138 371
139 370
138 371
94 124
79 366
80 88
81 109
121 380
131 133
125 373
83 113
80 94
78 85
135 136
104 357
94 124
114 140
105 361
85 90
108 138
137 145
77 84
116 128
118 121
83 379
114 358
87 97
283 284
150 263
328 343
147 148
288 315
300 338
299 352
287 309
294 299
322 336
266 351
322 336
147 289
266 351
283 292
294 299
149 261
291 297
288 315
262 264
302 303
266 291
265 313
269 276
268 312
301 316
276 305
266 280
287 309
148 270
293 345
284 293
265 313
261 268
318 322
322 336
294 311
300 338
268 312
268 269
261 275
291 332
147 266
269 276
292 294
283 292
294 339
267 290
275 281
320 350
289 300
266 291
282 346
312 337
291 297
274 318
276 310
278 282
148 150
315 321
147 289
273 308
149 320
315 321
321 353
294 299
266 329
315 321
291 326
320 350
147 349
268 312
261 262
282 346
281 307
149 298
290 306
149 320
328 344
149 320
328 355
269 272
278 282
147 289
281 286
276 305
315 321
276 305
276 310
333 354
333 354
283 292
277 285
328 344
266 351
284 293
281 286
271 288
299 352
281 307
281 342
277 287
293 345
148 150
331 335
261 268
150 263
321 353
294 324
266 267
261 304
270 271
266 267
269 276
261 275
275 330
278 282
281 314
274 279
147 149
292 294
318 322
266 329
332 340
284 293
291 297
263 323
321 353
150 263
150 347
287 296
306 333
270 271
274 279
289 300
147 260
294 324
309 325
266 267
301 316
149 320
275 281
294 324
299 352
261 268
309 325
263 274
148 328
261 304
147 149
147 149
281 314
310 319
287 309
285 295
263 274
267 290
276 305
267 290
147 349
300 327
148 273
147 260
331 335
275 281
341 348
274 279
277 285
294 311
150 347
322 336
274 318
270 271
302 303
291 326
291 326
260 334
147 289
287 296
260 283
281 286
300 327
283 284
285 295
265 313
277 285
294 324
269 276
266 329
260 283
328 344
282 346
300 327
150 347
148 270
269 272
312 337
263 323
332 340
260 283
274 318
147 149
267 290
331 335
266 291
147 277
260 334
341 348
281 314
147 260
333 354
274 279
281 314
287 309
278 282
147 349
291 332
277 302
318 322
309 317
285 295
273 308
261 304
260 334
341 348
148 270
300 338
147 265
277 287
261 275
268 278
266 291
148 150
283 284
291 332
273 308
147 260
288 315
300 338
147 349
283 341
268 269
260 283
267 331
301 316
321 353
294 311
265 301
301 316
283 292
261 304
281 307
174 189
161 187
155 202
154 155
162 173
178 245
157 159
158 190
200 253
169 188
154 155
164 218
164 177
190 257
225 241
155 166
166 167
151 185
174 179
221 227
160 181
181 223
157 159
168 240
178 245
185 211
151 170
179 244
176 237
192 230
152 160
155 156
175 243
190 257
153 169
188 192
193 221
213 238
190 257
236 255
192 250
195 216
211 233
188 225
206 210
197 208
161 207
245 251
185 224
176 235
186 215
153 209
154 162
179 244
164 194
155 166
211 249
166 167
186 215
174 189
163 205
155 157
236 255
180 217
185 211
197 208
225 241
171 172
237 242
193 254
152 154
168 240
209 232
173 204
213 238
174 189
245 259
177 183
195 216
188 225
203 213
159 186
160 161
154 162
176 196
176 196
245 251
185 193
230 231
213 238
160 163
152 175
179 244
236 255
211 249
193 254
178 245
173 204
232 248
192 230
151 185
169 252
186 215
155 156
153 180
154 155
171 172
163 205
161 207
161 212
230 231
245 259
155 157
151 170
167 174
176 237
151 153
157 165
153 209
166 184
174 191
171 201
163 205
185 211
154 158
188 203
151 170
188 192
193 254
160 161
158 190
185 193
197 208
174 191
151 185
214 247
237 242
177 183
151 239
153 195
211 233
152 175
236 255
151 152
176 196
174 191
151 239
163 168
166 167
193 254
181 223
190 257
155 166
161 207
157 199
161 178
211 233
212 220
185 211
183 226
185 193
196 228
185 224
152 175
158 190
157 165
161 182
206 210
155 166
166 214
152 236
158 190
206 210
170 198
161 212
157 165
196 228
208 258
176 237
151 153
175 256
176 235
169 246
195 216
221 227
159 186
151 170
188 225
177 197
166 167
154 158
178 245
155 157
169 188
174 189
157 219
169 176
177 197
182 206
152 236
177 183
161 182
157 159
164 194
153 164
245 251
179 222
174 191
188 203
173 234
169 252
230 231
157 165
161 207
152 175
166 214
206 210
188 203
151 239
182 206
237 242
212 220
161 212
154 158
160 163
237 242
154 162
245 259
151 171
225 241
188 203
173 234
160 161
214 247
188 225
179 244
209 232
161 212
197 208
169 176
200 253
155 157
153 169
151 152
225 241
160 200
163 168
155 156
181 223
168 229
171 201
160 181
152 236
173 204
164 194
176 196
169 246
181 223
151 185
160 161
161 182
153 169
214 247
