488 483
136 381
1 23
137 145
354 379
17 383
137 350
31 359
15 31
143 348
145 376
144 385
23 365
12 363
8 9
1 29
35 139
27 342
9 16
348 361
360 373
367 378
28 144
18 142
5 7
1 3
13 34
145 487
22 352
138 355
6 382
31 143
376 384
10 28
137 349
147 344
383 486
363 488
19 24
2 6
140 372
12 347
10 18
342 375
34 366
22 25
5 8
1 5
5 14
10 146
28 356
2 12
20 30
5 32
12 137
22 138
22 27
136 341
26 345
140 367
31 380
136 374
5 357
13 19
6 35
341 362
27 377
12 26
3 11
1 4
35 149
360 364
7 369
149 368
5 22
364 389
347 386
28 371
137 340
20 21
6 20
1 2
23 140
25 136
5 370
3 15
1 141
5 33
141 343
25 346
3 351
1 360
140 354
147 358
138 353
31 388
141 148
348 387
6 17
2 10
16 147
12 13
164 177
172 337
152 200
179 186
154 193
216 219
177 218
160 171
153 190
157 211
164 174
175 183
224 227
190 208
153 161
155 336
156 180
215 330
162 178
177 228
224 327
215 224
152 154
180 222
150 156
206 231
224 329
157 168
166 210
213 216
181 196
161 212
155 184
170 225
199 339
225 333
212 214
210 229
156 165
154 162
162 167
197 198
186 202
175 176
150 151
192 204
167 173
202 328
159 207
157 175
172 206
160 164
180 182
219 324
151 209
167 197
151 152
152 172
151 157
151 160
182 199
199 203
171 335
190 213
183 189
177 188
151 179
151 155
166 338
154 201
160 223
152 163
153 169
185 205
180 192
186 332
158 159
169 195
182 185
150 158
219 325
162 220
171 187
151 166
162 226
164 230
150 153
171 215
182 191
200 221
193 334
153 217
220 326
157 181
212 331
161 170
154 194
407 449
414 417
464 470
418 428
390 412
452 458
410 414
395 403
474 477
398 423
423 482
400 457
400 431
437 459
396 410
394 401
413 440
394 407
452 476
444 461
420 453
396 402
394 435
446 471
402 468
420 472
431 441
461 463
406 485
414 421
391 398
406 438
429 452
403 442
397 430
414 439
437 462
420 445
434 456
441 465
459 480
439 478
403 448
393 400
395 397
440 455
455 473
400 406
403 429
432 464
391 392
396 409
425 432
441 444
408 418
391 393
410 450
399 425
463 467
393 466
403 427
405 422
391 399
395 424
394 395
403 426
450 451
463 469
394 405
400 443
478 483
421 437
394 420
426 484
465 475
428 479
392 394
396 460
436 454
403 419
411 416
437 447
416 433
413 415
403 434
395 396
447 481
409 413
394 404
406 408
390 391
441 446
421 436
473 474
407 411
44 52
65 100
37 101
43 74
71 133
36 41
68 115
124 134
40 79
49 60
107 130
56 58
45 89
57 81
113 121
37 38
59 78
94 110
38 55
57 93
39 40
40 46
36 47
59 85
61 123
40 49
36 37
38 64
70 75
39 45
63 88
71 87
48 94
37 82
68 132
48 131
122 135
68 99
51 95
78 120
47 59
43 44
49 96
38 67
73 86
80 124
61 62
39 42
50 61
81 129
52 116
38 72
65 68
36 43
38 83
125 126
100 127
68 106
89 108
58 66
55 69
58 91
79 111
95 113
40 107
56 57
126 128
51 84
50 70
82 109
61 71
48 54
48 122
62 105
47 56
46 98
51 102
68 119
38 117
37 76
98 104
52 53
50 103
93 125
61 114
71 73
37 48
60 77
87 90
38 39
42 65
57 112
59 63
38 50
80 97
102 118
37 51
41 92
39 80
248 307
232 282
307 310
238 241
234 262
260 271
261 287
267 280
276 317
234 235
238 255
317 322
250 294
236 260
232 252
283 321
235 247
252 261
248 276
265 268
266 304
258 290
264 320
244 301
233 250
238 254
232 234
245 281
281 292
253 316
245 267
284 311
264 278
309 318
237 295
278 283
236 313
232 274
275 293
236 312
235 240
283 302
267 309
236 269
242 257
260 298
237 239
237 308
264 266
234 237
270 291
262 323
314 319
255 264
241 305
266 270
243 249
241 258
234 256
236 246
235 248
270 279
273 286
263 265
240 253
273 297
250 251
287 306
264 315
240 242
263 288
271 285
240 273
235 245
236 244
238 272
268 300
246 263
241 284
246 277
241 289
232 233
236 296
237 275
235 243
241 259
281 303
312 314
281 299
237 238
234 236
