494 733
67 191
61 75
27 50
20 63
4 5
19 29
7 25
38 53
2 11
33 55
47 71
3 385
3 14
39 73
17 30
10 56
65 286
4 16
49 381
57 68
5 7
3 37
63 80
36 386
26 65
11 42
5 13
9 19
9 20
9 41
6 40
4 38
21 494
2 35
14 17
2 387
19 21
26 54
26 54
22 61
14 389
72 388
63 80
32 48
3 6
21 39
15 34
33 392
49 76
61 69
13 15
17 47
39 73
1 23
13 52
13 28
57 60
7 46
7 25
33 57
3 22
42 395
35 70
3 393
1 12
20 58
13 66
50 285
40 45
5 49
21 494
20 63
16 74
26 394
64 193
13 28
61 391
61 81
54 59
33 55
61 75
26 394
11 192
16 72
65 493
67 191
15 34
9 19
17 30
42 62
5 7
4 9
37 67
4 38
5 8
81 383
36 43
10 33
24 77
12 31
14 17
1 2
36 43
6 40
38 53
35 70
32 48
10 56
54 59
13 44
12 36
383 390
1 3
22 24
24 32
12 36
1 23
2 10
42 62
5 18
49 381
57 68
24 384
81 383
61 81
3 14
12 27
49 76
8 26
21 39
37 67
9 20
42 395
22 24
61 69
1 4
30 78
2 51
26 65
57 60
30 78
50 285
12 31
53 79
24 77
45 64
381 382
1 2
65 286
33 392
2 387
288 289
317 336
292 300
302 312
300 308
302 320
308 326
307 318
299 367
291 348
354 360
314 330
323 325
336 375
309 361
292 327
293 301
352 353
292 300
309 338
318 337
292 295
336 375
313 370
289 315
292 295
288 289
295 311
324 380
324 358
365 371
296 354
308 309
302 356
340 365
307 331
336 341
311 332
340 365
291 294
299 367
331 333
332 366
348 372
289 321
311 329
287 292
292 306
287 288
312 313
302 320
303 363
301 305
308 324
298 357
288 314
338 345
311 346
312 313
288 368
299 347
348 372
300 308
303 323
323 325
293 296
316 378
293 296
290 328
352 353
365 371
309 338
312 316
298 310
291 348
299 317
289 291
293 304
303 363
308 324
301 302
293 301
296 354
288 293
299 347
288 290
311 332
317 336
298 319
303 377
326 339
334 343
312 316
298 350
320 334
311 329
336 352
292 298
314 330
309 340
326 379
347 374
348 355
288 314
293 376
292 322
334 343
287 364
288 368
290 328
304 335
292 322
303 323
301 303
288 293
303 359
302 312
296 297
332 342
363 373
296 297
296 362
326 379
307 331
316 344
348 355
297 299
288 290
304 349
354 360
343 369
335 351
304 307
406 441
408 411
473 477
448 467
411 422
401 406
396 409
400 464
399 465
413 428
424 479
450 472
437 439
405 413
396 397
460 466
403 405
418 482
433 446
453 461
413 486
410 433
433 446
458 470
413 428
433 440
441 449
410 429
417 462
454 487
404 416
402 485
415 448
400 471
428 451
399 425
404 435
399 425
430 490
420 450
402 410
417 460
432 458
403 405
430 436
443 455
465 468
445 454
417 462
448 467
438 473
424 426
397 398
470 481
402 447
424 434
404 416
452 453
415 420
433 440
430 437
399 402
403 452
450 472
430 490
420 427
422 456
438 457
452 453
396 397
438 473
414 438
464 478
423 431
458 470
413 491
430 436
413 463
396 412
397 403
413 463
424 479
400 464
417 460
404 408
396 401
445 454
408 415
443 455
445 459
406 430
407 417
425 483
402 404
401 406
473 477
413 444
398 399
420 427
454 487
465 468
410 414
423 475
421 424
443 445
430 480
446 484
404 435
408 415
411 422
420 474
415 420
399 418
420 474
482 488
423 475
413 486
479 489
425 443
426 442
403 452
425 483
467 469
399 400
399 465
397 423
413 444
457 476
402 485
460 466
396 401
467 469
446 484
407 419
443 445
479 489
413 491
399 400
412 421
416 432
406 407
396 409
468 492
400 471
402 410
224 231
208 217
219 238
201 224
259 263
208 217
201 230
198 204
266 274
219 238
210 282
206 257
222 241
217 222
199 202
213 215
201 245
196 205
243 261
196 247
194 265
207 244
216 249
194 198
196 212
244 253
209 214
195 254
216 280
195 196
206 234
213 258
201 230
194 265
219 233
194 207
212 216
207 225
208 209
223 235
273 281
194 197
244 272
196 232
218 248
196 221
201 266
218 259
194 218
207 284
207 284
214 229
246 277
227 246
207 244
214 255
210 262
211 240
222 243
250 260
210 262
218 259
232 242
248 252
201 224
199 201
194 218
207 208
195 200
244 272
206 256
228 283
273 281
245 264
266 275
214 255
197 206
227 276
200 269
240 279
243 261
250 260
231 239
195 196
216 273
257 267
196 205
207 219
194 211
216 249
207 223
266 275
231 237
202 203
207 223
207 210
200 251
223 268
223 226
253 270
194 207
195 200
217 222
246 278
231 239
198 204
199 202
196 221
217 250
227 236
200 228
200 271
209 227
227 236
244 253
207 210
199 220
227 276
194 195
266 274
201 266
195 199
214 229
196 213
246 278
248 252
200 269
212 216
213 258
218 248
206 234
223 235
196 213
231 237
207 208
199 201
228 283
240 279
245 264
217 250
196 232
154 180
85 157
149 153
155 184
149 159
85 185
83 129
101 173
119 177
98 124
86 137
82 83
139 144
123 160
96 125
85 87
97 112
86 95
82 85
104 151
93 138
97 112
104 151
106 113
104 145
99 101
132 150
110 135
91 92
90 106
117 126
111 128
82 86
119 177
117 165
101 114
106 133
122 123
111 128
155 184
93 140
111 148
98 105
96 168
128 142
99 172
109 187
89 90
87 158
139 182
86 181
83 84
88 111
112 166
99 108
99 101
185 190
144 149
98 109
89 102
149 159
123 160
104 110
126 152
111 161
106 156
106 113
113 130
85 88
109 187
94 99
126 152
179 189
106 133
95 103
126 167
93 100
94 175
117 126
100 118
93 94
131 134
87 158
93 94
90 93
96 168
98 109
89 102
89 132
114 121
82 176
88 89
106 156
96 183
104 110
113 119
144 149
85 88
100 118
98 143
85 98
128 142
84 107
133 136
82 85
114 121
86 164
82 83
131 134
113 119
117 120
101 114
106 178
104 145
163 174
96 122
95 103
101 173
85 87
88 89
115 131
124 162
86 139
90 104
86 127
163 174
90 104
110 116
136 179
96 125
117 120
96 122
109 115
128 169
126 167
115 131
99 172
146 147
122 123
151 186
136 146
82 91
85 188
146 147
83 96
83 155
106 141
94 117
136 179
128 169
85 157
124 162
108 170
99 108
116 154
86 139
93 97
149 153
179 189
98 143
125 163
109 171
90 106
