487 979
23 448
435 458
443 452
13 16
17 467
23 450
14 21
8 25
24 426
23 450
2 3
2 3
1 14
429 441
6 476
22 443
9 20
13 15
8 25
453 470
471 478
17 447
20 475
437 479
448 469
448 469
481 487
2 3
13 485
453 466
22 28
13 16
3 446
12 30
2 26
432 437
2 4
20 431
10 12
455 477
23 450
3 446
450 461
2 19
450 483
13 444
445 459
450 483
2 19
481 487
22 424
445 459
2 26
13 430
28 457
11 13
30 453
20 431
17 467
434 445
20 484
5 31
429 434
5 439
5 439
12 425
462 474
435 458
453 470
450 455
10 433
9 435
19 440
9 23
441 471
458 462
450 483
425 449
460 481
22 424
425 449
5 17
12 30
22 443
14 27
463 480
11 13
20 431
448 469
20 484
8 22
13 430
455 477
17 467
11 454
22 465
457 463
13 15
10 433
480 486
1 7
4 442
5 31
441 471
453 466
31 436
20 475
432 460
31 436
30 453
20 427
1 2
2 11
4 5
443 452
4 442
20 484
13 444
458 462
9 435
8 25
471 478
5 8
6 24
23 448
22 424
3 446
458 462
13 15
8 10
31 464
443 452
445 459
425 449
471 478
20 432
9 438
453 470
10 433
437 468
12 425
7 9
14 21
6 476
1 7
2 6
13 444
24 426
450 455
20 427
15 29
9 438
2 4
450 461
16 456
9 435
450 461
20 427
461 473
457 463
429 434
13 16
13 430
14 18
5 439
450 455
2 6
463 482
9 438
2 26
432 437
30 453
455 477
4 5
439 451
435 458
453 466
434 445
432 460
426 428
5 8
463 480
480 486
22 28
429 434
22 465
2 4
5 31
462 474
15 429
2 472
31 464
11 454
12 425
279 293
260 282
237 254
267 279
285 290
254 406
290 416
234 419
237 242
255 260
233 414
238 271
269 280
269 399
290 416
236 239
269 399
267 279
291 409
247 281
264 285
279 293
278 289
282 417
233 237
261 272
234 278
264 273
278 395
252 418
34 35
239 403
34 250
252 408
239 265
279 402
254 256
257 400
248 413
272 423
250 288
34 420
252 258
33 240
266 267
33 236
265 284
239 243
237 405
32 252
237 405
34 287
252 408
35 291
265 284
32 268
237 254
32 34
234 246
32 268
238 286
235 248
234 246
266 396
234 419
250 411
233 253
261 272
284 407
234 235
34 287
32 269
278 289
235 241
279 402
275 277
252 408
234 278
252 418
266 396
248 413
241 276
265 404
264 285
33 238
237 405
278 289
291 409
34 422
278 395
243 244
246 247
234 419
246 270
250 411
33 245
34 35
252 418
239 243
267 401
34 394
266 267
275 277
252 274
248 257
34 249
238 292
267 279
35 291
279 402
254 266
253 261
34 422
33 240
253 261
254 406
265 294
284 407
261 272
233 253
246 247
34 250
265 404
237 242
266 396
239 403
239 403
236 239
33 238
290 412
267 401
34 233
266 267
264 273
33 240
250 288
234 278
32 269
234 246
289 398
241 263
253 262
238 286
32 33
275 277
394 421
282 417
35 234
233 253
235 259
290 416
237 242
33 238
269 397
278 395
254 255
34 250
254 406
254 266
32 269
33 245
267 401
32 264
239 265
238 271
35 291
239 275
247 281
246 270
32 268
34 233
269 415
35 234
260 282
233 237
240 251
233 283
284 410
241 263
250 411
34 233
330 356
310 312
312 327
295 297
327 358
321 390
354 379
296 305
302 323
323 362
296 303
326 369
299 380
336 346
298 318
331 340
378 381
322 360
337 373
345 371
296 378
314 330
337 373
365 377
304 365
298 317
310 315
314 330
298 301
325 338
330 332
358 393
325 338
308 341
342 382
318 324
359 387
298 306
322 360
312 361
317 368
318 344
326 369
334 372
323 362
307 325
295 300
334 372
307 308
358 393
306 319
326 369
313 316
297 313
298 318
352 355
295 322
300 307
296 378
334 351
314 339
297 298
346 347
318 324
325 352
337 373
298 306
301 376
340 343
331 364
298 309
339 391
298 301
350 370
298 317
314 339
334 351
341 359
339 391
334 372
353 383
299 336
317 368
304 350
313 316
302 323
327 358
297 298
295 348
306 363
295 300
296 378
308 326
295 345
350 370
295 300
353 383
325 337
332 349
312 361
312 361
325 352
308 341
325 352
301 376
298 309
333 374
374 375
308 326
307 325
365 377
325 337
314 320
336 346
307 308
306 388
331 340
328 353
298 357
369 385
314 339
334 351
333 374
322 360
304 350
307 308
318 324
345 371
336 392
318 344
302 323
295 322
306 319
295 348
295 345
297 321
314 320
304 350
333 374
306 388
304 365
297 304
308 341
298 299
305 333
298 357
319 328
341 359
301 302
305 314
378 381
301 334
307 325
302 386
298 357
314 342
331 340
297 321
304 365
295 296
302 335
330 356
305 314
295 311
350 370
378 381
330 332
313 316
303 310
330 356
318 344
295 311
327 358
323 366
312 354
298 306
296 329
355 384
297 298
308 326
339 391
323 362
354 379
353 383
330 331
299 336
358 393
345 371
359 387
359 387
299 336
312 354
319 367
330 332
365 389
52 197
181 200
46 79
221 228
40 46
45 57
45 75
47 72
45 47
61 81
46 79
214 217
54 66
75 184
54 195
57 194
40 56
37 40
215 222
47 225
215 222
38 49
184 188
184 188
42 53
39 181
65 185
57 210
51 63
59 187
51 216
182 214
39 181
182 214
75 184
38 49
39 74
183 189
37 48
41 42
47 225
36 41
57 67
46 205
40 56
55 230
41 45
58 60
49 51
39 74
47 72
49 186
36 190
62 68
59 223
45 57
38 49
46 79
36 37
61 81
57 194
51 216
215 220
41 50
38 206
42 53
181 200
198 201
36 37
38 71
38 39
62 80
69 77
45 227
60 62
38 206
57 194
69 77
39 70
36 41
45 57
45 227
81 221
54 61
38 43
36 208
59 187
44 58
62 80
207 209
36 41
40 46
68 182
81 82
63 183
36 190
83 202
81 221
58 60
55 232
57 229
63 183
190 218
49 78
53 83
45 75
44 58
36 191
46 205
37 76
41 42
38 39
192 219
53 83
184 188
41 50
43 192
190 204
54 61
52 54
37 38
65 212
37 48
40 56
207 224
59 187
57 65
194 215
49 78
36 55
67 198
58 60
215 222
54 61
52 54
198 201
47 72
75 184
76 231
41 45
37 48
192 219
41 52
65 185
36 55
81 221
45 193
54 195
57 65
41 52
68 182
41 52
62 68
63 183
37 73
51 199
187 203
45 47
67 198
46 205
198 201
77 207
39 74
53 69
37 73
65 212
39 70
54 211
45 193
52 197
53 83
36 64
77 207
49 51
52 213
207 209
40 226
53 59
41 50
194 215
221 228
67 198
53 69
190 218
36 64
57 65
190 204
181 200
36 208
36 64
38 71
49 51
190 196
55 230
62 80
52 54
54 211
42 44
49 186
54 211
39 70
45 227
53 59
51 63
45 193
192 219
194 215
38 206
97 104
117 156
96 100
84 87
101 149
90 108
84 109
94 96
104 139
84 117
100 112
95 176
167 175
166 172
169 173
166 172
85 89
91 95
92 122
84 111
99 135
91 119
171 178
85 103
146 179
99 171
119 126
126 153
119 157
130 132
132 164
117 161
145 152
104 139
86 123
103 134
84 88
119 157
145 165
86 123
104 105
84 117
146 147
171 178
145 165
105 114
169 173
137 170
86 136
96 100
144 174
144 154
104 105
95 107
109 169
140 163
98 148
87 106
98 148
90 120
145 152
90 108
91 93
95 176
136 158
119 126
95 107
105 129
104 139
120 160
121 159
97 110
95 107
130 132
84 85
110 121
132 164
92 128
169 173
84 131
85 86
91 119
92 128
85 103
113 124
136 158
103 144
103 134
115 155
86 151
147 177
99 171
115 155
135 138
84 109
88 99
96 100
127 166
103 134
115 155
87 106
95 167
92 94
89 118
105 129
97 104
136 142
86 115
89 92
104 105
95 167
124 140
117 162
92 113
84 87
84 85
146 179
135 138
92 113
153 180
101 141
112 125
85 103
90 101
135 137
109 169
109 169
140 163
86 97
117 161
167 175
86 115
85 90
171 178
85 89
147 168
84 88
101 149
147 168
147 168
136 142
99 135
92 128
92 113
144 174
109 146
86 136
93 127
136 158
144 174
85 89
117 162
94 143
100 112
135 137
98 148
146 150
86 151
85 91
85 86
89 145
127 166
146 179
99 135
89 118
117 162
101 141
84 131
95 102
145 152
86 97
126 153
109 146
146 150
84 87
109 146
121 159
124 140
84 131
84 85
166 172
130 132
147 177
90 101
108 116
146 150
85 86
121 159
87 106
101 141
119 126
89 92
91 119
96 130
106 133
147 177
144 154
140 163
124 140
89 98
112 125
