508 1270
2 20
24 28
33 504
459 503
453 498
26 36
33 504
2 20
18 496
12 17
27 459
10 31
31 450
24 28
18 496
350 452
7 10
3 353
459 473
18 496
1 3
4 34
4 7
28 481
2 20
32 349
455 458
5 13
2 14
469 485
11 483
9 472
26 36
454 468
1 3
11 15
477 495
9 472
18 496
5 11
6 18
18 29
34 35
5 13
350 455
349 491
4 5
5 11
15 489
1 16
14 350
469 485
1 3
32 349
34 35
33 480
24 28
457 463
482 507
480 502
16 27
457 463
5 38
34 35
1 21
5 487
38 347
5 38
2 460
34 478
7 10
35 37
457 461
477 495
14 350
11 15
11 25
18 462
31 450
486 488
24 456
11 483
475 479
12 17
21 39
5 38
459 503
475 479
457 463
2 14
347 499
349 491
4 351
17 33
2 20
3 8
34 35
10 31
9 472
450 465
31 467
349 491
33 504
16 27
3 4
12 457
457 461
11 25
469 485
35 493
2 9
5 487
353 490
455 469
16 466
464 471
29 30
31 467
16 22
18 29
26 36
7 10
4 23
4 7
4 34
28 481
17 26
16 466
2 460
3 4
486 488
5 13
12 17
6 18
4 454
7 484
4 506
18 462
11 15
15 348
1 16
455 458
28 494
455 458
469 485
29 352
28 451
19 474
466 477
350 452
477 495
31 467
26 36
2 9
4 23
16 22
3 8
501 505
6 482
1 453
347 499
29 352
23 40
461 486
11 12
31 450
23 475
349 491
28 481
4 464
3 353
350 455
21 497
350 452
3 8
33 480
21 39
455 458
32 349
2 460
16 466
18 462
6 482
21 39
31 450
33 504
480 502
5 487
35 493
1 2
3 4
32 349
9 472
21 497
12 457
21 497
33 480
480 502
457 463
12 457
4 19
472 508
18 29
16 466
4 464
3 8
1 21
25 32
18 24
11 25
7 10
4 464
11 15
19 476
4 5
475 479
4 23
18 29
480 502
5 11
6 18
35 37
11 25
24 28
486 488
17 33
350 455
3 6
11 12
33 480
16 22
34 478
463 470
3 353
5 487
24 456
5 13
5 38
12 457
4 23
501 505
18 462
353 490
477 495
11 500
21 497
6 482
12 17
40 501
5 11
1 2
464 471
40 501
4 464
453 498
40 501
16 27
4 34
480 492
172 179
191 342
193 333
167 186
177 334
43 314
172 302
43 44
172 308
46 194
164 313
42 53
325 328
181 330
183 341
52 167
171 323
54 172
43 44
50 189
50 188
42 317
165 190
41 340
42 191
54 181
42 53
169 176
180 306
44 332
47 315
51 178
46 194
172 179
44 332
187 193
163 309
42 173
184 325
53 182
335 344
50 189
189 201
165 303
173 196
41 42
165 190
172 302
42 317
162 311
48 169
312 329
172 179
190 200
41 45
183 341
180 306
50 52
186 198
45 47
314 327
201 301
168 345
168 184
42 173
163 309
164 171
44 332
43 166
169 321
42 173
196 316
189 201
190 200
163 309
187 193
171 323
41 42
42 46
171 323
167 186
312 329
164 180
41 49
43 44
186 198
182 337
180 306
189 201
173 192
170 346
41 164
178 183
165 190
41 48
53 185
41 43
195 320
46 194
164 171
196 316
172 179
51 178
54 181
187 335
45 168
201 301
191 342
52 163
44 165
190 200
45 168
177 334
315 324
168 345
50 170
50 52
171 323
45 168
172 308
43 314
42 173
51 162
50 188
335 344
43 177
43 177
196 316
50 189
168 184
50 52
42 317
303 336
189 201
170 346
43 177
163 309
48 169
42 191
43 54
173 196
46 194
51 162
178 199
42 53
314 327
41 43
312 329
181 330
42 317
165 303
187 335
43 166
167 186
43 54
313 331
191 342
51 162
41 48
45 47
42 191
44 332
183 341
41 42
54 181
41 45
41 49
169 321
178 199
43 54
182 337
52 163
181 330
314 327
195 320
43 195
172 307
173 196
303 336
51 178
317 319
43 166
191 202
43 195
41 164
183 341
313 331
44 51
167 186
202 339
187 193
43 177
168 184
187 335
47 326
184 312
54 181
45 47
172 304
178 199
48 169
190 200
171 175
164 180
47 187
47 326
191 342
43 166
41 45
164 180
184 325
50 189
44 51
172 302
335 344
172 302
172 304
200 305
184 312
173 192
173 192
196 316
172 308
200 305
173 196
169 176
186 198
47 187
51 162
174 322
41 164
307 318
315 324
47 326
202 339
172 307
45 168
166 174
44 50
171 175
47 187
187 193
41 42
180 306
184 343
47 187
169 176
165 303
43 54
41 48
43 44
317 319
162 311
168 184
50 170
50 170
41 43
43 195
317 319
182 337
50 52
41 43
172 304
47 315
181 330
184 312
41 48
325 328
325 338
169 321
169 176
303 310
162 311
45 197
312 329
177 334
193 333
388 427
402 426
368 389
361 394
367 369
377 425
359 388
397 419
359 388
430 441
413 447
373 445
356 357
373 445
365 367
365 367
355 436
361 394
355 356
407 446
354 380
406 423
381 408
360 361
403 420
356 368
409 449
378 444
357 359
373 445
362 371
358 437
357 360
398 407
357 360
354 363
359 440
354 363
356 368
382 417
421 428
363 429
361 435
358 362
382 448
382 412
355 436
402 426
362 378
354 363
398 407
356 368
413 422
359 440
370 372
396 404
430 441
430 441
354 392
377 415
365 367
356 357
361 435
355 375
367 376
361 400
388 427
403 409
357 358
375 386
381 408
361 400
372 379
356 357
356 357
381 408
355 370
362 371
359 440
394 396
364 366
356 368
402 439
413 447
374 438
357 421
364 366
374 385
366 384
362 387
401 406
409 449
365 367
361 400
397 419
375 413
428 430
431 432
375 413
402 439
394 396
382 390
368 389
402 426
421 428
394 416
364 433
364 433
361 394
372 377
372 379
374 385
372 379
358 398
398 403
413 447
375 393
370 372
368 389
362 371
355 375
366 384
406 423
375 386
397 419
362 378
358 362
356 434
413 447
399 424
357 359
413 422
359 395
359 388
374 385
354 355
372 379
402 426
377 415
354 373
407 446
364 366
382 412
355 397
372 377
359 395
354 392
355 370
354 380
406 423
358 362
366 442
357 421
381 408
355 436
355 370
403 420
371 414
357 421
398 402
382 417
362 378
375 386
355 375
382 448
354 355
361 435
405 418
375 413
382 390
382 412
364 433
382 448
375 399
380 401
413 422
370 381
382 448
403 420
359 388
362 364
396 404
392 410
354 392
402 439
378 444
407 446
356 434
359 440
384 411
372 431
354 392
403 409
358 362
367 443
374 385
382 390
398 402
358 437
367 369
431 432
382 412
392 410
361 405
377 425
372 377
357 360
372 377
366 442
406 423
368 383
371 414
360 361
421 428
354 363
363 429
362 374
394 396
361 400
375 393
364 382
392 410
377 425
397 419
398 402
377 415
364 433
394 396
421 428
431 432
388 427
361 405
370 372
364 365
374 391
362 378
108 120
58 59
70 82
55 69
104 128
78 93
84 142
87 91
84 142
80 133
62 149
107 125
93 97
59 66
55 79
58 139
65 96
65 96
97 127
74 150
85 140
66 95
60 62
56 158
68 72
56 102
93 130
80 101
71 88
123 156
75 118
116 141
98 121
76 90
78 92
74 150
63 147
56 152
65 68
101 107
84 142
108 120
65 105
68 72
93 97
58 139
133 136
74 75
87 91
80 133
60 76
55 69
58 59
59 161
57 58
102 134
78 93
64 65
123 145
55 79
82 98
64 108
108 112
108 120
75 106
55 56
56 152
93 97
78 92
58 67
57 77
56 158
55 64
56 158
60 62
85 140
102 131
74 75
63 80
117 122
74 150
87 91
93 97
57 58
118 129
59 161
84 87
123 146
92 116
80 101
58 67
78 92
63 147
64 65
60 76
57 63
108 135
73 104
55 56
108 120
74 150
57 63
96 155
90 100
55 57
104 117
61 78
87 91
68 113
80 133
123 156
55 57
90 94
96 155
107 115
95 111
80 101
117 122
58 61
71 88
57 58
57 63
104 128
92 116
63 147
76 90
73 74
55 57
111 114
108 135
70 73
123 146
78 93
69 71
156 157
63 147
80 101
56 102
111 114
59 66
107 125
97 127
60 62
63 83
84 142
58 67
141 160
149 153
116 141
95 111
63 144
78 92
92 109
55 57
104 117
55 79
84 87
76 90
65 96
58 61
66 95
55 60
118 129
107 115
156 157
56 85
65 68
86 119
73 104
78 93
72 81
113 126
67 86
107 125
149 153
113 126
102 134
94 99
123 146
55 69
66 84
97 127
65 105
80 133
66 95
57 63
104 128
98 121
61 148
65 96
58 61
108 135
131 138
111 123
104 128
68 72
66 95
71 151
74 159
57 58
94 99
86 103
117 122
83 89
59 66
125 132
125 132
66 84
156 157
141 160
97 127
113 126
55 60
56 158
69 71
111 123
84 87
73 74
67 154
63 83
104 117
101 124
108 135
94 99
156 157
67 86
102 134
58 61
75 106
101 107
58 59
61 78
85 140
62 149
82 98
59 161
101 107
67 154
65 70
61 137
117 122
90 100
96 155
63 83
60 76
61 78
113 126
63 83
64 143
149 153
65 68
60 76
68 72
61 78
56 110
220 233
218 251
225 230
237 254
206 243
205 212
220 247
211 220
212 214
285 297
223 226
220 256
205 212
211 250
208 266
266 272
220 227
208 231
266 276
281 291
239 261
239 261
222 257
226 248
229 284
212 214
245 281
221 262
203 246
209 219
237 269
237 294
204 213
204 216
249 271
236 273
228 235
209 210
224 229
221 245
237 254
212 214
250 265
251 292
209 211
224 229
211 249
205 212
212 224
227 260
209 219
241 242
279 300
213 236
281 291
211 250
241 242
223 241
212 224
239 261
274 283
232 244
249 295
224 229
241 242
217 296
220 233
268 279
237 294
205 212
204 225
223 228
243 259
242 268
281 291
237 269
226 234
203 204
228 235
209 215
216 223
224 264
234 237
248 280
228 282
206 217
205 209
266 276
237 294
208 231
253 270
239 261
223 228
204 218
249 295
204 218
204 208
226 248
210 221
216 223
243 259
245 281
266 272
209 210
227 260
208 232
226 234
223 226
242 268
217 296
238 278
290 293
250 265
205 209
220 247
216 223
237 269
211 249
241 242
228 282
234 237
249 295
203 239
204 225
204 213
211 220
266 272
209 215
203 206
231 258
205 207
212 255
237 254
289 299
205 209
241 252
211 249
217 296
206 217
223 228
204 218
221 262
212 224
228 275
245 267
213 222
224 264
213 222
209 210
228 235
209 219
247 277
204 213
236 273
226 234
242 287
290 293
225 230
234 237
241 252
232 244
248 280
231 258
279 300
205 207
242 268
248 286
203 239
206 217
241 252
220 247
207 263
220 233
247 277
208 232
217 296
203 206
237 294
289 299
207 263
204 205
226 248
208 266
225 298
271 290
212 214
213 222
255 288
209 211
245 281
243 259
268 279
209 215
215 274
225 298
225 230
204 205
208 232
203 253
208 231
242 287
247 277
211 240
237 254
220 256
213 236
223 241
203 239
212 224
266 272
223 228
232 244
211 220
223 226
224 229
231 258
235 238
224 264
238 285
210 221
225 230
220 256
242 268
253 270
221 245
248 280
211 249
208 231
203 253
281 289
268 279
204 218
290 293
205 209
281 291
231 258
232 244
243 259
236 273
279 300
212 255
208 266
242 287
