986 1226
855 856
803 804
846 847
825 826
834 835
836 837
842 843
849 850
975 976
866 867
3 793
865 866
852 853
832 833
973 974
855 857
862 863
831 832
854 855
840 841
850 851
983 984
847 848
876 877
813 814
985 986
820 821
984 985
851 852
867 868
795 796
976 977
815 817
878 879
982 983
841 843
868 869
799 800
981 982
817 818
859 860
860 861
801 802
810 811
807 808
815 818
874 875
877 878
978 979
839 840
972 973
864 865
843 844
863 864
812 813
807 812
873 874
859 864
798 799
860 863
818 819
858 859
827 828
857 858
823 824
822 823
878 974
821 822
815 816
879 972
833 834
804 805
974 977
828 829
875 876
980 981
845 846
844 845
794 795
853 854
801 802
874 877
807 812
974 975
879 976
870 871
809 810
796 797
795 800
793 794
796 797
838 839
800 801
856 857
1 795
1 2
825 830
841 842
826 827
872 873
861 862
816 817
979 980
808 809
818 822
872 873
3 797
859 860
832 837
977 978
808 810
830 831
869 870
819 820
2 3
806 807
814 815
805 806
846 850
871 872
837 838
829 830
835 836
819 820
802 803
811 812
824 825
797 798
848 849
958 959
937 938
938 939
885 887
906 907
886 887
962 963
918 919
925 926
926 927
960 961
954 955
901 906
961 962
905 907
922 923
882 883
941 942
898 899
952 953
957 958
948 949
908 909
927 928
924 925
967 970
892 893
949 950
963 964
932 933
946 947
933 934
968 970
912 913
881 882
955 956
885 886
940 944
939 940
899 900
913 914
921 922
919 920
928 929
924 927
905 906
925 926
964 965
953 954
920 921
942 943
934 935
884 885
920 923
936 937
910 911
923 924
931 932
969 970
887 888
914 915
902 903
880 881
926 927
909 910
968 969
901 902
894 895
911 912
899 902
967 968
895 896
880 884
949 951
955 957
904 905
945 946
917 918
902 905
907 908
903 904
943 944
966 967
911 914
938 940
920 925
970 971
914 918
883 884
944 945
930 931
893 894
968 969
916 917
956 957
940 941
887 888
933 934
889 890
890 891
931 935
935 936
891 892
900 901
929 930
896 897
950 951
947 948
951 952
896 899
920 923
959 960
965 966
897 898
915 916
888 889
25 27
4 5
662 756
51 52
660 661
779 780
769 770
770 773
10 15
35 36
776 777
43 44
774 775
773 774
783 784
47 48
780 781
54 58
7 8
762 763
39 40
41 42
58 650
34 37
19 21
52 53
789 790
40 41
785 786
756 757
8 9
657 658
766 767
765 766
788 789
10 11
25 26
781 782
659 660
32 33
56 57
652 653
653 654
26 27
760 761
650 651
19 20
11 12
15 16
13 14
34 35
48 49
655 656
55 650
761 762
38 39
787 792
26 28
772 773
787 788
58 649
768 769
786 787
771 772
28 29
36 37
18 19
782 783
45 46
790 791
770 771
33 34
31 32
20 21
43 46
656 657
654 655
46 47
651 656
651 652
49 50
55 56
658 659
765 766
763 764
24 25
21 22
36 37
42 43
17 18
9 10
791 792
12 13
764 765
662 756
662 760
775 776
44 45
37 38
16 17
24 29
27 28
778 779
54 55
789 790
45 49
47 52
55 649
57 58
53 54
22 23
649 650
772 773
759 760
783 785
30 31
5 6
16 18
777 778
767 768
29 30
757 758
50 51
14 15
23 24
6 7
34 39
784 785
661 662
758 759
612 613
618 620
645 646
483 488
80 81
479 480
642 643
613 614
494 495
69 72
628 629
616 617
491 492
636 637
614 615
500 501
502 503
489 490
495 496
483 484
607 608
481 482
492 493
622 623
604 605
626 627
503 504
631 635
631 632
632 633
76 77
610 611
63 64
476 477
81 83
481 482
647 648
611 612
81 82
640 641
490 495
623 624
477 478
478 483
619 620
643 644
478 479
629 630
70 71
79 83
630 631
633 634
78 79
480 481
488 491
69 70
488 489
486 487
610 612
645 648
499 500
485 486
72 73
605 606
628 633
478 480
617 618
625 626
64 65
504 604
60 61
619 620
82 83
71 72
501 502
634 635
624 625
484 485
82 478
64 65
67 68
59 60
490 491
619 620
635 636
478 483
639 643
62 63
73 74
74 75
618 619
615 616
61 62
68 69
66 67
497 502
79 80
496 497
498 499
63 64
606 607
80 81
83 476
75 76
638 639
646 647
81 477
77 78
644 645
637 638
493 494
627 628
482 483
609 610
641 642
497 498
620 621
639 640
487 488
493 498
65 66
608 609
621 622
566 567
514 515
539 540
510 513
590 591
509 510
505 506
550 551
556 557
546 547
602 603
521 526
562 563
506 507
597 598
583 584
581 586
599 600
558 559
517 518
567 568
519 520
555 556
570 571
518 519
542 543
559 560
530 532
535 536
530 531
576 577
528 529
572 573
537 538
557 561
601 602
582 583
581 582
545 548
547 549
600 601
586 587
597 599
589 590
601 602
510 511
553 554
536 537
580 582
587 588
579 580
592 593
523 526
575 576
542 547
527 528
524 525
557 558
564 565
532 537
523 524
595 596
552 553
561 562
549 550
507 508
538 539
585 586
520 523
588 589
547 548
575 577
508 509
574 575
543 544
548 549
544 545
596 597
569 573
515 516
522 523
531 532
582 583
550 554
520 521
591 592
544 546
512 513
584 585
569 570
554 555
551 552
593 594
573 574
532 533
563 564
593 594
529 530
578 579
533 534
580 581
571 572
581 585
541 542
565 566
516 517
564 568
511 512
540 541
531 534
515 516
598 599
545 546
526 527
560 561
577 578
513 514
568 569
576 579
521 522
525 526
594 595
534 535
405 406
445 446
454 455
438 439
92 93
88 89
446 447
425 426
403 404
399 400
410 412
448 449
404 405
438 441
405 406
461 462
440 441
429 431
400 401
441 442
90 91
442 445
420 421
414 415
473 474
94 95
469 470
426 427
89 90
437 438
464 465
443 444
434 435
89 92
456 457
449 450
462 463
457 458
447 448
431 432
451 452
393 396
89 91
415 416
85 86
442 443
439 440
87 88
86 87
429 430
406 407
93 96
437 440
435 436
395 396
95 96
401 402
396 397
437 440
408 409
441 445
397 398
84 85
435 438
448 449
427 428
419 420
394 395
459 460
413 414
96 392
462 464
412 413
450 451
468 469
472 473
432 433
452 453
458 459
435 440
446 450
470 471
428 429
411 412
414 415
424 425
445 450
460 463
418 419
474 475
410 411
460 461
404 407
423 424
431 432
422 423
444 445
453 454
401 406
409 410
436 437
93 94
463 464
471 472
402 403
421 422
398 399
91 92
430 431
465 466
466 467
433 434
455 456
403 404
407 408
467 468
392 393
416 417
417 418
469 473
393 394
128 129
100 104
147 148
286 287
98 101
288 289
281 282
140 141
130 131
121 122
261 262
273 274
260 261
119 120
133 134
267 268
263 268
285 286
123 125
108 109
262 263
259 260
106 107
264 265
268 269
112 113
126 127
129 134
131 132
110 111
263 264
266 270
134 135
109 110
270 271
105 106
124 125
115 116
289 290
282 286
129 130
122 123
102 103
151 152
282 283
281 283
142 143
117 121
98 99
135 136
116 117
111 112
107 108
269 270
136 137
114 115
103 107
263 268
278 279
276 277
149 150
275 276
132 133
386 387
143 144
274 275
144 145
117 122
141 142
385 386
138 139
150 151
131 134
139 141
390 391
127 128
104 105
148 149
145 146
287 288
268 269
100 101
113 114
146 147
110 111
137 142
284 285
139 140
389 390
265 266
117 118
283 284
118 119
388 389
99 100
277 278
117 119
285 289
137 138
137 142
120 121
279 280
125 126
101 102
146 151
290 385
123 124
266 267
97 98
272 273
266 268
271 272
385 386
152 259
387 388
103 104
104 108
280 281
119 123
185 186
177 178
238 239
240 241
229 230
220 221
256 257
215 216
242 243
206 207
243 244
230 232
249 250
203 204
168 169
182 183
188 189
211 212
213 214
218 219
207 208
174 175
186 187
255 256
165 166
216 217
257 258
208 209
154 155
226 227
173 174
189 190
155 159
195 196
233 234
193 194
211 215
253 254
156 157
181 182
227 228
248 249
174 175
239 240
204 205
154 159
244 249
190 194
202 203
235 236
187 188
234 235
178 179
166 167
231 232
235 240
185 188
190 191
241 242
169 170
217 218
175 176
246 247
191 193
167 168
172 173
153 154
211 212
199 200
240 241
204 205
163 164
223 224
183 184
225 226
251 252
222 223
191 192
212 214
247 248
176 177
161 162
200 201
192 193
179 180
160 161
170 171
200 205
209 210
214 215
228 229
164 165
210 211
242 244
171 172
194 195
184 185
212 213
252 253
244 245
245 246
201 202
221 222
182 185
219 220
242 243
197 198
203 204
155 156
237 238
232 233
210 215
198 199
219 220
244 247
222 224
230 231
162 163
158 159
196 197
250 251
254 255
224 225
183 184
229 232
159 160
236 237
205 206
157 158
180 181
695 696
693 694
715 716
719 720
692 693
721 722
734 735
671 672
711 712
714 715
681 682
748 749
666 668
672 673
667 668
697 698
746 747
675 676
683 684
716 719
713 714
750 751
678 680
732 737
729 730
691 692
729 734
690 691
732 733
708 713
723 724
729 730
663 664
703 704
737 738
744 745
675 678
699 700
710 711
666 667
676 677
682 683
685 686
665 666
738 739
726 727
702 703
724 725
709 710
670 671
664 665
687 688
717 720
669 673
668 669
704 705
696 697
749 750
676 680
743 744
675 680
753 754
674 675
740 741
708 709
672 675
668 670
673 674
736 737
665 666
694 695
744 748
720 721
675 678
745 746
742 743
716 717
747 748
688 689
707 708
669 670
684 685
679 680
698 699
727 728
696 697
700 701
735 736
686 687
689 690
728 729
751 752
669 673
754 755
749 750
717 718
725 726
741 742
680 681
678 679
706 707
667 670
725 726
730 731
731 732
722 723
702 704
712 713
677 678
739 740
718 719
705 706
733 734
701 702
664 669
752 753
673 675
333 337
359 360
317 318
372 373
373 374
376 377
354 355
357 358
369 370
299 300
368 369
361 362
379 380
319 320
324 325
309 310
305 306
366 367
315 316
302 303
345 346
316 317
346 347
329 330
352 357
352 353
334 335
364 365
295 296
312 313
304 305
306 307
325 326
307 308
337 338
338 339
348 350
370 371
294 295
314 315
365 366
371 372
363 364
327 328
362 363
323 324
339 340
297 298
377 378
322 323
353 354
296 297
381 382
330 331
382 383
370 373
349 352
318 319
348 350
348 349
340 341
351 352
341 342
292 293
350 351
322 323
355 356
348 349
291 292
380 381
358 359
320 324
361 362
372 375
304 306
302 304
333 334
346 348
344 345
349 350
378 379
315 316
335 336
356 357
326 327
313 314
320 321
310 311
373 374
293 294
331 334
365 366
312 313
375 376
308 309
333 335
318 323
367 368
313 317
301 302
298 299
342 343
321 322
311 312
336 337
328 329
383 384
347 348
360 361
300 305
332 333
357 362
374 375
303 304
296 298
331 332
343 344
300 301
