1112 1376
1091 1092
272 273
51 52
50 51
266 267
10 11
33 34
54 257
279 280
1085 1086
23 26
36 37
41 42
27 28
1097 1098
9 10
21 22
43 44
5 6
1111 1112
46 47
1104 1105
8 9
1084 1085
263 264
24 25
1089 1090
261 262
276 277
275 276
1093 1095
19 20
48 49
29 30
11 12
269 274
1094 1095
3 4
18 19
38 39
25 26
24 29
35 36
2 3
271 272
260 261
45 46
1090 1091
258 259
1095 1096
12 13
13 18
4 5
4 5
20 21
34 35
14 15
1102 1103
47 48
1 6
22 23
264 265
39 40
1098 1099
1099 1100
1083 1084
1088 1089
1092 1093
26 27
268 269
278 279
28 29
24 28
275 276
1089 1092
1101 1102
9 13
268 272
1105 1106
15 16
277 278
259 262
259 260
262 263
274 275
49 50
29 34
37 38
265 266
1101 1105
1 2
16 17
265 268
280 1083
32 33
44 45
1086 1091
270 271
6 7
1106 1107
1096 1097
1108 1109
273 274
1086 1087
31 32
265 267
30 31
23 24
263 267
7 8
52 53
42 43
40 41
13 14
1093 1094
1103 1104
1109 1110
52 257
269 270
1094 1096
1087 1088
27 29
53 54
1107 1108
8 13
257 258
1110 1111
267 268
18 20
17 18
1100 1101
276 278
380 383
414 415
1072 1073
387 388
397 398
408 409
1037 1038
1079 1080
1058 1060
383 384
411 412
1071 1072
1042 1043
1044 1049
1039 1040
1064 1065
411 414
1066 1067
404 405
395 396
1074 1075
385 386
1052 1053
1076 1077
1045 1046
409 410
1070 1071
1040 1041
401 402
384 385
382 383
397 400
1045 1050
281 282
1048 1049
382 385
1056 1061
1068 1069
282 380
521 522
522 523
1038 1039
406 407
403 404
525 526
416 417
398 399
1057 1058
1046 1047
1043 1044
1080 1081
1075 1076
528 1036
1081 1082
396 398
400 401
1054 1055
394 395
398 402
1078 1079
1067 1068
1056 1057
1050 1053
405 406
1060 1061
1065 1066
1058 1059
410 411
1063 1064
405 407
519 520
399 400
281 282
518 519
526 527
393 394
389 390
412 413
1073 1074
518 520
1069 1070
1051 1052
1053 1054
1041 1042
392 393
1074 1075
1074 1079
1036 1037
523 524
407 408
1044 1045
527 528
411 412
1062 1063
1059 1060
381 382
1060 1062
1039 1040
401 402
519 524
1077 1078
402 403
386 387
520 521
1062 1064
1061 1062
1074 1079
415 416
388 389
524 528
417 518
380 381
1050 1051
413 414
396 397
1049 1050
1060 1061
1047 1048
390 391
1055 1056
391 392
524 525
536 537
550 551
771 772
993 998
763 764
764 765
760 761
537 538
1028 1029
1019 1020
533 534
1002 1003
1030 1031
549 550
757 758
998 999
1006 1007
1024 1025
766 767
1029 1032
1007 1008
1022 1023
770 771
989 990
1002 1004
544 548
1014 1015
773 774
531 532
541 542
1003 1008
1004 1005
540 541
1034 1035
758 759
997 999
529 530
1020 1021
1031 1032
1005 1010
1023 1024
754 755
545 546
767 768
533 538
1013 1017
1017 1018
1005 1006
538 539
1000 1001
779 780
549 551
1015 1016
547 548
534 535
991 992
774 775
530 531
768 769
992 993
756 757
1033 1034
1024 1027
767 770
553 554
777 778
538 540
1009 1010
776 777
762 764
1024 1025
1018 1019
996 997
754 755
553 756
1027 1028
995 996
1026 1027
762 763
1011 1012
781 985
997 998
1021 1022
552 553
986 987
548 549
772 773
990 991
761 762
992 993
1001 1002
532 537
778 779
759 760
988 989
1032 1033
994 995
993 994
542 543
1013 1014
1025 1026
987 988
992 996
999 1000
985 986
544 545
1003 1004
760 763
533 534
775 776
755 756
1012 1013
543 544
551 552
1034 1035
1029 1030
769 770
1008 1009
1030 1034
765 766
532 533
780 781
554 754
1016 1017
546 547
997 999
535 536
1010 1011
539 540
319 320
333 334
295 296
331 332
363 364
311 312
334 335
358 359
336 337
328 329
310 311
343 344
318 319
367 369
348 352
344 345
301 302
316 317
325 326
340 341
357 358
293 294
359 362
305 306
359 360
361 364
319 321
284 285
302 305
339 344
338 339
344 345
300 301
290 291
369 370
297 298
326 327
307 308
373 377
313 314
317 318
307 308
290 293
324 325
329 330
299 300
291 292
302 303
370 371
320 321
289 291
349 350
350 351
376 377
283 284
346 347
303 304
327 328
360 361
297 302
296 297
368 369
367 368
319 323
344 346
356 357
335 336
337 339
308 309
314 315
305 308
337 338
323 324
366 367
294 295
345 346
298 299
341 342
312 313
292 293
351 352
304 305
353 354
361 362
315 317
365 366
348 349
342 343
371 372
306 307
332 333
377 378
321 322
352 353
285 286
375 376
286 287
378 379
347 348
355 356
353 354
292 293
339 340
324 326
372 373
369 370
330 331
289 290
373 374
354 355
322 323
364 365
325 326
353 357
288 289
309 310
305 306
362 363
315 316
374 375
287 288
795 800
979 980
819 820
980 981
811 812
802 803
834 835
800 801
821 822
869 870
865 867
817 818
841 842
825 826
792 793
983 984
820 821
854 855
846 847
835 836
786 787
832 833
982 983
845 846
849 854
857 858
834 836
880 979
788 789
791 792
870 873
861 862
801 802
848 849
842 843
826 827
849 850
816 817
850 851
803 804
840 841
851 852
828 829
798 802
856 857
864 865
875 879
824 825
814 818
982 983
800 801
837 838
872 873
789 793
873 874
815 816
783 784
858 859
794 795
878 879
876 877
794 798
818 819
875 876
810 811
813 814
826 830
847 848
833 834
843 844
784 788
852 853
783 785
790 791
981 982
853 854
871 872
808 809
823 824
789 790
798 799
796 797
863 864
822 823
836 837
862 863
799 800
840 842
868 869
819 820
839 842
814 815
785 786
806 807
797 798
797 798
830 831
808 813
877 878
809 810
859 860
855 856
879 880
838 839
870 871
860 861
849 850
867 868
865 866
806 811
844 845
784 785
785 790
782 783
822 827
812 813
829 830
804 805
795 796
874 875
807 808
787 788
839 840
831 832
866 867
793 794
829 831
827 828
805 806
902 903
930 931
917 918
911 915
882 883
916 917
908 909
961 962
962 965
915 916
962 967
946 947
953 954
973 974
965 966
889 890
884 885
939 940
963 964
920 921
893 894
923 924
885 886
943 944
906 907
975 976
895 899
913 917
950 951
900 901
960 961
918 919
933 934
904 905
942 943
922 923
936 937
914 915
910 912
967 972
962 963
907 908
925 926
934 935
899 900
926 927
894 895
883 884
945 948
969 970
924 925
955 956
895 896
952 953
937 941
957 958
940 941
964 965
890 891
919 920
925 929
904 909
974 975
912 913
932 933
903 904
935 936
916 917
913 915
971 972
888 889
913 914
911 912
959 961
949 950
964 965
932 934
952 954
958 959
886 887
928 929
896 897
909 910
921 922
922 923
907 908
968 969
951 952
967 968
945 946
934 938
937 938
966 967
944 945
952 954
901 902
965 969
959 960
956 957
948 949
897 898
898 899
972 973
970 971
891 892
947 948
881 882
892 893
954 955
905 906
977 978
910 911
931 932
976 977
938 939
940 941
927 928
929 930
885 890
925 929
887 888
941 942
617 618
578 579
603 606
605 606
604 607
557 561
637 638
607 611
649 650
630 631
649 650
558 561
572 573
584 585
576 577
555 556
568 569
636 639
648 652
615 616
646 647
555 556
632 633
622 623
631 635
580 581
597 598
621 622
561 562
556 557
577 578
618 620
613 614
602 603
571 572
563 564
600 601
625 626
632 636
651 652
585 586
636 637
569 570
573 574
643 644
594 595
577 578
587 588
559 560
593 594
648 649
640 641
644 645
635 636
586 587
629 630
573 576
595 596
617 620
581 582
639 640
638 639
628 629
604 605
574 575
610 611
616 617
606 607
647 648
570 571
623 624
614 615
566 567
635 637
618 619
599 600
645 646
582 583
589 590
607 608
603 604
608 609
590 591
577 578
627 628
633 634
620 621
592 593
642 643
566 567
562 563
557 558
567 568
631 632
629 630
634 635
614 617
575 576
565 566
579 584
650 651
596 597
598 599
626 627
589 591
619 624
591 592
641 642
564 565
601 605
624 625
583 584
558 559
601 602
619 620
568 573
612 613
560 561
579 580
588 589
611 612
609 610
752 753
667 668
709 710
668 669
702 703
696 697
733 734
660 661
671 672
740 741
721 722
729 730
730 731
653 654
673 678
722 725
696 697
679 680
683 684
681 682
671 673
742 743
712 713
663 664
674 675
690 691
751 752
714 718
691 692
713 714
723 724
726 727
737 738
720 721
675 677
714 715
657 661
722 723
686 687
746 747
743 745
697 702
678 679
702 707
682 683
666 667
687 688
730 735
680 681
743 747
655 656
662 663
693 694
747 748
657 658
711 712
727 728
690 693
750 751
689 690
708 709
736 737
702 707
732 733
692 693
694 695
672 673
748 749
673 674
707 708
742 745
670 671
664 665
665 666
661 662
699 700
688 689
676 677
734 735
731 732
706 707
724 725
743 744
749 750
739 740
719 720
655 660
669 674
700 701
661 662
741 746
667 668
677 678
669 670
656 657
684 685
703 704
717 718
704 705
744 745
697 698
659 660
725 726
741 742
716 717
685 686
695 696
738 739
705 706
654 658
658 659
726 730
735 736
715 716
672 676
701 702
686 690
675 676
718 719
728 729
710 711
745 746
654 655
735 739
698 699
209 210
232 233
249 250
73 74
183 184
58 63
203 204
190 191
216 217
67 68
74 79
246 247
79 80
200 201
218 219
61 62
198 202
217 221
234 235
186 187
77 78
181 183
195 196
57 58
198 199
179 180
254 255
74 75
227 228
66 68
236 240
240 241
79 81
247 248
238 239
61 65
71 72
62 63
214 215
213 214
251 252
193 197
248 249
69 70
76 77
204 205
235 237
220 221
184 185
75 76
229 230
196 197
190 191
65 66
237 241
56 57
72 73
210 211
225 226
81 182
191 192
243 244
217 218
223 224
187 188
231 232
205 206
235 236
202 203
193 194
59 64
60 61
215 219
64 65
72 73
208 210
236 237
219 220
78 79
66 67
239 240
237 238
250 251
182 183
180 181
59 60
185 186
207 208
68 69
212 213
181 182
237 239
199 200
244 245
201 202
208 209
192 193
70 71
206 207
251 256
56 57
194 195
215 216
55 56
252 253
255 256
211 212
80 81
197 198
222 223
193 198
233 234
181 182
178 179
188 189
56 58
63 64
224 225
226 227
221 222
253 254
189 190
81 178
241 242
228 229
242 243
230 231
58 59
245 246
243 248
173 174
115 116
121 122
132 133
167 168
117 118
127 128
133 134
84 85
152 153
176 177
98 99
124 125
156 157
131 132
118 120
93 94
94 95
119 120
142 143
126 127
91 92
85 86
127 128
137 138
169 171
165 166
155 156
125 126
148 149
162 163
112 113
130 131
116 117
95 96
87 88
134 135
88 89
103 104
86 87
106 107
97 98
110 115
123 124
128 129
146 147
169 170
90 95
82 86
84 85
122 123
155 157
110 111
129 130
96 97
91 94
100 101
109 110
153 154
157 158
138 139
121 122
151 152
104 105
111 112
90 91
163 164
164 165
161 162
110 111
113 114
107 108
154 155
92 93
126 131
135 136
170 171
122 124
158 159
147 148
172 173
118 119
139 140
89 90
101 102
147 151
158 161
136 137
141 142
140 141
172 177
82 83
98 100
116 119
97 98
150 151
105 106
145 146
108 109
174 175
171 172
116 120
149 150
82 87
144 145
83 84
160 161
120 121
168 169
159 160
175 176
166 167
167 168
160 165
96 99
102 103
143 144
114 115
109 111
99 100
431 432
474 475
418 419
481 482
487 488
434 435
442 446
433 434
494 495
458 459
420 421
469 470
512 513
470 471
418 420
428 429
457 458
472 473
473 474
495 497
510 511
467 472
424 425
483 484
505 506
447 448
514 515
492 493
443 444
497 499
444 448
489 491
422 423
465 466
475 476
448 452
477 478
491 492
464 465
432 433
487 488
506 507
421 422
418 422
504 505
442 443
441 442
436 437
446 448
455 458
448 449
499 500
419 421
462 463
500 501
503 504
463 464
500 503
482 483
440 441
489 490
461 462
445 446
430 431
418 422
493 494
425 426
484 485
454 455
478 479
480 481
423 424
495 496
428 430
429 430
438 439
504 507
490 491
497 498
459 460
470 471
444 445
485 486
451 452
458 461
421 423
476 477
449 453
516 517
501 502
449 450
479 480
511 512
496 497
468 469
508 509
513 514
515 516
452 453
446 447
507 508
502 503
456 457
466 467
486 487
450 451
426 427
434 435
437 438
419 420
435 436
460 461
467 468
439 440
453 454
509 510
453 458
488 489
498 499
470 475
471 472
419 424
455 456
427 428
