1218 1506
548 549
525 526
557 558
545 546
562 566
554 555
1001 1002
547 548
542 543
570 571
8 9
1011 1012
562 563
516 517
568 570
11 12
994 995
1214 1215
13 516
565 566
999 1000
528 529
517 518
572 573
519 520
9 10
520 521
1213 1214
4 5
567 568
543 544
575 997
12 13
1216 1217
539 540
6 7
561 562
540 543
540 543
527 528
3 4
549 550
563 564
1217 1218
550 551
2 3
529 530
1007 1008
7 8
1009 1010
520 524
574 575
535 536
996 997
996 997
555 556
1014 1213
534 535
1009 1014
566 567
536 537
530 531
541 542
551 552
1005 1006
546 547
6 8
574 575
10 11
1009 1010
524 525
559 560
553 554
997 998
531 532
5 6
1012 1013
537 538
518 519
544 545
539 541
1000 1005
523 527
523 524
995 996
1002 1003
560 561
998 999
516 520
571 572
526 527
564 565
540 543
537 539
1010 1011
1006 1007
533 534
552 553
556 557
547 549
521 522
1008 1009
558 559
1013 1014
554 557
532 533
568 569
522 523
538 539
9 10
1 2
570 575
1215 1216
575 994
1000 1001
569 570
1003 1004
1004 1005
1007 1009
573 574
518 520
544 545
1005 1010
540 541
25 26
38 40
459 460
22 23
26 31
473 474
475 476
465 466
469 470
501 502
472 473
39 447
39 40
37 39
491 492
486 487
478 479
501 504
29 30
488 489
504 505
479 480
497 498
474 475
514 515
458 459
487 488
16 17
451 452
483 484
447 448
481 482
26 27
20 21
462 463
498 503
493 494
499 500
503 504
27 28
496 497
492 493
504 509
491 495
38 40
510 511
505 506
495 496
486 491
489 492
452 453
489 490
509 514
14 15
457 458
31 32
464 465
28 29
490 491
467 468
480 481
512 513
32 35
42 43
15 19
461 466
43 447
511 512
19 20
23 24
471 473
27 31
448 449
30 33
476 477
494 495
513 514
450 451
489 493
35 36
24 25
488 492
17 18
453 454
38 39
32 33
21 22
507 508
460 461
470 471
30 31
498 503
477 478
34 35
36 37
482 483
469 473
37 38
33 34
500 501
18 19
41 42
468 469
466 467
498 499
471 472
466 471
463 464
454 455
455 456
40 41
449 450
506 507
502 503
461 462
15 16
509 510
484 485
508 509
485 486
456 457
458 463
506 508
1209 1210
1161 1163
1143 1144
1015 1016
1150 1151
1189 1190
1163 1164
1185 1186
1162 1163
1199 1204
1018 1019
1142 1143
1148 1149
1177 1178
1142 1144
1016 1017
1211 1212
1172 1173
1018 1021
1173 1174
1166 1167
1149 1150
1208 1212
1152 1153
1133 1134
1142 1143
1208 1209
1171 1172
1024 1025
1181 1184
1136 1137
1200 1201
1180 1181
1153 1154
1021 1022
1025 1133
1158 1159
1198 1199
1167 1168
1181 1182
1023 1024
1191 1192
1168 1169
1204 1205
1186 1187
1208 1209
1151 1152
1190 1191
1169 1170
1138 1139
1019 1020
1159 1160
1182 1183
1167 1168
1141 1142
1166 1168
1144 1145
1201 1202
1165 1166
1188 1189
1174 1175
1135 1136
1155 1156
1194 1195
1177 1179
1183 1184
1153 1156
1176 1177
1156 1157
1139 1140
1187 1188
1190 1195
1206 1211
1175 1176
1199 1200
1160 1161
1183 1184
1179 1180
1210 1211
1205 1206
1195 1196
1181 1182
1145 1146
1017 1018
1188 1189
1206 1207
1134 1135
1140 1141
1137 1138
1178 1179
1197 1198
1164 1165
1141 1146
1157 1158
1196 1197
1150 1154
1202 1203
1156 1159
1193 1194
1154 1156
1139 1140
1207 1208
1192 1193
1203 1204
1193 1196
1146 1147
1022 1023
1173 1174
1206 1211
1161 1162
1170 1171
1184 1185
1154 1155
1020 1021
1147 1148
1076 1077
1090 1091
1119 1120
1038 1039
1066 1067
1047 1048
1061 1062
1118 1119
1029 1030
1077 1079
1068 1069
1027 1028
1064 1065
1073 1074
1129 1130
1031 1032
1058 1059
1102 1103
1086 1087
1071 1072
1049 1050
1070 1071
1095 1096
1041 1042
1091 1092
1081 1082
1111 1112
1042 1043
1104 1105
1033 1034
1117 1118
1093 1094
1085 1086
1067 1069
1115 1116
1086 1087
1083 1084
1056 1061
1084 1085
1107 1108
1059 1060
1037 1038
1072 1073
1087 1088
1065 1066
1127 1128
1110 1111
1130 1131
1077 1078
1060 1061
1079 1080
1099 1100
1055 1056
1056 1059
1122 1123
1067 1068
1057 1059
1039 1040
1097 1098
1124 1125
1092 1093
1028 1029
1082 1083
1051 1052
1101 1102
1052 1053
1062 1063
1048 1051
1030 1031
1054 1055
1098 1099
1119 1122
1128 1129
1062 1063
1046 1047
1043 1044
1035 1039
1026 1027
1123 1124
1109 1110
1071 1075
1045 1046
1120 1121
1106 1107
1080 1081
1057 1058
1125 1126
1088 1089
1069 1070
1050 1051
1035 1036
1121 1126
1094 1095
1113 1114
1105 1106
1112 1113
1108 1109
1123 1126
1043 1047
1068 1069
1125 1126
1116 1117
1125 1126
1101 1104
1048 1049
1040 1041
1078 1079
1096 1101
1067 1068
1056 1057
1034 1035
1075 1080
1100 1101
1131 1132
1074 1075
1112 1114
1126 1127
1032 1033
1114 1115
1103 1104
1063 1064
1036 1037
1044 1045
1053 1054
1121 1122
1096 1098
1096 1097
1026 1029
1127 1128
1089 1090
1075 1076
990 991
860 968
856 857
970 971
783 786
968 969
809 810
985 986
985 986
974 975
819 820
981 982
781 782
826 829
787 788
818 819
823 824
784 785
799 800
988 989
814 815
817 818
783 784
819 822
795 796
858 859
798 799
979 980
783 785
782 783
825 826
976 977
789 794
808 810
812 813
813 814
978 979
830 831
983 984
788 792
790 791
785 786
984 985
850 851
859 860
805 806
971 972
826 827
858 970
820 821
831 832
845 850
789 790
816 817
806 807
794 795
797 798
991 992
845 846
801 802
822 823
854 855
827 828
859 971
576 781
786 787
992 993
838 839
857 858
825 826
969 970
839 842
798 803
839 840
793 794
855 856
978 980
834 835
807 808
812 814
849 850
821 822
815 816
808 809
854 859
829 830
811 812
972 973
980 981
844 845
837 838
789 793
828 829
840 841
853 854
841 842
975 976
811 815
986 987
802 803
835 836
804 805
810 811
851 852
845 846
842 843
989 990
836 837
788 789
987 988
792 793
806 810
977 978
982 983
843 844
796 797
847 848
971 972
832 833
800 801
791 792
824 825
854 855
803 804
846 847
852 853
833 834
815 819
848 849
798 800
973 974
48 49
64 65
333 442
214 321
202 203
199 200
331 332
61 62
53 58
56 57
200 201
90 91
195 196
194 195
52 57
72 73
72 74
196 197
49 50
197 198
67 68
81 82
332 333
52 53
87 88
58 59
210 211
68 69
53 54
197 201
60 61
198 199
324 325
201 202
63 64
69 72
91 92
63 68
57 58
204 205
190 191
49 53
67 72
45 49
329 330
86 87
327 328
190 191
46 47
442 443
191 196
61 65
69 70
192 193
74 77
71 73
91 189
74 75
44 45
208 209
58 59
71 72
84 85
89 90
54 55
212 321
193 194
201 202
92 189
62 63
59 60
85 86
211 212
66 67
325 326
189 190
206 207
333 443
80 81
88 89
70 71
51 52
191 192
73 75
78 79
328 329
444 445
73 74
48 49
47 48
55 56
326 327
75 76
322 323
60 61
79 80
77 78
443 444
45 46
203 204
214 321
87 88
50 51
330 331
323 324
205 206
76 77
213 214
207 208
212 213
445 446
83 84
82 83
321 322
209 210
330 442
65 66
579 580
771 772
777 778
614 615
748 749
591 592
622 623
580 581
628 733
579 580
620 621
600 601
771 772
772 773
750 751
626 627
760 761
761 762
606 607
595 596
779 780
586 587
592 593
608 609
605 610
606 610
610 611
766 771
604 606
773 774
766 767
585 586
599 600
744 745
739 740
756 757
742 743
604 605
584 585
588 589
752 753
605 610
590 591
612 613
774 775
611 612
737 742
770 774
587 588
603 604
738 739
624 625
613 614
616 617
736 737
733 737
749 750
733 734
581 582
625 626
581 584
778 779
765 766
763 764
618 619
601 602
751 752
594 595
579 580
617 618
621 622
776 777
769 770
767 768
735 736
602 603
747 748
746 747
753 757
624 625
598 599
758 759
582 583
593 594
768 769
577 578
744 748
580 585
745 746
609 610
740 741
735 739
608 611
770 771
597 598
615 616
589 590
775 776
759 760
596 597
755 756
762 763
754 755
741 742
733 734
737 738
743 744
584 585
627 628
753 754
605 606
578 579
617 620
770 772
600 602
757 758
764 765
734 735
607 608
621 623
763 766
619 620
583 584
623 624
287 288
259 260
257 258
248 249
247 248
256 260
229 230
230 231
297 298
278 280
288 289
249 250
273 274
264 265
269 272
265 266
242 243
301 302
240 241
217 218
266 267
309 314
277 278
262 263
261 262
291 292
296 297
221 222
279 280
216 220
271 272
292 293
304 305
267 272
284 286
215 216
251 252
242 244
314 319
314 315
263 264
235 236
215 216
283 285
223 224
275 276
303 304
216 217
307 308
272 273
309 310
253 254
226 227
267 268
280 281
219 224
299 300
219 220
293 294
220 221
269 270
255 256
282 286
283 284
315 316
233 234
284 285
298 299
274 277
260 261
286 287
300 301
244 245
258 259
237 238
306 307
228 229
222 223
279 283
289 290
250 251
246 247
295 296
277 279
266 268
311 312
313 314
237 241
234 235
296 297
227 228
278 279
252 253
316 317
238 239
225 226
281 282
318 319
245 246
254 259
236 237
285 286
254 255
231 232
276 277
232 233
243 244
294 295
310 311
241 242
257 261
268 269
278 283
247 248
218 219
308 309
316 320
239 240
239 241
256 257
317 318
282 283
290 291
312 313
302 303
305 306
224 225
274 275
270 271
319 320
182 186
139 143
141 142
140 141
170 174
157 158
123 126
147 151
116 117
109 110
152 153
180 181
181 182
144 147
179 180
127 128
106 107
126 127
178 179
135 136
108 110
105 106
185 186
114 115
150 151
113 114
160 161
100 101
137 138
153 154
148 149
110 111
102 103
165 166
139 140
112 113
171 172
156 157
117 118
154 155
175 176
163 164
170 173
164 165
175 176
187 188
110 111
98 102
133 134
168 169
159 160
174 175
103 104
132 133
102 103
138 139
130 131
123 124
107 108
166 167
167 168
126 127
161 162
120 121
151 152
176 177
119 123
120 122
177 178
149 150
136 137
118 119
169 170
183 184
93 94
129 130
146 147
97 98
108 113
113 114
94 95
96 97
100 101
98 99
111 112
101 102
115 116
144 145
119 120
184 185
131 133
121 122
147 148
99 100
131 132
173 174
142 143
99 100
155 156
145 146
108 109
133 134
153 154
170 171
172 173
162 163
116 117
143 144
125 126
95 96
128 129
182 183
134 135
122 123
186 187
163 166
174 179
158 159
124 125
104 105
922 923
964 965
954 955
885 886
951 952
906 907
898 902
903 904
937 938
915 916
889 890
924 929
949 950
906 907
961 962
867 868
910 911
913 914
875 876
867 868
866 870
940 941
945 950
927 928
879 880
931 932
886 887
890 891
865 868
883 884
943 944
894 895
914 915
960 961
902 903
945 946
930 934
925 926
921 922
926 927
960 963
864 865
891 892
956 957
953 954
910 912
896 897
904 907
909 911
899 900
910 915
879 883
952 953
958 959
888 889
907 908
872 873
908 909
893 894
868 869
865 866
870 871
935 936
923 924
941 942
878 879
874 875
892 893
928 929
904 905
909 910
916 917
932 933
930 931
917 918
962 963
877 878
871 872
918 919
949 950
966 967
912 913
862 863
887 888
880 881
955 956
957 958
947 948
920 921
924 926
895 896
866 867
919 920
950 951
944 945
933 934
897 898
959 960
963 967
963 964
934 935
873 874
939 940
946 947
924 925
884 885
900 901
876 878
936 937
882 883
948 949
911 912
886 887
863 864
895 896
881 882
944 949
946 949
938 939
894 895
965 966
929 930
901 902
939 940
898 899
920 922
876 877
905 906
942 943
869 870
861 862
670 671
659 660
668 669
729 730
705 706
660 661
688 689
635 636
630 631
651 652
661 662
704 705
731 732
644 645
678 679
714 718
718 719
643 644
703 704
634 635
683 684
693 694
678 681
637 638
654 655
706 707
652 653
640 643
673 675
642 643
680 681
684 685
701 706
644 645
653 656
653 654
640 641
712 713
708 709
633 634
673 674
717 718
719 721
688 690
714 719
637 642
685 686
662 663
696 700
720 721
719 720
710 711
645 646
632 633
707 708
676 677
663 664
702 703
679 680
631 632
669 670
658 659
637 642
672 676
693 694
690 691
730 731
648 649
656 657
657 658
723 724
704 707
695 696
683 688
664 665
673 677
727 728
726 727
636 637
687 688
647 648
711 712
728 729
692 693
674 675
667 668
686 687
724 725
671 672
641 642
698 699
681 682
689 690
701 702
714 715
700 701
665 666
647 651
697 698
675 676
650 651
707 711
709 710
649 650
666 667
699 700
721 722
696 697
724 727
638 639
655 656
677 678
646 647
682 683
722 726
725 726
672 673
629 630
694 695
715 716
713 714
716 717
724 728
639 640
722 723
687 689
653 654
691 692
394 396
358 359
421 425
346 347
429 434
341 342
362 363
367 368
435 436
425 426
413 414
396 397
438 439
334 339
368 369
334 335
399 400
430 431
429 433
353 354
380 381
424 425
364 365
379 380
371 373
389 393
433 434
363 364
390 391
400 401
418 419
352 355
404 405
409 410
426 427
385 386
386 387
380 384
348 349
392 393
401 402
350 351
340 341
372 373
377 378
391 392
356 357
337 338
355 359
390 391
345 346
440 441
410 412
369 370
378 379
370 371
356 357
421 422
410 411
398 399
397 398
411 412
428 429
336 337
347 348
439 440
406 411
418 419
408 409
343 344
395 396
359 360
405 406
344 345
429 430
422 423
349 350
423 424
394 395
357 359
402 403
403 404
354 355
355 356
361 362
417 418
342 345
373 374
384 385
390 394
388 389
342 343
375 376
382 383
357 358
371 372
389 390
414 417
437 438
436 437
431 432
358 359
339 340
365 366
416 417
412 413
383 384
359 364
366 367
348 349
419 420
406 407
368 369
350 351
420 421
338 339
335 336
387 388
415 416
352 353
427 428
393 394
434 435
403 405
374 375
381 382
432 433
407 408
360 361
351 352
376 377
414 415
