1274 1586
1105 1106
1203 1204
1208 1209
1096 1100
1 2
1204 1207
1252 1255
1226 1227
1260 1261
1110 1205
1232 1233
1209 1210
1266 1267
1222 1223
1107 1108
1252 1253
1204 1205
1245 1246
1273 1274
1246 1247
1106 1107
1235 1240
1223 1224
1219 1220
1109 1203
1235 1236
1100 1102
1253 1254
1218 1219
1099 1100
1261 1266
1250 1255
1229 1230
1264 1265
2 3
1097 1098
1095 1096
1220 1221
1101 1102
1223 1226
1244 1245
1103 1104
1256 1257
1248 1250
1211 1212
1210 1211
1216 1217
1206 1207
1102 1103
1237 1238
1217 1218
1108 1109
1242 1243
1236 1237
1259 1260
1224 1225
1201 1202
1265 1266
1094 1095
1214 1215
1098 1102
1231 1232
1271 1272
1250 1251
1212 1213
1205 1209
1109 1110
1241 1242
1109 1110
1264 1268
1234 1235
1263 1264
1269 1270
1213 1214
4 1093
1251 1252
1093 1094
1272 1273
1238 1239
1248 1249
1269 1270
1110 1201
1256 1257
1254 1255
1255 1256
1261 1262
1207 1208
1240 1241
1100 1101
1227 1228
1104 1105
1243 1244
1100 1105
1249 1250
1225 1226
1202 1203
1242 1245
1096 1097
1247 1248
1235 1236
1258 1259
1228 1229
1221 1222
1262 1263
3 4
1215 1216
1239 1241
1205 1206
1096 1097
1270 1271
1098 1099
1268 1269
1230 1231
1255 1257
1239 1240
1257 1258
1105 1107
1106 1107
1267 1268
1233 1234
451 452
1083 1084
452 453
455 456
15 16
30 31
12 17
40 41
467 468
464 465
23 24
464 468
978 979
443 444
1084 1085
444 445
983 984
1082 1083
46 431
433 434
18 20
442 444
468 469
35 36
458 459
42 43
11 12
441 442
466 467
435 436
24 25
19 20
26 31
460 461
437 438
446 447
454 455
442 443
6 7
43 44
16 17
431 432
436 437
463 464
457 461
18 19
32 37
44 45
434 435
13 14
7 8
452 453
38 39
10 11
31 32
37 38
434 436
1086 1087
979 980
983 1084
446 447
10 13
449 450
9 10
26 27
20 21
980 981
459 460
456 457
33 34
982 983
22 23
25 26
17 18
455 456
446 448
1081 1084
438 439
1081 1082
5 6
1090 1091
449 450
440 441
1091 1092
981 982
439 440
462 463
457 458
465 466
445 446
39 40
1085 1086
977 978
469 977
462 463
14 15
27 28
44 433
37 38
41 42
984 1081
978 981
32 33
450 451
453 454
467 978
447 448
21 22
1087 1088
458 459
29 30
45 46
12 13
1089 1090
453 457
36 37
34 35
432 433
7 8
461 462
448 449
1088 1089
8 9
28 29
458 461
426 427
93 94
427 428
82 83
105 106
110 111
58 59
112 114
98 99
59 62
114 115
85 86
97 98
88 92
419 420
417 418
65 66
55 60
111 112
69 70
101 102
91 92
72 73
102 107
54 55
120 121
90 91
109 110
68 69
117 118
55 56
70 71
423 424
61 62
64 65
103 104
88 89
52 55
108 109
424 425
115 117
74 75
86 87
56 57
113 114
421 422
104 105
121 122
47 48
95 96
104 108
51 52
122 418
66 67
114 119
78 79
52 53
100 101
122 417
77 78
99 100
81 85
57 58
48 49
94 95
71 72
59 60
81 82
75 76
60 61
73 74
425 426
79 80
57 59
65 66
96 97
80 81
91 92
87 92
72 75
51 55
66 67
428 429
84 85
63 64
77 78
115 116
112 113
426 427
49 53
67 68
76 77
119 120
107 108
83 84
52 53
62 63
106 107
118 119
99 100
92 93
89 90
87 88
65 66
420 421
50 51
53 54
429 430
102 103
425 426
116 117
418 419
49 50
422 423
825 828
494 495
958 959
503 504
840 947
500 501
955 956
817 818
493 494
813 814
826 831
502 503
505 812
966 967
504 505
504 814
826 827
974 975
956 957
498 499
832 833
952 953
497 498
815 816
494 495
829 830
830 831
829 830
968 971
825 826
499 500
962 963
828 829
971 972
823 824
964 965
965 966
948 949
831 832
487 488
968 969
839 840
962 966
835 836
470 471
504 813
959 960
491 492
489 490
477 478
969 970
492 493
490 491
961 962
972 973
478 479
484 485
949 950
475 476
820 822
957 958
840 947
838 839
953 954
831 835
485 486
834 835
834 837
833 834
501 502
950 951
970 971
818 819
951 952
819 823
825 830
476 477
816 817
476 477
812 814
960 961
975 976
472 473
957 962
471 472
827 828
824 825
837 838
817 818
481 482
819 820
496 497
820 821
947 948
495 496
812 813
954 955
479 480
482 483
967 968
483 484
480 481
971 973
821 822
814 815
973 974
829 832
818 822
488 489
486 487
473 474
824 825
963 964
828 832
470 475
479 480
836 837
822 823
474 475
236 237
413 414
238 243
242 243
130 131
262 263
413 414
411 412
285 286
234 236
265 266
401 402
237 242
286 287
392 393
258 263
247 248
398 403
259 260
396 397
132 137
279 280
408 409
280 281
126 127
293 294
251 252
243 244
242 243
286 289
250 255
238 239
287 288
295 296
410 411
269 270
275 276
267 268
399 402
403 404
129 130
408 411
266 267
297 298
407 408
264 265
273 274
136 137
272 273
237 238
257 258
395 396
123 124
252 253
284 285
254 255
250 251
128 129
292 293
256 257
282 283
288 289
249 250
258 259
397 398
404 405
133 134
394 395
125 126
255 256
290 291
277 278
406 407
274 275
281 282
124 125
253 254
291 292
137 234
263 264
398 399
415 416
127 128
124 127
246 247
276 277
393 394
241 242
131 132
260 261
255 260
283 284
270 271
265 269
405 406
134 135
409 410
402 403
244 245
235 236
289 290
242 244
249 250
240 241
234 235
268 269
132 133
271 272
296 297
294 295
239 240
278 279
414 415
399 400
250 253
130 131
298 391
412 413
395 398
134 137
402 403
261 262
135 136
391 392
281 286
277 282
245 246
239 240
400 401
248 249
797 798
746 748
509 510
729 730
759 760
742 743
728 729
731 732
748 749
801 802
510 511
767 768
716 717
727 728
773 774
796 797
717 718
777 778
746 747
507 508
720 721
788 791
781 782
768 769
784 786
722 723
765 766
791 792
752 753
757 758
749 750
808 809
750 751
734 735
771 772
745 746
784 789
805 806
769 770
790 791
721 722
732 733
728 729
512 716
753 758
788 789
762 763
734 736
793 794
783 784
756 757
741 742
724 728
784 785
736 737
766 767
719 720
804 805
798 799
779 780
809 810
763 764
737 740
724 725
772 773
785 786
794 795
809 810
725 726
792 793
797 802
755 756
723 724
718 719
778 779
751 752
740 741
511 512
758 759
761 762
803 804
770 772
763 768
789 790
770 771
753 754
800 801
804 806
780 781
807 808
802 803
765 766
774 775
735 736
782 783
786 787
760 761
733 734
787 788
735 738
764 765
730 731
747 748
782 784
743 744
810 811
775 776
795 796
508 509
738 739
765 770
753 754
755 756
770 774
786 788
737 738
776 777
726 727
739 740
806 807
758 759
778 783
754 755
799 800
744 745
783 785
506 507
328 330
335 336
379 383
326 327
350 351
381 382
321 322
337 338
373 374
376 377
305 307
353 354
324 325
306 307
357 358
325 326
389 390
375 376
312 313
339 340
331 332
330 334
345 347
322 327
351 352
338 342
340 341
319 321
329 330
346 347
323 324
300 301
380 381
375 378
383 384
331 336
320 321
371 372
347 348
365 366
363 364
377 378
388 389
305 306
311 312
361 362
374 375
325 327
314 315
333 334
349 350
330 331
313 314
346 347
334 335
345 346
336 337
299 300
343 344
385 386
370 371
348 349
364 368
382 383
378 379
299 304
326 327
332 333
344 345
307 308
318 319
316 320
342 343
344 345
366 367
316 317
359 360
362 363
352 353
309 310
361 363
328 329
386 387
360 361
322 323
354 355
372 373
379 380
358 359
315 316
341 342
369 370
368 369
384 385
354 358
386 390
355 356
308 309
367 368
364 365
382 384
310 314
304 305
327 328
387 388
302 303
356 357
301 302
344 348
303 304
338 339
336 339
310 311
382 385
319 320
317 318
994 995
1061 1065
1030 1031
988 989
1048 1049
1056 1057
1048 1049
1045 1046
1013 1014
990 991
1001 1002
998 999
1015 1016
1007 1008
1016 1017
997 998
1078 1079
1008 1009
1029 1034
997 998
1048 1051
1072 1073
1050 1051
1065 1066
1009 1010
1075 1076
1049 1050
1073 1074
1012 1013
1070 1071
992 993
1036 1037
1003 1004
1028 1029
1020 1021
1033 1034
1044 1045
998 1003
1006 1009
1042 1043
993 996
1060 1061
1041 1042
1031 1032
1011 1012
1019 1020
985 986
1053 1054
1029 1030
1039 1040
1014 1015
1005 1006
986 989
1046 1047
987 989
1002 1003
1069 1070
996 997
987 988
1025 1026
1056 1061
1071 1072
1057 1058
1024 1025
1027 1028
1017 1018
1037 1038
1036 1037
991 992
989 990
1035 1036
1043 1044
1079 1080
986 987
1063 1064
1057 1058
990 992
1061 1062
999 1000
1052 1053
1054 1055
1059 1064
1010 1011
993 994
1034 1035
1067 1068
1004 1005
1029 1033
1006 1011
1026 1030
1055 1056
1066 1067
989 992
1038 1039
1018 1019
1068 1069
1032 1033
1000 1001
1059 1060
1027 1030
1074 1075
1023 1024
988 993
1058 1059
1051 1052
1027 1030
1062 1063
995 996
1012 1013
1064 1065
1077 1078
1033 1038
1006 1007
1076 1077
1047 1048
1024 1027
1022 1023
1040 1041
1021 1022
1026 1027
937 938
872 873
889 890
912 914
854 855
898 899
875 878
888 889
845 849
900 905
899 900
943 944
926 927
895 896
917 918
865 866
883 884
849 850
922 924
841 842
897 898
858 859
904 905
905 906
887 888
859 860
923 924
935 936
918 919
941 942
939 940
945 946
924 925
933 934
867 868
939 940
854 855
913 914
928 929
876 877
900 901
844 845
878 879
929 930
930 931
842 844
864 865
912 913
890 891
936 941
877 878
848 851
932 933
927 928
842 843
922 926
933 935
911 912
860 861
944 945
884 885
934 935
863 864
842 843
860 863
886 887
906 907
901 902
882 883
875 876
871 872
914 915
922 923
941 943
891 892
896 897
942 943
933 938
851 852
855 856
843 844
861 862
856 861
853 854
938 939
889 890
894 895
921 922
881 882
903 904
868 869
920 921
846 847
876 881
910 911
902 903
936 937
907 908
850 851
856 857
870 871
884 887
940 941
918 923
874 875
847 848
885 886
915 916
892 893
931 932
873 875
893 894
925 926
893 894
845 846
869 870
862 866
919 920
873 874
879 880
908 909
862 863
845 846
866 867
909 910
880 881
916 917
857 858
852 853
848 849
562 663
671 672
690 691
674 675
517 518
528 529
713 714
551 552
554 555
548 549
683 684
686 687
515 516
701 702
685 686
699 700
540 541
560 561
678 679
700 701
550 551
691 692
526 527
538 539
698 699
688 689
539 540
668 669
525 526
530 531
682 683
703 704
519 520
536 537
520 521
664 665
521 522
669 670
675 676
553 558
665 666
667 668
560 561
556 557
533 534
543 544
687 688
545 546
677 680
696 697
692 693
516 517
559 560
674 678
557 558
663 665
555 556
515 518
694 695
547 548
706 707
704 705
673 674
676 677
666 667
547 548
707 708
522 523
561 562
693 694
552 553
524 525
546 547
709 710
710 711
515 518
518 519
521 526
526 528
693 694
693 694
559 560
680 681
677 678
670 673
557 558
549 550
529 530
710 711
535 536
689 690
702 703
663 664
514 515
537 538
550 551
684 685
534 535
558 559
679 680
542 546
681 682
674 675
683 686
712 713
714 715
697 698
527 528
521 526
679 681
532 533
672 673
708 709
531 532
684 687
553 554
529 530
544 545
541 542
711 712
692 693
695 696
523 524
542 543
670 671
705 706
513 514
1166 1167
1148 1149
1126 1131
1190 1191
1197 1198
1155 1156
1133 1134
1122 1123
1131 1136
1163 1164
1198 1199
1120 1121
1141 1142
1158 1159
1118 1119
1181 1182
1140 1141
1183 1184
1121 1122
1132 1133
1126 1127
1187 1188
1146 1149
1147 1148
1115 1116
1174 1175
1171 1172
1178 1179
1177 1181
1158 1161
1118 1119
1125 1126
1182 1183
1134 1135
1152 1153
1184 1185
1151 1152
1191 1192
1159 1160
1172 1173
1199 1200
1141 1142
1167 1170
1163 1166
1159 1160
1170 1171
1113 1114
1169 1170
1154 1155
1130 1133
1179 1180
1171 1176
1157 1158
1156 1157
1185 1186
1145 1146
1194 1196
1127 1128
1192 1193
1121 1123
1175 1176
1195 1196
1137 1138
1124 1125
1130 1131
1131 1132
1111 1112
1188 1193
1161 1162
1146 1147
1195 1200
1136 1137
1194 1195
1162 1163
1188 1189
1148 1149
1114 1115
1143 1144
1193 1194
1160 1161
1165 1166
1121 1122
1153 1154
1196 1197
1119 1120
1144 1145
1117 1118
1190 1191
1166 1168
1123 1124
1189 1190
1135 1136
1180 1181
1161 1162
1138 1139
1128 1129
1139 1140
1167 1169
1185 1186
1176 1177
1186 1187
1112 1113
1123 1125
1173 1174
1168 1169
1116 1117
1149 1150
1177 1178
1164 1165
1118 1120
1167 1168
1142 1143
1150 1151
1129 1130
599 600
593 597
575 576
590 593
625 626
582 583
597 598
594 595
586 587
635 636
648 649
642 643
602 603
611 612
644 645
643 644
596 597
624 629
569 570
582 584
657 658
563 567
659 660
590 591
658 659
607 608
621 622
661 662
604 605
632 633
566 567
576 579
634 635
617 618
583 587
631 632
615 616
595 596
583 584
568 569
641 642
612 613
645 646
637 638
630 631
629 630
576 577
584 589
590 595
650 651
613 614
636 637
627 628
653 654
580 583
601 602
660 661
624 625
589 590
640 641
563 564
652 653
573 574
655 656
580 581
572 573
567 568
651 652
646 647
603 604
593 594
608 609
656 657
605 606
616 621
654 655
623 628
638 639
606 607
600 601
587 588
571 572
588 589
580 581
609 610
639 640
633 634
584 585
564 565
628 629
622 623
600 602
620 625
623 624
591 592
610 611
602 605
616 617
564 569
647 648
605 608
616 621
565 566
602 603
598 599
585 586
570 571
581 582
626 627
579 580
620 621
608 609
606 608
592 593
609 611
578 579
618 619
649 650
619 620
614 615
574 575
577 578
572 573
622 626
188 189
159 160
141 143
232 233
141 142
183 184
150 151
230 231
196 197
182 183
143 146
226 227
178 179
227 228
221 222
143 144
201 202
196 199
147 148
200 201
154 155
194 195
191 192
155 156
189 190
175 176
173 174
176 177
172 173
203 204
229 230
153 157
146 147
225 226
197 198
139 140
193 194
145 146
162 163
171 172
158 159
144 145
219 220
215 216
231 232
156 157
222 223
174 175
214 215
168 169
217 218
183 187
212 217
218 219
152 153
202 203
204 205
228 229
224 225
156 158
207 208
212 213
177 178
157 158
216 217
182 184
142 143
185 186
211 212
213 214
208 209
220 221
161 162
191 194
153 154
151 152
206 207
180 181
190 191
166 167
168 170
209 210
145 149
187 188
217 219
165 168
195 196
145 147
169 170
179 182
160 163
140 141
171 174
149 150
216 220
210 211
205 206
148 149
164 165
184 185
170 171
165 166
180 182
186 187
199 200
179 180
198 199
223 224
146 151
206 207
154 155
167 168
160 161
181 182
178 180
194 195
163 164
192 193
138 139
188 191
