1385 1721
1373 1374
35 36
1374 1377
46 47
1346 1347
39 40
37 38
40 41
556 557
1377 1378
3 4
30 31
27 28
32 33
24 25
561 562
1370 1371
5 6
1355 1356
47 48
22 23
1356 1357
24 28
4 5
1243 1345
1384 1385
1364 1365
34 35
1351 1352
1348 1349
1361 1362
554 555
10 11
562 563
1352 1353
555 556
1345 1350
1383 1384
1381 1382
552 553
20 21
13 14
11 12
42 43
8 9
563 1243
556 557
1374 1375
7 11
41 42
1350 1351
8 11
1365 1366
1366 1367
1371 1372
33 34
550 553
1 5
1356 1360
1371 1372
1347 1348
9 10
1376 1377
554 556
1358 1359
1370 1375
25 26
1368 1369
560 1345
23 24
557 558
3 8
26 27
1354 1355
28 29
1380 1381
7 8
12 13
21 22
1374 1376
550 551
556 558
36 37
18 19
16 21
1349 1352
14 15
1369 1370
6 7
16 17
559 560
1365 1370
1366 1367
1367 1368
551 552
48 550
2 3
558 559
38 39
1353 1354
17 20
24 26
1378 1379
1359 1360
1363 1364
1379 1380
1365 1367
1375 1376
1357 1358
17 18
553 554
1362 1363
9 10
31 32
1 2
1349 1350
1372 1373
1360 1361
29 30
24 27
560 561
44 45
15 16
19 20
45 46
1382 1383
43 44
1345 1346
66 67
58 59
547 548
527 528
50 52
544 546
538 542
54 55
215 216
214 219
201 202
199 200
538 539
55 56
192 193
200 203
207 208
65 66
190 191
210 211
78 79
534 535
59 60
208 209
218 219
531 532
197 200
63 68
214 215
191 192
543 544
57 58
212 216
209 210
197 198
49 50
548 549
205 206
217 218
546 547
206 207
198 203
195 196
540 541
212 213
80 81
61 62
68 69
220 221
69 72
203 205
539 540
71 72
212 213
200 201
67 68
211 212
544 545
530 531
51 54
81 82
65 66
51 56
64 65
536 540
542 543
535 536
77 82
219 220
81 82
62 63
196 197
51 52
526 527
537 538
73 74
221 526
213 214
53 54
76 77
50 51
75 76
54 59
198 199
541 542
71 74
217 218
193 194
49 54
79 80
84 190
56 57
194 195
83 84
545 546
69 70
529 530
211 213
203 204
63 64
204 205
536 537
72 73
74 75
77 78
70 71
72 74
532 533
216 217
543 545
202 203
528 529
82 83
60 61
52 53
533 534
605 606
1110 1111
570 571
568 569
567 568
572 573
607 608
1230 1231
602 603
715 716
600 602
571 572
1214 1215
1232 1233
1233 1234
581 583
613 711
713 714
1109 1110
590 591
718 719
1229 1230
714 715
595 596
1227 1228
712 713
1240 1241
1236 1237
1110 1214
1235 1236
593 594
1218 1219
595 600
586 587
1241 1242
599 600
573 574
1223 1224
589 590
1220 1221
1212 1213
1217 1218
1225 1226
1233 1238
584 585
592 593
604 605
575 576
565 566
1112 1212
596 599
1213 1214
596 597
606 607
598 599
577 581
1215 1216
1222 1223
1224 1225
709 710
1106 1107
1216 1217
1230 1234
608 609
601 602
600 601
591 592
611 612
1106 1110
613 709
576 577
1228 1229
578 579
710 711
1107 1108
1235 1236
597 598
588 589
1239 1240
583 584
1237 1238
579 580
1238 1239
582 583
569 570
580 581
716 717
1221 1222
1232 1235
1236 1241
585 586
1241 1242
610 611
1234 1235
574 575
1240 1241
1111 1112
566 567
580 583
577 578
575 579
711 712
603 604
717 718
599 600
612 613
1106 1107
1231 1232
587 588
609 610
1236 1238
1219 1220
581 582
716 1107
1225 1226
1219 1221
719 1106
594 595
1108 1109
1226 1227
1219 1220
604 609
564 565
398 399
227 232
402 403
232 233
297 298
238 239
235 236
290 292
284 286
266 267
227 228
225 226
276 277
237 238
262 263
263 264
399 400
259 260
228 229
291 292
241 242
229 232
267 268
234 235
253 254
246 251
290 291
226 227
397 398
258 259
274 277
275 276
293 294
251 252
233 234
398 403
283 284
412 521
245 246
289 290
411 412
405 406
252 253
230 231
260 261
391 394
269 271
288 289
222 226
296 297
282 283
273 274
523 524
277 278
269 270
231 232
395 396
281 282
411 521
279 280
522 523
297 393
229 230
393 394
524 525
265 266
295 296
390 391
250 251
272 273
280 284
264 265
249 250
236 237
280 282
257 258
273 274
400 401
298 390
292 293
391 392
265 269
248 249
409 410
410 411
262 267
282 283
392 393
243 244
407 408
404 405
268 269
290 291
285 286
261 262
287 288
223 224
394 395
396 397
412 522
254 255
240 241
411 521
286 287
401 402
253 254
244 245
224 225
403 404
242 243
521 522
239 240
284 285
294 295
406 407
280 281
247 248
270 271
411 412
408 409
222 223
255 257
255 256
274 275
408 412
246 247
256 257
278 279
271 272
721 722
1068 1069
932 933
722 723
1079 1084
720 721
949 950
952 953
928 929
947 948
724 725
731 732
1089 1090
946 947
730 731
732 733
724 727
1094 1098
1095 1096
942 943
1098 1099
729 730
1082 1083
1066 1067
722 726
1072 1077
723 724
1096 1097
930 931
929 932
1075 1077
1071 1074
1071 1072
725 726
1064 1065
934 939
1087 1088
1077 1080
1099 1100
1081 1082
1077 1078
950 951
1088 1089
1076 1077
1072 1073
943 944
1097 1098
934 935
934 936
733 828
1078 1079
1065 1066
825 826
954 955
936 937
726 727
827 828
933 934
824 825
1086 1087
1063 1064
944 945
939 940
940 941
1070 1071
1069 1070
1102 1103
733 824
1079 1080
1101 1102
1083 1084
824 827
1104 1105
1103 1104
732 733
1101 1104
939 942
941 942
829 928
1080 1081
726 729
1062 1063
932 936
951 952
1094 1095
826 827
1084 1085
1061 1062
1081 1082
1100 1101
1093 1094
1089 1094
1075 1076
828 829
1090 1091
1074 1075
1082 1085
948 949
935 936
728 729
1089 1091
1074 1075
1092 1093
945 946
1067 1068
938 939
937 938
730 731
1073 1074
953 954
929 930
1085 1086
1101 1102
727 728
955 1061
1091 1092
931 932
325 326
302 303
331 332
312 315
328 329
368 369
387 388
365 366
322 323
357 361
316 317
386 387
305 310
324 325
310 311
335 337
346 347
374 375
335 336
375 376
307 311
351 352
339 340
360 361
361 362
301 302
366 367
373 374
377 378
308 309
381 382
362 363
380 381
382 383
338 339
369 370
329 332
354 355
356 357
358 359
309 310
319 321
321 325
308 309
376 377
343 344
333 334
319 320
337 338
357 358
363 364
325 328
341 342
345 346
375 377
312 313
384 385
324 325
318 319
367 368
388 389
332 333
359 360
347 348
329 334
378 379
364 365
344 345
353 354
303 304
326 327
304 305
385 386
348 349
317 318
372 373
334 335
342 343
320 321
321 322
305 306
352 353
315 319
349 353
383 384
314 315
303 307
306 307
387 388
300 301
330 333
336 337
329 330
371 372
348 353
332 336
307 308
330 331
299 300
350 351
345 347
370 371
315 316
366 370
327 328
379 380
347 352
355 356
340 341
349 350
349 352
323 324
311 312
349 353
313 314
977 978
1008 1009
1035 1036
991 992
1048 1053
978 979
984 987
962 963
1053 1054
985 986
1036 1037
1055 1056
982 983
1047 1048
1005 1006
1058 1059
962 963
1057 1058
989 990
968 969
1028 1029
992 993
1011 1012
958 959
1015 1016
988 989
1039 1040
1026 1031
981 982
1045 1046
1044 1045
983 984
1012 1016
973 974
957 958
1045 1050
1000 1001
1018 1022
1024 1025
1043 1044
1038 1039
1009 1010
1037 1038
1040 1041
974 975
980 981
1053 1055
1021 1022
990 993
1049 1050
1026 1031
995 996
994 995
1056 1057
1051 1052
975 976
965 966
999 1000
998 999
1038 1039
979 980
990 991
1058 1059
1034 1035
1020 1022
964 965
970 971
1029 1030
1048 1049
1059 1060
1013 1014
1007 1008
1001 1002
971 972
956 957
1027 1028
1004 1005
1005 1006
960 961
976 977
993 994
1042 1043
996 997
1030 1031
1023 1024
1020 1021
1031 1032
980 981
959 960
1004 1005
977 981
1043 1047
966 967
1019 1020
1054 1055
977 978
986 987
969 970
984 985
967 968
1041 1042
961 962
1006 1007
1050 1051
962 967
1015 1017
1026 1027
1022 1023
1014 1015
987 988
1042 1045
1012 1013
1003 1004
963 964
1017 1018
1029 1032
972 973
1002 1003
1032 1033
1052 1053
1016 1017
1010 1011
1028 1029
1018 1019
997 998
1025 1026
1004 1007
1033 1034
1046 1047
1266 1267
1253 1258
1277 1278
1305 1306
1324 1326
1283 1284
1323 1325
1255 1256
1284 1285
1304 1305
1285 1286
1310 1311
1258 1259
1264 1265
1343 1344
1323 1324
1271 1272
1294 1295
1317 1318
1333 1334
1299 1300
1327 1328
1275 1276
1254 1255
1311 1312
1334 1337
1248 1249
1253 1254
1335 1336
1251 1252
1335 1338
1326 1327
1334 1335
1313 1314
1267 1272
1273 1274
1276 1277
1276 1280
1244 1245
1296 1297
1278 1279
1257 1258
1319 1320
1282 1286
1285 1286
1290 1291
1279 1283
1297 1300
1327 1331
1300 1301
1299 1303
1330 1331
1281 1282
1302 1303
1274 1275
1269 1270
1268 1269
1318 1319
1260 1261
1259 1260
1287 1288
1337 1342
1303 1304
1305 1310
1252 1253
1322 1323
1316 1317
1262 1263
1332 1333
1308 1309
1270 1271
1324 1325
1279 1280
1272 1273
1262 1263
1292 1296
1307 1308
1247 1252
1297 1298
1340 1341
1330 1331
1315 1316
1295 1296
1304 1305
1336 1337
1339 1340
1289 1290
1320 1321
1321 1322
1244 1245
1286 1287
1267 1268
1341 1342
1329 1330
1282 1283
1261 1262
1292 1293
1301 1302
1342 1343
1263 1264
1306 1307
1311 1316
1305 1306
1288 1289
1256 1257
1325 1326
1309 1310
1318 1319
1249 1250
1331 1332
1280 1281
1250 1251
1298 1299
1328 1329
1312 1313
1247 1248
1338 1339
1246 1247
1337 1338
1314 1315
1265 1266
1293 1294
1291 1292
1245 1246
1245 1247
703 704
685 686
632 633
678 679
704 705
699 700
707 708
660 664
674 679
626 631
674 675
683 684
676 677
636 637
650 651
616 617
634 635
671 672
651 652
618 619
653 654
680 681
679 680
643 644
696 697
664 665
620 621
686 687
688 689
630 631
691 692
618 622
701 702
660 661
614 615
635 638
615 616
693 694
640 641
650 651
619 620
670 671
644 649
666 667
625 626
684 685
631 632
667 671
660 663
655 656
675 676
705 706
653 654
694 695
654 655
647 648
638 639
647 652
626 627
703 708
629 630
644 645
689 690
698 699
682 683
652 653
642 643
663 664
662 663
672 673
628 629
663 664
651 656
646 647
661 662
623 624
643 646
656 657
659 660
617 618
648 651
658 662
626 627
700 701
669 670
658 659
627 628
648 649
651 652
633 634
667 668
706 707
677 678
681 682
635 636
617 618
665 666
702 703
695 696
637 638
657 658
647 650
621 622
660 664
634 639
690 691
622 623
668 669
624 625
692 693
649 650
639 640
624 625
673 674
645 646
641 642
697 698
684 686
687 688
466 469
416 418
500 501
419 420
518 519
465 466
454 455
480 481
481 482
508 509
512 513
503 504
449 450
495 496
420 421
432 433
486 488
471 472
455 456
484 485
468 469
417 422
423 427
451 452
439 440
460 461
417 418
474 475
443 448
511 515
421 422
464 465
488 489
415 416
494 495
485 486
490 491
473 475
497 498
509 510
493 494
422 423
434 435
438 439
486 487
413 414
414 415
462 463
498 499
482 483
495 496
418 419
519 520
506 507
430 431
510 511
478 479
437 438
446 447
496 501
492 495
477 478
458 459
475 476
496 497
473 474
466 467
459 460
424 425
448 451
462 465
444 445
443 444
461 462
435 436
429 430
489 490
433 434
457 458
491 492
441 442
442 443
456 457
499 500
478 480
487 488
425 426
423 424
479 480
417 422
416 417
447 448
428 429
436 437
449 450
467 468
469 470
483 484
507 508
431 432
450 451
459 464
515 516
504 508
496 497
502 503
504 505
511 512
513 514
516 517
432 433
436 440
474 476
517 518
426 427
501 502
476 477
452 453
448 449
440 441
427 428
460 461
492 493
463 464
505 506
445 446
470 471
453 454
467 468
514 515
439 440
472 473
1193 1194
1142 1143
1199 1200
1166 1167
1201 1202
1192 1193
1194 1195
1207 1208
1189 1191
1125 1126
1197 1198
1151 1152
1176 1177
1141 1142
1153 1154
1206 1210
1162 1163
1190 1191
1128 1129
1164 1165
1148 1149
1155 1156
1186 1187
1131 1132
1187 1188
1130 1135
1156 1157
1189 1190
1133 1134
1160 1163
1127 1128
1152 1153
1169 1173
1191 1192
1126 1127
1171 1172
1137 1138
1139 1144
1195 1196
1206 1207
1149 1150
1178 1179
1200 1201
1123 1124
1188 1190
1144 1145
1118 1119
1192 1194
1165 1166
1198 1199
1185 1186
1210 1211
1192 1194
1174 1175
1135 1136
1150 1151
1184 1188
1199 1201
1190 1192
1185 1186
1121 1122
1129 1132
1183 1184
1192 1197
1136 1137
1184 1185
1180 1185
1209 1210
1204 1208
1146 1147
1198 1201
1175 1176
1203 1204
1138 1139
1134 1135
1177 1178
1129 1130
1182 1183
1170 1171
1122 1123
1167 1168
1179 1180
1139 1140
1129 1133
1113 1114
1119 1120
1172 1173
1132 1133
1125 1130
1115 1116
1114 1115
1163 1164
1173 1174
1169 1170
1154 1155
1208 1209
1202 1204
1159 1160
1145 1146
1160 1161
1120 1121
1188 1189
1205 1206
1196 1197
1161 1162
1124 1125
1152 1155
1204 1205
1147 1148
1202 1203
1197 1200
1130 1131
1199 1200
1116 1117
1181 1182
1157 1158
1117 1118
1180 1181
1143 1144
1158 1159
1149 1152
1140 1141
1168 1169
748 749
780 781
734 735
746 747
820 821
754 755
808 812
784 785
822 823
749 750
755 756
762 767
751 754
752 753
819 820
812 813
796 797
790 791
765 766
748 750
798 799
806 809
788 789
814 815
759 760
779 780
785 786
810 811
772 773
753 754
747 748
817 818
791 792
807 808
782 783
734 736
757 758
800 801
816 817
751 755
741 742
743 744
813 814
818 821
735 736
759 763
767 768
789 790
770 771
773 774
771 772
742 743
793 794
750 751
786 787
811 812
749 750
806 807
801 802
740 741
758 759
737 738
744 746
805 806
776 777
769 770
787 788
786 788
815 816
742 747
809 810
792 793
756 757
799 800
744 745
797 798
818 819
738 739
751 752
790 793
775 776
774 775
778 781
804 805
761 762
745 746
735 737
736 737
762 763
809 810
766 770
737 741
778 779
812 813
766 767
795 796
771 776
783 784
803 804
777 778
764 765
821 822
768 769
813 816
741 743
808 809
810 811
781 782
763 764
739 740
794 795
760 761
802 803
810 813
906 907
885 886
891 895
907 908
910 911
865 866
872 873
904 905
870 871
858 859
909 910
836 837
834 835
917 918
880 881
850 851
921 922
845 846
832 833
886 887
925 926
921 923
866 867
878 879
854 855
914 915
887 888
920 921
876 881
896 897
853 854
858 860
908 909
864 865
881 882
882 883
874 875
901 905
919 920
911 914
915 916
922 923
898 899
880 884
856 857
924 925
835 839
923 924
830 831
838 839
867 868
873 874
905 906
846 847
833 834
867 870
879 880
888 889
907 909
894 899
893 894
876 877
831 832
841 842
915 918
871 872
837 838
842 843
849 850
851 852
857 858
881 885
895 896
869 874
878 883
863 864
847 848
913 916
875 876
852 853
858 863
846 847
913 914
832 833
891 892
855 856
862 863
889 890
900 901
848 849
919 923
893 897
901 902
899 900
889 890
892 893
843 844
883 884
859 860
861 862
903 904
916 917
884 885
860 861
868 869
897 898
890 891
858 860
902 903
835 836
869 870
877 878
911 912
840 841
926 927
844 845
918 919
911 912
859 861
839 840
894 895
912 913
188 189
146 147
139 143
140 141
137 138
155 158
102 103
103 104
123 124
177 178
90 91
160 161
127 128
108 109
95 96
145 146
131 132
171 172
135 136
164 169
104 105
182 184
168 172
106 107
139 140
89 90
136 137
113 114
133 134
104 106
100 102
88 93
153 154
125 126
122 123
111 112
118 119
162 163
166 167
109 114
173 174
134 135
140 141
172 173
129 130
87 88
185 186
116 119
184 185
105 106
130 131
150 151
156 157
138 139
88 89
170 171
171 172
167 168
148 149
118 121
112 113
114 115
163 164
141 142
109 110
186 189
159 160
162 167
110 111
136 137
92 93
179 180
100 101
165 166
96 97
107 108
85 86
93 98
147 148
91 92
161 162
117 118
158 159
126 127
132 133
178 179
176 177
175 176
91 94
144 145
171 175
180 181
155 156
143 144
124 125
121 125
94 95
109 114
174 175
129 133
97 98
136 140
147 152
187 188
151 152
119 120
116 117
128 129
101 102
149 150
86 87
176 179
157 158
181 182
152 153
169 170
98 99
164 165
121 122
120 121
168 169
115 116
142 143
182 183
93 94
183 184
99 100
154 155
186 187
