1490 1850
5 6
1478 1479
1489 1490
1425 1430
1441 1442
1482 1483
6 1207
1473 1474
1209 1211
1447 1449
1448 1449
1444 1445
1443 1444
7 1206
1470 1471
1425 1430
1439 1440
1425 1428
1436 1437
1486 1487
1206 1207
1472 1473
1417 1418
1463 1464
1438 1439
1465 1466
1426 1427
1457 1462
1445 1446
1447 1448
1450 1451
1434 1435
1469 1470
1452 1453
1421 1422
3 1206
1419 1420
1446 1447
6 7
1472 1476
1484 1485
1477 1478
1474 1479
1423 1424
1 2
1471 1472
1430 1431
1451 1452
1207 1208
1461 1462
1412 1413
1485 1486
1456 1457
1481 1482
1211 1411
1466 1467
7 1209
1459 1460
1432 1433
1464 1465
1209 1210
1415 1416
1447 1449
1476 1480
1454 1455
1411 1415
1474 1475
1433 1435
1468 1469
2 3
1425 1426
1457 1458
4 5
1417 1421
1455 1456
1462 1467
3 4
1208 1209
1427 1428
1462 1465
1458 1459
1420 1421
1479 1480
1477 1480
1414 1415
1435 1436
1418 1419
1424 1425
2 4
1411 1412
1433 1434
1483 1484
1453 1454
1440 1441
1442 1443
1479 1483
1460 1461
1475 1476
1466 1471
1428 1429
1437 1438
1431 1432
1413 1414
1422 1423
1429 1430
1478 1481
1445 1449
1416 1417
1449 1450
1462 1463
1476 1477
1467 1468
1488 1489
1438 1439
1480 1481
1487 1488
1210 1211
733 734
1164 1165
37 39
1202 1203
15 16
1199 1200
19 20
1201 1202
38 39
27 28
1154 1155
33 34
26 27
43 731
30 31
34 35
1173 1174
1179 1182
1166 1167
1172 1174
1195 1196
1177 1179
21 22
1165 1166
1185 1186
1161 1162
1169 1174
732 733
1169 1170
26 27
16 17
1188 1189
1169 1170
1157 1159
41 42
729 730
1194 1196
28 29
1193 1194
1203 1204
20 21
1181 1184
1179 1180
25 26
735 1151
43 728
1158 1159
40 41
1176 1177
1159 1160
1162 1163
1153 1157
39 40
1181 1182
21 26
1172 1173
1197 1198
37 38
1184 1185
11 12
1187 1188
1167 1168
13 14
734 1151
1194 1195
731 732
1177 1178
1185 1186
1186 1187
1177 1180
1197 1200
22 23
35 36
17 18
1200 1201
12 14
1152 1154
1196 1197
1178 1179
42 43
1183 1184
1198 1199
1152 1153
1153 1154
24 25
1198 1199
1174 1175
1171 1172
728 729
1155 1156
36 37
1189 1190
43 728
21 25
1191 1192
1163 1164
12 13
1151 1152
1182 1183
1157 1158
29 30
8 9
31 32
1194 1199
1180 1181
1204 1205
23 24
1156 1157
1160 1161
15 18
10 11
1170 1171
734 735
1175 1176
1168 1169
730 731
1166 1168
32 33
14 15
18 19
1192 1193
9 10
1190 1191
707 708
692 693
674 675
672 673
725 726
661 662
662 664
723 724
48 49
720 721
716 717
53 642
671 672
708 711
679 680
655 656
660 664
676 677
675 676
696 697
715 716
726 727
714 715
683 684
45 46
701 702
699 700
684 685
697 700
659 660
713 714
47 48
677 678
648 649
663 666
682 683
702 705
653 654
689 690
647 650
666 667
660 661
47 50
668 669
647 648
678 679
719 720
669 670
713 715
703 704
46 47
643 644
663 664
646 647
51 52
667 668
668 669
52 53
688 689
649 650
700 701
683 684
697 698
683 685
660 662
44 45
694 695
686 687
654 655
709 710
662 663
711 712
659 662
651 652
706 707
717 718
693 694
53 644
642 643
670 671
674 675
698 699
657 658
724 725
722 723
690 691
702 703
712 713
645 646
650 651
658 659
685 686
673 674
686 687
49 50
705 706
50 51
672 673
687 688
718 719
716 720
656 657
680 681
694 699
681 682
700 702
686 689
721 722
644 645
711 712
710 711
695 696
676 679
664 665
670 672
708 709
704 705
691 692
652 653
665 666
580 581
589 590
63 64
614 615
370 371
379 573
628 629
636 637
588 589
72 76
73 75
593 594
56 57
576 579
634 635
616 617
620 621
639 640
617 621
603 604
624 625
584 585
608 609
619 620
604 609
586 587
598 599
607 608
623 624
618 619
368 369
590 591
62 63
54 55
581 582
59 60
601 602
55 56
591 592
604 605
612 613
69 70
575 576
622 623
637 638
376 377
582 583
573 574
374 375
611 612
60 63
631 632
374 378
616 617
640 641
574 575
576 577
615 616
608 611
60 61
620 621
625 626
596 597
372 373
635 636
638 639
61 62
602 603
367 368
629 630
76 367
54 58
65 66
590 593
587 588
71 72
591 593
605 606
584 585
378 379
73 74
609 610
621 622
369 370
58 59
613 618
603 604
578 579
633 634
610 611
594 595
64 65
585 586
613 614
630 631
627 628
67 68
605 607
55 59
579 580
371 372
599 600
632 633
595 596
60 62
626 627
583 584
617 618
599 601
577 578
74 75
68 69
613 614
597 598
72 73
64 69
626 627
606 607
373 374
592 593
66 67
75 76
600 601
72 75
72 73
375 376
70 71
57 58
377 378
1224 1225
1356 1357
1364 1365
1371 1372
1393 1394
1362 1363
1391 1392
1366 1367
1383 1384
1374 1375
1407 1408
1216 1217
1369 1370
1386 1387
1387 1388
1365 1366
1394 1395
1222 1223
1220 1221
1217 1218
1364 1368
1352 1353
1384 1385
1349 1350
1363 1364
1379 1380
1399 1401
1219 1220
1388 1389
1339 1341
1382 1383
1355 1356
1215 1216
1360 1361
1361 1362
1342 1343
1395 1396
1380 1381
1229 1230
1403 1404
1396 1397
1373 1374
1226 1227
1345 1349
1399 1402
1409 1410
1229 1339
1357 1358
1372 1373
1359 1360
1343 1344
1345 1347
1355 1356
1365 1366
1353 1354
1230 1338
1381 1382
1375 1376
1346 1347
1392 1395
1340 1341
1377 1378
1397 1398
1363 1366
1392 1393
1358 1359
1406 1407
1401 1402
1218 1219
1339 1340
1350 1351
1347 1348
1378 1379
1341 1342
1393 1394
1368 1369
1390 1391
1351 1352
1221 1222
1389 1390
1353 1357
1359 1363
1354 1355
1377 1379
1383 1385
1405 1406
1348 1349
1399 1400
1370 1371
1398 1399
1223 1224
1400 1401
1359 1364
1345 1346
1404 1405
1408 1409
1338 1339
1376 1377
1213 1214
1375 1377
1387 1392
1386 1390
1367 1368
1402 1403
1400 1401
1228 1229
1406 1407
1344 1345
1385 1386
1212 1213
1218 1222
1227 1228
1222 1224
1225 1226
1214 1215
1224 1225
107 211
347 352
345 346
95 96
89 90
356 357
103 104
109 210
353 354
336 340
99 100
340 341
349 350
329 330
327 328
362 363
230 231
357 358
214 215
339 340
352 353
81 82
353 354
332 333
97 98
86 87
341 345
93 94
225 226
360 363
343 347
330 331
92 93
104 105
101 102
350 351
213 214
365 366
77 78
223 224
326 328
84 85
215 216
338 339
85 86
360 361
354 355
79 80
351 352
105 106
224 225
335 336
98 99
219 220
87 88
355 359
81 84
77 82
364 365
355 356
348 349
359 360
341 342
91 92
106 107
229 230
343 346
80 81
363 364
358 359
108 109
343 344
85 88
211 212
228 229
102 103
94 99
217 218
212 213
337 338
361 362
214 215
331 332
361 366
216 217
344 345
326 327
232 233
336 337
231 232
82 83
328 333
83 84
346 347
233 326
221 222
90 95
334 335
81 85
342 343
347 348
227 228
226 227
218 219
78 79
328 329
222 223
210 211
91 93
104 106
105 108
88 89
88 91
220 221
102 107
100 103
96 97
107 108
94 95
100 101
90 91
333 334
200 204
197 198
188 189
185 186
160 161
137 138
190 191
208 209
200 201
147 148
146 147
172 173
149 150
188 193
183 184
204 205
171 172
129 134
175 176
131 132
173 174
119 122
189 190
126 127
133 134
196 197
162 163
195 196
110 111
112 113
201 202
138 139
119 123
167 168
156 157
194 195
145 146
137 138
205 206
182 183
168 169
193 196
206 207
163 164
161 162
139 140
152 157
113 114
120 121
174 175
127 128
132 133
192 193
159 160
125 128
177 178
129 130
193 194
165 166
170 171
119 120
141 142
140 143
202 203
135 136
150 151
203 204
199 200
164 165
140 141
178 179
143 144
134 135
187 189
187 188
153 154
179 180
161 164
158 159
149 150
131 132
122 123
122 123
125 126
155 156
140 143
118 119
142 143
138 141
116 117
180 181
160 162
154 155
111 112
169 170
121 122
130 131
136 137
117 118
124 125
128 129
153 157
129 134
136 137
184 185
144 145
179 183
152 153
123 124
176 177
166 167
186 187
176 178
198 199
191 192
151 152
115 116
157 158
181 182
207 208
148 149
128 133
114 115
173 174
1299 1300
1325 1326
1276 1279
1281 1282
1260 1265
1247 1252
1232 1233
1249 1250
1287 1288
1319 1320
1334 1337
1266 1267
1320 1321
1264 1265
1247 1248
1255 1256
1267 1270
1259 1260
1270 1271
1330 1331
1298 1299
1260 1261
1294 1295
1296 1297
1277 1278
1238 1239
1289 1290
1324 1325
1290 1291
1251 1256
1257 1258
1264 1269
1231 1232
1321 1326
1239 1241
1293 1294
1291 1292
1328 1333
1321 1324
1287 1288
1286 1287
1328 1329
1327 1328
1241 1242
1284 1285
1306 1307
1288 1289
1244 1245
1251 1252
1261 1262
1279 1280
1239 1240
1254 1255
1263 1264
1278 1279
1272 1273
1270 1273
1252 1253
1315 1316
1329 1333
1257 1258
1316 1317
1273 1274
1329 1330
1299 1304
1331 1332
1311 1312
1283 1284
1275 1276
1242 1243
1282 1283
1292 1293
1263 1264
1233 1234
1325 1330
1272 1274
1309 1310
1265 1266
1256 1257
1297 1298
1303 1304
1293 1297
1333 1334
1301 1302
1312 1313
1336 1337
1295 1298
1312 1316
1276 1277
1302 1303
1268 1269
1295 1296
1304 1305
1243 1244
1248 1249
1267 1268
1269 1270
1314 1315
1335 1336
1237 1238
1236 1237
1326 1327
1274 1275
1321 1322
1246 1248
1235 1236
1245 1246
1262 1263
1253 1254
1280 1281
1322 1323
1299 1301
1334 1335
1246 1247
1258 1259
1305 1306
1308 1309
1310 1311
1318 1319
1262 1263
1307 1308
1250 1251
1234 1235
1285 1286
1317 1318
1323 1324
1300 1301
1313 1314
1332 1333
1271 1272
1240 1241
1148 1149
1122 1123
1118 1119
865 866
875 876
867 868
868 869
1131 1135
1110 1115
1112 1114
736 737
1136 1137
888 889
1133 1134
880 885
864 865
747 748
876 877
1125 1126
1145 1146
879 880
745 746
1111 1112
1137 1138
883 884
742 743
1135 1136
882 883
1107 1108
1113 1118
1131 1132
1143 1144
1115 1116
884 885
753 857
869 872
744 745
750 751
861 862
1139 1140
1142 1143
1112 1113
1130 1131
743 744
892 893
1106 1107
1117 1118
1134 1135
1109 1110
746 747
749 753
742 746
857 858
1119 1120
738 739
889 890
1146 1147
863 864
1105 1106
1127 1128
751 752
1141 1142
1103 1104
860 861
747 751
1140 1141
871 874
744 749
1124 1125
874 875
740 741
877 878
870 871
737 738
1123 1124
891 892
882 885
862 863
1113 1114
885 886
1149 1150
1116 1117
873 874
741 742
1104 1105
890 891
752 753
1108 1109
1143 1146
1122 1127
891 1104
1147 1148
1139 1140
1121 1122
1132 1133
886 887
869 870
1126 1127
887 888
748 749
1129 1130
749 750
893 1103
1144 1145
1128 1129
1120 1124
1110 1111
1114 1115
867 868
739 740
858 859
871 872
1144 1148
880 881
872 873
743 746
881 882
859 860
1120 1121
747 749
1137 1140
878 879
866 867
1136 1137
1138 1139
1116 1117
892 1103
516 517
513 514
380 381
383 384
536 541
551 552
558 559
488 489
536 537
380 385
526 531
552 553
499 500
540 541
567 571
512 513
526 527
553 554
487 488
490 491
538 539
520 524
505 506
528 529
567 568
529 530
522 523
511 512
507 508
381 382
498 499
538 540
568 569
556 557
570 571
491 494
544 545
538 540
502 503
546 547
525 526
496 497
531 532
542 543
563 564
495 496
494 495
500 503
555 556
547 552
545 546
541 542
561 562
533 534
489 490
524 525
550 551
548 549
529 534
554 555
380 381
385 386
539 540
514 515
544 545
517 518
503 504
565 566
493 494
509 510
533 534
501 502
531 532
508 509
527 528
557 558
562 563
547 548
537 539
540 542
384 385
504 505
559 560
523 524
492 493
514 515
512 513
565 566
515 516
387 487
557 562
549 550
510 511
530 531
500 501
506 507
537 538
497 498
518 519
564 565
569 570
524 527
519 520
566 567
381 386
571 572
543 544
386 387
386 387
527 530
560 561
521 522
535 536
520 521
491 492
534 535
532 533
382 383
1051 1052
1066 1067
1082 1084
939 940
1073 1074
1095 1099
896 901
937 942
901 902
948 1049
946 947
1068 1072
1059 1060
909 910
906 907
1078 1079
919 920
1088 1089
1097 1098
1098 1099
942 943
914 918
1077 1078
898 901
946 1050
921 922
928 929
895 900
898 899
1099 1100
1100 1101
1076 1077
1075 1076
1082 1083
1099 1100
1095 1099
916 917
899 900
1095 1096
1080 1081
922 923
936 937
1084 1085
1049 1050
931 932
1071 1072
1100 1101
894 895
1052 1053
1064 1065
1050 1051
1081 1082
907 908
918 919
1057 1058
924 926
908 909
904 905
930 931
1094 1095
1055 1059
1079 1084
944 945
1065 1066
1069 1070
913 914
905 906
900 901
939 941
1058 1059
923 924
1063 1064
924 925
932 933
1083 1084
1086 1087
910 911
1050 1051
927 928
1091 1093
937 938
945 946
933 938
1070 1071
895 896
903 904
1055 1056
1062 1063
935 936
915 916
904 907
1097 1102
939 944
1074 1075
1085 1086
943 944
896 897
1087 1088
1092 1093
920 921
929 930
1090 1091
1061 1062
1089 1090
922 924
917 918
902 903
897 901
897 898
911 912
925 926
1053 1054
1072 1073
1054 1055
933 934
1054 1057
914 915
1101 1102
1096 1097
938 939
1091 1092
941 942
947 948
1056 1057
1068 1069
1067 1068
912 913
926 927
1093 1094
934 935
1079 1080
940 941
1060 1061
773 774
815 816
771 772
791 794
803 804
839 840
826 827
830 835
818 819
845 846
847 848
831 832
812 813
755 756
790 791
769 770
757 758
774 775
824 825
837 838
800 801
835 836
772 773
770 771
819 820
802 803
822 823
800 805
820 821
800 801
842 843
813 814
852 854
854 855
776 777
754 755
785 786
846 849
763 764
768 769
778 779
846 847
825 826
849 850
798 799
838 839
810 811
775 776
817 818
843 844
767 768
758 759
855 856
851 852
761 762
780 781
796 797
808 809
838 840
766 767
791 792
840 841
848 849
802 804
829 833
851 854
784 785
779 780
794 795
833 834
832 835
827 829
786 787
811 812
842 847
782 783
844 845
841 842
789 790
799 800
765 766
833 834
781 782
762 767
808 813
839 841
777 781
852 853
840 845
759 760
828 829
816 817
784 785
787 788
821 822
830 831
801 805
850 851
829 830
788 789
783 784
756 757
805 806
827 828
832 833
820 821
761 764
804 805
834 835
853 854
762 763
788 791
793 794
771 774
792 793
823 824
807 808
806 807
814 815
777 778
801 802
760 761
795 796
797 798
809 810
836 837
764 765
1018 1019
1006 1007
1021 1022
1038 1039
990 991
1039 1040
1042 1045
965 966
1028 1029
989 990
1002 1003
1019 1020
975 976
961 962
1017 1019
1000 1001
1009 1010
959 960
1032 1033
982 983
967 971
1008 1009
1040 1041
999 1000
956 959
995 996
988 989
1004 1005
978 980
1022 1023
954 955
1003 1004
994 995
964 965
1007 1008
1001 1002
1046 1047
964 967
979 980
1026 1027
962 963
954 959
971 972
1016 1017
1047 1048
980 981
1012 1013
1042 1043
1031 1033
958 959
969 970
958 959
966 967
1011 1013
986 987
972 973
1033 1034
1042 1043
1011 1012
960 961
979 982
1036 1037
953 954
1037 1038
1045 1046
950 951
1030 1031
963 964
982 984
1031 1032
1035 1036
1020 1021
968 969
970 971
987 988
957 958
974 975
983 984
1027 1028
1033 1037
1024 1025
1018 1023
997 998
977 978
1043 1044
1041 1042
1037 1040
951 952
956 957
992 993
976 977
977 979
1007 1008
984 985
991 992
981 982
1017 1018
1013 1014
1004 1008
996 997
1029 1030
993 994
978 979
1014 1015
1005 1006
957 961
998 999
1034 1035
955 956
1010 1011
1020 1021
973 974
985 986
1044 1045
975 977
949 950
1025 1026
1023 1024
952 953
1001 1006
1015 1016
990 992
967 968
1040 1044
240 241
279 280
297 298
305 306
303 304
251 252
241 242
299 300
242 243
311 312
235 236
294 296
324 325
315 317
266 267
299 301
284 285
258 259
259 260
251 256
252 253
273 274
303 304
234 235
264 269
253 254
322 323
291 292
276 277
255 257
294 295
313 314
319 320
320 321
256 257
290 291
282 283
238 239
310 311
306 307
236 240
263 264
316 317
285 286
288 289
262 263
304 307
309 310
235 236
261 262
271 273
278 279
293 294
287 288
254 255
246 247
244 246
323 324
239 240
318 319
265 266
236 237
295 296
289 290
283 284
254 257
269 270
245 246
240 244
296 297
245 246
275 276
281 282
267 268
321 322
280 281
253 254
264 265
271 272
315 316
261 262
274 275
321 322
294 298
241 245
292 293
288 290
243 244
260 261
270 271
308 309
286 287
277 278
237 238
244 245
317 318
249 250
247 250
298 299
247 248
255 256
307 308
268 269
272 277
301 302
250 251
248 249
257 258
283 285
304 305
300 301
259 262
312 313
302 303
272 273
314 315
428 429
396 397
450 451
416 417
388 389
472 473
449 454
412 413
432 433
389 390
475 476
453 454
401 402
403 404
412 417
411 412
435 436
445 446
477 478
395 396
475 476
433 434
394 398
398 399
454 455
392 393
437 439
480 481
460 461
414 419
431 432
400 401
432 434
405 406
469 470
467 468
474 475
479 480
431 435
408 413
413 414
465 466
442 443
437 438
432 437
438 439
453 457
436 437
409 413
404 405
418 419
448 450
482 483
459 460
429 430
457 458
424 425
463 464
390 391
415 416
399 400
391 392
468 469
440 441
434 435
431 436
481 482
402 403
410 411
470 471
455 456
469 471
453 458
466 467
441 442
444 445
473 474
471 472
446 447
485 486
447 450
477 478
406 407
484 485
417 418
447 448
422 423
396 398
478 479
393 394
421 422
448 449
462 464
462 463
461 462
389 391
394 395
439 440
408 409
419 420
470 471
397 398
420 421
458 459
473 477
425 426
427 428
423 424
483 484
414 415
456 457
407 408
453 457
443 444
426 427
430 431
449 450
452 453
472 477
476 477
409 410
451 452
464 465
