17 212
3 12
13 15
4 5
5 14
7 8
14 15
2 12
5 7
1 14
3 4
5 8
8 15
2 7
6 7
11 17
6 10
3 17
5 17
5 12
7 12
14 17
8 10
6 8
1 16
4 17
13 16
6 13
10 12
2 5
5 12
7 17
4 8
6 11
1 13
10 17
4 14
7 16
4 10
12 17
1 10
1 11
8 17
3 16
3 14
11 14
1 9
9 12
8 12
3 8
7 14
4 13
8 9
6 11
6 12
5 9
8 9
6 12
2 10
12 13
4 9
9 12
7 11
4 7
5 6
4 12
9 14
3 9
5 9
7 11
1 15
5 7
2 16
4 13
9 15
9 11
5 11
9 13
8 13
11 13
1 4
7 10
2 6
10 15
11 13
2 7
4 11
6 8
1 11
10 17
1 14
11 17
9 16
3 5
6 10
10 11
2 13
2 9
3 4
10 13
9 17
10 12
2 14
6 15
3 9
5 16
2 13
5 13
8 16
11 16
4 16
4 6
1 9
2 17
5 6
13 17
8 12
10 15
7 17
15 17
16 17
8 11
3 6
1 8
4 14
2 12
3 12
2 11
15 16
10 16
2 6
11 12
5 8
1 8
14 15
9 15
5 16
1 2
2 17
4 9
13 17
5 11
2 3
7 9
1 12
8 16
7 15
7 13
2 8
12 16
10 16
3 8
13 15
2 9
5 13
5 10
2 5
1 10
5 10
6 17
3 14
11 15
6 16
1 4
8 13
3 15
4 15
1 6
10 14
9 16
14 16
10 11
12 16
10 14
12 17
2 15
6 13
2 4
3 10
2 15
3 17
1 2
12 14
7 14
1 7
7 8
6 7
1 3
3 7
1 5
6 9
9 10
5 17
4 17
1 15
4 5
1 17
10 13
13 14
2 14
12 15
3 11
4 6
6 16
3 13
5 15
1 5
15 17
1 6
13 14
8 14
6 14
2 11
