17 248
4 14
1 8
9 13
1 16
13 15
1 16
4 11
4 17
5 14
5 9
12 13
2 15
8 13
12 17
2 11
9 17
1 13
5 11
12 14
1 16
11 15
6 12
3 4
3 12
7 8
5 13
3 5
9 12
1 14
2 10
6 11
6 11
15 16
7 8
3 13
2 16
6 13
7 16
4 10
2 3
7 16
2 5
3 10
6 8
5 16
2 10
2 4
4 5
4 15
15 16
14 17
6 9
14 16
7 9
11 15
7 12
9 12
8 17
3 8
9 13
8 15
1 3
6 11
10 14
2 13
1 3
13 14
3 14
1 2
3 16
6 10
7 13
2 6
10 15
3 8
4 16
10 11
9 10
3 11
3 11
8 17
4 17
6 7
2 12
9 11
5 16
1 14
3 16
1 15
9 14
12 13
4 9
5 8
1 8
6 13
1 11
4 8
7 14
3 13
6 7
12 15
7 14
4 9
9 16
4 7
10 11
5 12
4 13
10 16
4 13
6 8
13 14
4 17
3 15
10 12
2 15
4 12
4 6
9 10
2 8
2 14
16 17
5 10
2 4
10 11
1 17
3 10
15 17
13 17
4 12
11 16
2 4
5 7
8 13
5 7
14 16
7 17
7 15
13 16
10 13
2 7
4 5
3 14
8 14
8 10
4 14
1 7
5 17
1 15
2 14
8 13
5 12
6 16
3 12
8 16
7 12
13 14
8 10
8 17
6 9
7 17
10 17
2 12
1 7
2 17
7 10
1 11
13 15
1 7
8 11
7 8
1 4
10 12
9 15
4 13
2 12
2 9
11 13
5 15
2 16
6 17
9 12
3 11
2 5
9 14
1 6
3 16
5 9
4 8
15 17
5 12
12 15
1 10
1 9
13 15
4 16
6 10
6 13
7 13
3 4
11 12
12 16
1 12
3 7
12 17
5 14
5 15
3 9
2 6
10 13
1 15
16 17
3 12
6 14
2 3
14 15
1 5
6 7
6 9
6 17
8 12
2 6
7 14
6 15
11 17
6 10
11 14
8 12
7 11
1 5
3 17
10 14
7 11
8 11
3 17
4 15
10 16
3 6
2 15
5 6
5 17
5 13
4 7
4 6
3 17
2 11
8 15
8 9
