30 235
3 25
6 26
24 25
3 22
11 30
5 22
3 29
7 8
3 9
8 30
3 23
4 6
2 3
23 28
1 25
10 30
22 28
1 2
2 30
5 24
6 30
2 28
1 26
7 29
10 22
7 28
8 28
7 22
8 22
2 27
3 26
9 30
9 27
11 25
6 27
27 29
6 29
6 23
9 26
2 6
3 8
8 23
5 9
7 26
5 10
8 27
4 7
9 24
8 10
6 22
2 26
10 26
9 25
22 24
25 27
22 23
27 28
4 30
2 11
28 30
5 7
4 25
8 25
23 27
5 26
5 28
2 4
2 8
2 24
2 7
11 27
23 25
11 28
25 28
22 30
4 27
3 6
6 11
4 9
10 23
2 23
26 28
4 5
26 27
3 5
5 30
2 5
3 24
10 25
7 25
29 30
7 30
26 30
1 11
6 25
1 4
24 29
3 4
1 8
6 8
2 25
4 8
4 11
28 29
1 6
1 7
25 30
1 30
4 29
24 30
4 10
9 11
11 29
4 24
9 23
1 23
22 26
7 27
11 22
1 28
10 27
25 26
22 25
10 11
2 22
7 24
1 24
22 29
1 29
4 23
4 22
1 9
2 9
1 10
3 7
11 24
23 24
23 30
2 10
9 29
22 27
1 27
2 29
10 24
7 10
8 26
6 10
7 23
10 28
11 26
24 27
8 29
4 26
5 23
3 10
3 30
11 23
1 5
1 3
4 28
8 11
3 11
5 6
6 24
6 7
5 27
23 26
9 22
5 25
6 9
5 8
23 29
6 28
10 29
9 10
5 29
25 29
24 26
3 28
8 24
24 28
27 30
5 11
7 9
9 28
26 29
8 9
3 27
7 11
1 22
17 19
13 19
12 21
19 20
17 20
13 18
15 21
14 19
12 14
17 21
14 15
12 20
16 18
13 14
19 21
15 16
12 18
14 20
12 19
12 16
15 20
12 17
13 21
17 18
15 19
14 21
18 21
16 19
16 21
13 17
16 17
20 21
18 19
13 20
18 20
15 17
13 16
15 18
12 13
14 18
12 15
16 20
14 17
13 15
14 16
