33 393
22 32
29 30
1 33
28 32
21 29
23 26
21 30
31 33
24 28
23 28
32 33
21 24
22 24
24 32
24 26
22 28
28 29
23 25
31 32
25 26
26 28
22 23
27 31
24 30
25 33
24 33
30 32
1 27
21 33
24 27
25 31
22 32
21 28
26 29
26 27
1 23
29 33
22 26
1 26
21 25
30 31
30 32
28 30
25 28
23 24
24 31
21 27
26 28
1 31
28 33
23 32
23 33
27 29
25 29
25 33
29 31
27 32
27 30
21 25
24 33
22 27
28 29
1 21
23 31
29 31
24 28
1 21
22 33
25 32
28 31
1 32
23 31
22 29
23 32
26 30
21 23
1 31
22 30
31 32
21 31
25 30
24 29
23 29
24 27
21 23
21 22
25 29
27 33
27 28
23 30
22 31
29 32
30 33
22 29
24 25
24 25
29 33
1 30
25 27
25 26
21 32
1 25
25 32
23 30
22 25
1 29
1 33
30 33
24 32
29 30
26 29
26 31
24 31
27 31
25 27
21 32
21 33
1 22
1 27
1 28
24 29
21 29
28 30
1 24
28 31
26 32
1 25
26 33
23 27
1 29
24 26
21 26
22 25
2 8
9 14
16 18
4 10
11 15
9 13
4 15
6 16
9 11
9 19
9 10
13 19
11 17
2 20
3 8
2 13
10 13
8 19
6 16
11 18
8 18
10 17
4 6
5 20
9 19
4 17
3 10
8 16
7 8
3 20
6 13
7 13
6 7
6 10
10 17
5 7
15 16
4 16
13 17
11 19
4 8
12 20
5 20
3 9
15 17
6 19
9 20
4 18
5 19
7 11
13 18
3 17
3 18
11 20
12 13
5 6
4 9
8 11
12 18
5 9
13 15
3 5
4 12
3 12
15 16
16 17
6 12
14 17
13 19
6 18
3 4
14 15
11 13
2 6
14 20
12 18
3 7
19 20
5 14
5 7
3 8
6 13
10 20
7 19
2 19
10 14
17 20
7 15
10 18
7 16
7 17
15 18
3 20
4 18
11 12
13 14
10 12
3 4
5 17
3 14
13 17
3 6
12 15
6 14
9 17
15 18
6 8
2 14
7 17
6 9
3 13
8 11
7 12
4 11
14 18
2 5
19 20
5 15
7 8
8 12
2 16
5 13
6 10
2 7
2 9
4 15
13 16
7 12
18 20
12 17
14 18
10 15
4 13
12 15
5 10
15 20
2 11
7 20
6 19
9 14
5 9
10 16
7 9
10 20
8 15
2 9
6 15
6 11
8 9
3 11
17 18
11 20
6 20
3 19
8 10
4 7
3 17
4 12
7 16
7 18
14 19
2 13
8 13
2 18
2 3
5 14
9 16
12 17
7 14
4 5
9 20
5 10
9 18
9 15
18 19
10 19
2 14
2 18
9 12
3 14
7 20
12 16
16 19
17 18
5 13
4 14
10 19
8 17
11 19
8 14
7 13
2 10
5 12
9 12
13 20
8 13
4 6
3 16
16 19
3 19
14 16
4 11
14 17
16 20
2 17
3 15
7 11
2 12
6 15
2 12
12 19
2 19
2 15
12 14
2 4
17 19
12 20
16 17
3 11
11 14
8 20
15 19
8 10
12 19
4 19
8 14
7 10
5 6
11 12
2 5
10 11
8 18
11 14
6 9
13 18
3 18
3 12
4 13
6 17
3 15
8 9
15 19
6 7
5 15
7 15
5 11
4 20
4 16
9 15
6 8
17 19
5 16
13 15
5 8
2 6
4 5
6 11
11 16
5 18
4 17
