33 532
4 26
2 30
25 32
26 33
3 27
31 33
3 27
28 33
28 33
1 32
2 32
1 28
2 32
2 3
4 28
3 32
1 33
26 27
3 4
4 27
31 32
4 31
30 31
27 28
25 28
3 31
27 32
28 30
27 30
3 4
26 28
30 33
28 30
2 33
26 28
3 29
27 32
2 25
26 31
26 31
1 3
30 32
4 25
27 31
4 30
3 32
27 30
1 26
28 30
30 33
2 25
3 33
29 32
29 33
4 26
25 31
1 4
2 4
1 3
29 33
4 33
32 33
1 31
28 29
25 31
2 26
2 27
1 4
26 29
25 33
26 31
30 31
25 29
2 30
2 31
29 33
2 25
26 32
4 32
1 30
1 26
3 25
4 33
2 28
26 30
25 31
25 27
25 28
26 30
4 33
31 33
3 31
1 33
1 32
1 26
26 28
27 31
29 31
27 31
2 28
2 3
29 32
4 25
3 28
3 33
27 28
31 32
2 33
30 32
1 25
3 30
26 32
25 30
25 29
26 33
3 30
2 4
1 25
31 33
29 30
28 29
27 33
1 4
27 29
2 3
4 28
1 2
25 29
1 28
26 29
2 4
1 3
4 25
2 30
1 33
26 30
31 32
29 32
2 29
25 26
4 29
1 29
28 31
1 25
2 28
3 4
4 29
3 26
1 27
28 32
2 33
1 31
4 29
3 31
26 33
1 31
11 15
6 22
5 22
5 8
21 24
9 19
7 19
10 15
6 18
6 23
5 18
10 17
6 14
18 20
8 24
6 7
5 17
11 17
16 17
11 17
8 19
9 15
13 14
12 22
5 11
5 12
18 19
5 17
18 24
22 24
18 22
17 20
13 20
8 20
15 20
11 13
8 21
12 19
13 19
5 14
17 19
8 22
11 18
5 19
8 17
10 23
9 12
8 16
14 18
13 22
7 20
6 23
10 19
7 8
5 19
15 21
10 17
12 19
5 6
9 14
5 10
8 13
18 19
12 14
7 23
7 11
13 14
11 18
13 15
8 18
6 17
9 11
7 24
20 22
10 12
11 21
5 24
5 9
8 23
15 23
7 15
9 21
6 10
7 24
13 17
6 21
6 13
6 20
18 21
6 7
12 17
15 22
11 18
19 24
10 22
16 21
5 8
13 23
10 14
7 19
8 9
8 10
16 18
6 17
16 23
14 15
21 23
15 24
16 24
16 21
6 8
12 21
8 16
5 7
14 21
7 12
5 20
11 24
11 21
5 14
9 13
5 21
12 21
9 14
12 24
5 24
11 12
8 13
12 24
17 21
6 19
21 22
6 13
11 13
10 16
13 23
17 21
8 23
9 23
5 23
23 24
6 16
11 13
7 24
21 24
5 15
7 20
11 21
5 11
14 24
8 24
6 21
11 20
19 23
5 16
13 16
13 19
17 19
9 13
14 19
7 14
11 19
9 10
17 23
12 16
18 22
10 19
8 10
10 13
14 16
9 12
13 17
10 11
9 22
12 23
12 22
10 20
11 22
19 20
14 18
12 18
7 13
11 12
5 7
15 18
14 20
19 23
11 19
14 19
13 20
6 24
5 21
12 16
7 14
19 21
8 17
5 21
17 24
16 19
15 16
10 16
13 22
7 10
12 24
9 22
15 22
7 21
11 20
10 18
13 18
9 21
19 21
11 14
5 6
21 24
5 17
20 21
17 24
12 20
12 21
11 14
7 9
17 20
13 15
7 17
18 23
7 11
7 22
14 23
17 18
14 19
11 22
16 17
17 20
11 24
9 12
5 20
5 13
6 12
5 13
6 8
12 19
8 11
18 22
12 15
6 17
12 15
8 9
22 24
10 15
7 11
5 10
7 8
5 18
9 13
13 24
10 17
12 18
5 16
6 15
11 19
20 24
13 19
6 18
14 16
9 23
8 12
6 8
10 11
6 11
10 19
10 21
14 22
15 22
7 13
8 12
12 23
5 23
15 17
13 23
8 19
12 17
10 24
7 15
7 18
9 10
10 20
14 17
15 21
7 9
7 13
18 19
6 22
23 24
12 20
16 24
8 11
22 23
16 20
13 17
13 16
5 11
9 20
5 18
9 11
20 24
9 20
7 14
17 19
9 16
13 16
16 17
10 14
18 24
9 11
11 22
16 22
14 15
6 9
12 14
14 22
15 19
15 20
15 20
12 14
13 14
15 19
11 23
19 20
7 16
5 8
20 23
8 15
7 23
20 22
8 19
7 23
13 21
13 24
11 12
14 22
6 15
5 16
9 10
6 20
17 23
12 22
6 24
9 16
19 22
7 20
9 24
9 16
14 18
12 13
10 22
8 17
11 24
16 18
10 14
8 11
17 22
20 24
5 9
20 22
21 23
8 22
5 6
8 24
11 16
13 15
5 9
8 14
9 17
9 18
8 15
