48 364
1 2
1 41
3 48
4 46
43 47
6 44
4 48
42 46
1 43
1 3
1 45
46 47
6 41
2 43
4 47
1 5
3 45
2 46
43 45
5 41
6 48
5 44
5 45
1 46
5 42
2 42
45 46
2 48
42 48
41 47
4 43
3 5
44 47
42 47
5 48
44 48
3 44
2 5
4 41
41 43
3 43
2 44
43 46
3 6
5 47
5 6
2 41
6 47
4 6
42 44
45 47
2 6
41 44
46 48
45 48
4 5
3 47
43 44
6 46
6 42
1 47
3 46
1 44
47 48
42 43
3 42
5 46
5 43
4 44
2 3
1 6
42 45
2 4
6 45
4 45
1 42
41 42
2 45
4 42
41 48
43 48
1 4
6 43
1 48
44 45
3 41
2 47
41 46
44 46
41 45
3 4
14 35
9 40
14 34
34 37
13 36
10 36
7 36
11 14
8 10
12 36
10 40
7 11
7 35
12 34
33 35
10 13
36 40
7 39
10 33
8 14
9 38
7 38
13 39
10 38
9 37
8 12
9 36
7 33
11 33
33 38
13 34
14 39
7 10
9 33
11 39
8 33
33 36
11 12
34 39
38 40
8 39
36 39
14 37
13 38
12 39
34 40
11 38
7 12
10 14
12 13
10 37
38 39
9 14
14 36
8 13
9 34
7 14
10 11
35 39
9 39
33 40
8 36
11 36
8 11
13 35
12 40
9 11
7 37
37 40
36 37
35 36
14 38
14 33
13 14
13 40
33 34
12 37
36 38
37 39
8 40
12 35
7 40
8 35
33 37
11 34
11 35
9 12
8 9
35 37
7 8
34 35
10 34
39 40
8 37
10 39
7 13
13 37
34 38
9 35
12 38
34 36
14 40
9 13
13 33
8 38
12 14
11 13
11 40
10 35
37 38
35 38
33 39
35 40
10 12
7 9
12 33
8 34
9 10
7 34
11 37
23 25
18 21
25 28
24 29
18 28
21 30
20 31
15 25
21 29
17 31
26 27
27 32
20 32
18 22
28 29
15 28
19 21
17 29
16 19
21 25
19 22
18 26
17 32
16 24
24 28
25 27
17 20
23 32
28 30
20 22
15 23
27 28
16 26
21 26
22 25
16 20
23 29
19 29
20 30
30 31
31 32
17 22
21 28
24 32
26 29
18 31
23 30
15 26
19 24
18 19
17 25
16 22
16 23
19 26
19 27
27 30
17 23
23 24
29 32
25 26
21 24
24 27
15 30
25 31
15 20
22 23
20 27
15 24
16 30
16 28
21 23
15 21
19 23
15 19
27 31
24 25
19 30
21 31
24 30
26 31
25 32
23 26
16 18
27 29
28 31
15 32
22 31
22 30
26 30
18 24
19 20
28 32
20 26
20 29
15 22
18 20
15 18
22 24
16 29
25 29
26 28
22 26
26 32
15 17
22 32
22 29
16 32
21 22
16 31
17 21
18 29
18 32
20 28
17 30
15 27
18 23
24 26
23 27
16 21
17 19
18 30
16 27
18 27
25 30
29 30
20 25
20 24
17 26
30 32
17 18
15 31
20 21
19 32
16 17
19 31
20 23
19 28
23 31
22 28
18 25
21 32
21 27
29 31
17 27
15 16
17 24
16 25
17 28
22 27
19 25
15 29
23 28
24 31
