50 600
4 48
3 27
22 29
2 26
22 26
1 50
24 50
1 49
22 23
25 26
27 49
4 21
6 29
3 26
2 29
5 22
22 24
22 49
2 24
25 50
1 26
3 27
1 29
5 6
2 28
6 28
5 22
1 25
21 27
24 25
3 23
21 23
24 27
27 50
4 26
23 28
1 3
24 49
1 21
5 27
27 50
5 21
6 50
3 50
3 49
21 50
5 23
6 48
22 28
22 24
23 48
4 6
1 4
23 24
3 29
27 29
6 48
1 28
21 28
23 49
3 22
21 23
3 6
1 5
5 21
4 23
28 49
25 48
28 50
23 29
3 5
27 29
4 29
26 48
5 48
25 27
6 49
22 27
6 24
2 3
24 28
2 27
2 5
25 50
4 29
21 49
2 6
5 24
25 27
4 23
3 24
24 27
21 48
21 29
26 50
6 24
26 28
6 27
6 26
1 49
2 50
22 29
1 23
3 4
4 21
6 26
6 21
2 29
3 48
25 49
1 6
1 24
2 4
4 24
25 48
5 29
48 49
4 28
23 49
28 29
29 50
2 25
25 49
23 27
23 28
23 25
2 3
21 24
26 29
25 28
23 24
28 48
2 23
1 6
22 25
5 26
26 50
48 49
5 26
2 21
6 49
6 23
3 25
29 48
1 27
4 25
6 29
2 22
29 50
3 29
2 22
2 50
1 28
6 28
6 27
26 27
49 50
5 27
27 48
24 48
3 50
6 21
23 50
4 50
3 25
4 49
1 5
21 26
22 50
24 26
22 48
2 48
2 23
29 49
26 49
6 23
26 48
22 25
5 24
6 22
21 48
48 50
22 23
5 50
21 49
24 25
3 6
22 50
4 28
6 50
27 28
21 25
2 49
4 22
4 6
22 28
4 5
2 49
23 25
1 21
22 48
5 49
5 6
4 27
27 28
4 22
2 6
1 2
23 26
24 49
3 49
3 21
6 25
1 22
5 49
5 25
27 48
29 48
24 29
5 28
1 2
1 26
4 24
49 50
1 25
24 48
25 29
21 22
1 48
3 28
16 18
12 16
9 20
12 18
12 13
8 17
7 8
10 13
11 12
7 14
12 20
9 19
15 18
10 18
11 15
13 15
7 14
10 11
13 19
18 19
8 14
8 11
16 19
16 17
10 19
9 12
11 18
10 15
12 16
15 20
7 9
8 10
8 15
12 19
14 15
7 17
7 12
15 20
11 13
17 19
9 12
13 14
10 19
11 17
7 10
14 17
12 18
10 12
11 14
7 15
7 11
19 20
10 13
14 19
14 15
9 15
14 20
9 18
8 13
18 20
7 15
7 20
10 20
10 16
11 16
7 18
12 13
9 10
11 17
8 16
18 20
9 13
15 16
12 17
13 17
7 18
10 14
11 15
10 17
15 18
14 18
8 11
11 19
10 15
13 18
10 18
12 14
8 9
14 18
11 19
8 12
12 14
17 20
8 19
19 20
13 19
9 14
13 20
13 17
17 20
13 15
8 13
15 17
8 9
12 15
17 18
8 20
7 17
8 16
8 18
9 19
7 10
12 19
7 16
7 13
7 16
8 20
13 16
11 13
11 20
9 14
9 17
10 16
8 19
7 19
9 10
8 18
14 16
9 16
9 11
16 20
17 18
15 19
7 8
14 16
11 20
7 13
15 17
11 12
31 46
35 47
37 44
31 44
33 41
30 43
35 41
34 45
32 37
39 42
32 41
35 45
30 32
35 42
33 41
33 40
30 35
39 40
44 46
42 46
30 36
45 46
32 44
34 47
33 44
37 46
33 43
40 43
43 44
31 42
40 44
38 41
32 35
32 47
35 36
38 39
32 38
34 37
43 46
35 39
37 38
30 41
32 39
33 42
44 45
43 45
41 43
30 33
32 37
39 43
30 31
34 43
38 45
33 34
31 34
42 44
30 42
30 44
41 42
35 41
30 41
37 45
36 41
30 39
40 45
30 47
42 45
44 46
40 42
38 43
31 43
31 46
37 43
37 41
37 42
33 36
31 32
44 47
46 47
34 40
45 47
35 38
36 45
31 33
30 46
37 40
39 44
42 47
32 43
38 40
42 43
34 47
34 41
32 45
31 43
41 47
35 37
35 45
32 35
31 40
40 47
36 44
34 35
34 38
39 45
38 46
31 37
42 46
39 40
35 43
30 32
41 46
33 38
36 40
34 43
37 47
38 44
33 38
35 40
35 40
34 36
33 39
46 47
33 46
36 47
30 45
37 45
34 46
34 44
37 39
43 47
34 45
31 34
31 32
38 46
45 46
40 46
36 38
40 42
36 41
32 33
37 40
30 34
36 43
43 44
33 47
40 41
35 43
33 44
32 34
36 37
38 47
39 46
33 35
34 42
31 39
31 38
31 45
36 46
30 35
38 42
30 42
32 33
31 35
41 47
36 39
39 41
33 35
36 38
40 47
34 39
30 36
30 44
35 37
30 38
34 40
31 36
32 46
35 42
30 37
32 42
35 44
45 47
33 36
31 44
38 43
30 40
31 41
33 40
33 45
31 36
31 45
42 45
42 43
39 47
40 43
41 46
37 43
32 38
31 47
37 47
36 37
34 42
37 44
32 47
41 43
30 37
41 45
40 41
32 40
30 38
36 44
38 47
31 40
33 37
32 44
42 44
41 44
41 42
32 45
35 46
32 46
32 36
31 47
36 42
37 42
33 43
30 39
33 45
41 44
31 35
