43 609
6 10
8 43
5 6
2 43
5 43
1 8
6 13
8 9
6 12
6 11
4 13
4 7
2 12
1 43
4 13
7 13
8 10
10 43
4 8
1 6
8 11
5 8
7 11
1 43
7 43
3 12
6 10
3 5
3 8
1 2
13 43
11 12
10 12
9 13
7 8
1 8
4 7
2 8
4 11
4 12
1 13
6 13
9 10
7 43
8 10
1 9
7 10
13 43
1 10
5 9
3 9
3 6
11 12
11 13
1 6
3 4
5 7
2 9
3 11
3 10
7 10
2 10
6 12
3 8
6 9
1 4
2 8
5 6
9 11
4 5
5 6
10 11
12 13
2 13
12 43
2 9
3 4
10 13
7 13
3 12
6 11
12 13
6 11
2 7
5 13
7 43
2 11
3 43
1 13
6 9
6 8
4 9
1 8
4 6
4 9
8 12
7 13
3 43
4 9
1 5
1 5
3 13
5 11
3 4
6 9
10 43
2 9
1 3
1 3
7 9
7 9
2 43
2 11
3 7
5 9
5 12
11 13
9 10
4 10
2 5
6 10
5 13
1 3
2 13
11 43
10 13
5 43
3 9
11 12
3 11
10 13
2 7
8 11
10 12
2 6
9 12
4 43
1 5
4 11
6 7
3 9
3 12
7 12
7 10
8 11
3 10
2 6
5 10
1 11
1 12
6 12
8 9
3 6
2 5
9 13
4 5
8 12
2 3
1 13
6 8
1 10
3 11
2 4
7 9
13 43
1 4
1 7
10 12
6 43
1 6
3 13
8 10
5 7
9 13
5 7
1 4
2 13
2 12
2 43
11 13
3 5
2 10
9 43
2 8
8 13
2 10
4 13
2 6
4 5
2 3
38 39
32 42
27 41
32 37
28 31
14 33
39 41
33 40
33 42
14 39
33 34
27 41
31 39
27 34
32 39
28 42
32 42
28 36
28 33
30 37
37 38
39 42
29 33
32 42
32 36
27 33
27 39
27 41
40 41
30 42
41 42
31 38
34 37
30 39
37 42
40 41
33 41
33 35
28 31
14 34
34 36
14 27
31 34
32 36
33 36
37 38
32 41
29 38
28 30
27 42
14 36
35 42
35 38
31 39
14 35
29 38
29 33
30 37
14 38
33 34
29 34
27 35
27 28
27 30
36 37
33 39
36 39
35 38
28 32
34 38
38 39
38 39
31 34
34 35
34 42
28 33
14 37
27 31
14 27
14 34
27 40
39 40
30 39
14 39
29 40
35 37
30 32
30 42
14 35
28 38
32 34
34 41
34 42
38 42
38 42
14 32
34 39
27 29
32 38
28 38
14 40
14 41
29 36
30 36
29 33
27 32
31 37
34 35
30 32
33 41
30 35
34 38
37 40
35 37
27 35
31 34
31 33
28 41
14 40
27 37
27 42
30 33
14 37
33 40
27 37
28 40
36 39
28 38
33 37
37 41
14 33
34 42
14 34
30 38
30 40
33 34
31 36
32 40
28 29
29 37
30 31
36 37
28 37
14 38
32 36
38 41
28 33
32 34
27 37
14 36
36 40
14 30
30 35
30 37
35 36
31 33
31 38
31 37
38 40
32 38
27 39
14 27
31 40
34 39
28 29
40 41
14 39
31 41
34 37
27 38
28 32
28 30
37 42
32 40
31 38
31 32
28 35
29 39
34 35
14 29
32 37
31 39
30 41
30 34
32 35
30 31
14 36
35 41
37 38
28 32
14 28
27 36
34 40
29 30
34 38
35 36
29 40
36 38
30 35
28 39
36 42
29 35
31 42
30 42
33 38
38 41
29 39
35 42
14 37
34 40
31 35
35 37
30 36
30 40
35 41
39 41
41 42
27 32
14 42
30 39
30 31
27 31
30 33
37 42
28 34
38 41
35 41
27 36
36 40
29 32
40 42
35 40
34 36
29 32
28 39
30 34
31 36
28 42
32 40
37 39
29 42
29 40
14 40
14 28
36 37
32 38
40 42
34 37
28 30
41 42
36 41
32 41
27 32
28 31
27 36
14 35
39 40
29 34
27 35
33 41
32 41
31 36
14 38
35 42
27 38
32 33
30 38
35 39
29 31
31 32
14 31
27 31
29 38
14 31
27 42
33 37
35 39
39 41
29 41
37 41
15 18
24 25
18 25
16 17
18 19
18 24
22 24
15 19
16 22
23 26
16 22
19 25
21 25
21 25
17 23
20 23
22 25
18 20
20 21
18 23
22 26
23 24
18 19
16 25
16 26
18 24
17 25
21 22
17 18
17 24
17 21
23 25
19 20
17 19
17 26
22 23
19 26
16 22
18 26
15 21
21 23
19 26
18 26
15 26
16 21
17 19
15 22
21 23
16 21
15 25
16 26
15 25
17 25
24 26
19 20
22 25
18 22
16 17
19 21
18 22
21 26
25 26
17 24
20 25
19 22
22 23
22 23
15 22
18 21
23 24
15 24
16 21
18 23
23 25
16 18
17 21
17 20
17 26
20 21
15 16
20 26
15 20
15 22
16 19
15 24
15 25
15 21
17 21
23 24
16 20
20 21
18 21
15 26
17 20
15 23
15 17
16 17
24 25
18 22
24 25
21 22
19 22
19 20
21 26
19 26
15 26
19 25
19 23
22 24
23 25
17 18
20 25
15 16
19 23
21 24
21 25
15 23
15 24
19 24
24 26
22 26
17 20
15 17
19 25
19 23
19 24
17 24
17 26
18 24
20 25
16 24
18 25
20 22
16 24
20 24
16 23
15 17
17 22
15 19
