68 569
45 54
46 51
1 51
52 56
2 46
1 55
47 53
2 48
1 45
3 49
49 52
2 5
6 44
1 49
55 68
49 54
44 54
3 56
5 48
53 55
3 51
6 56
46 55
52 68
44 55
1 68
54 56
1 47
5 45
5 53
48 49
2 3
4 47
5 47
3 55
6 47
44 68
50 51
47 54
3 54
2 56
3 6
44 49
48 56
45 52
50 68
54 68
51 68
6 51
45 53
47 50
44 51
5 6
1 6
4 48
46 53
50 53
4 56
6 48
47 68
44 56
2 4
48 50
49 55
47 52
3 48
45 48
52 53
1 54
1 56
48 68
2 54
5 46
44 52
5 68
45 46
44 46
56 68
44 50
47 51
51 53
2 49
1 4
45 50
47 55
6 49
46 54
2 44
49 56
4 51
44 48
2 53
51 54
53 54
51 56
4 55
2 68
3 52
44 45
4 46
50 54
52 54
48 53
1 48
49 68
46 52
6 46
2 51
45 68
53 56
50 55
4 54
44 53
54 55
46 56
5 44
4 44
1 53
5 50
51 52
45 47
44 47
3 44
3 53
4 49
48 51
1 3
4 53
51 55
3 46
47 48
2 50
46 47
6 54
45 49
48 54
45 55
5 55
49 50
3 68
6 45
47 56
4 45
50 56
1 50
4 5
4 52
46 50
48 55
2 6
47 49
45 51
52 55
5 54
2 47
50 52
53 68
5 51
46 68
3 5
46 48
5 49
1 2
49 51
46 49
6 50
6 52
49 53
2 55
3 47
1 5
2 45
55 56
1 52
1 44
5 52
3 4
4 6
48 52
45 56
5 56
3 50
4 68
1 46
6 55
3 45
2 52
4 50
6 68
6 53
58 61
60 64
60 62
59 66
65 66
57 63
57 65
57 64
58 63
63 64
58 62
58 59
62 65
60 63
57 58
63 66
59 63
59 60
57 66
57 62
59 61
60 66
58 65
65 67
57 60
61 64
57 67
58 64
62 63
59 67
59 64
58 60
64 65
61 66
59 65
62 64
63 65
58 66
63 67
57 59
61 65
64 67
60 67
60 61
61 62
61 67
61 63
58 67
62 66
64 66
60 65
66 67
59 62
62 67
57 61
7 9
14 19
8 24
10 24
11 15
10 21
17 23
12 22
15 20
10 16
12 15
19 22
8 21
12 18
17 21
13 20
18 24
11 20
10 12
10 14
14 24
11 13
16 18
9 13
8 10
8 12
12 19
11 16
7 24
7 22
9 16
9 19
12 13
17 19
7 21
14 21
9 24
7 12
8 17
15 17
10 13
21 24
16 20
16 24
15 16
19 23
10 15
22 23
14 20
12 24
16 21
9 10
14 16
14 23
7 10
7 14
12 14
18 23
11 24
7 23
11 21
13 17
9 22
8 14
18 22
7 8
11 17
11 18
12 20
13 24
10 18
9 18
15 23
10 20
12 17
11 23
13 19
7 17
7 16
19 21
9 17
13 14
12 16
22 24
8 23
11 22
11 14
13 21
15 18
17 18
7 19
8 16
21 23
20 23
8 19
10 11
20 21
21 22
11 19
17 20
13 23
12 21
9 15
9 21
7 11
8 15
10 22
7 20
7 13
15 21
10 17
16 19
10 23
15 22
18 19
20 24
8 11
19 24
9 23
17 24
9 14
8 20
14 22
18 21
23 24
20 22
13 18
8 18
8 9
8 22
7 15
16 22
18 20
16 17
12 23
9 20
9 11
11 12
7 18
13 16
10 19
14 17
15 24
16 23
13 22
14 18
17 22
14 15
13 15
15 19
9 12
8 13
19 20
32 38
34 36
29 36
31 34
30 35
25 27
26 38
31 40
32 40
26 33
25 28
27 29
29 30
25 43
25 40
27 32
36 37
30 41
25 26
25 38
27 28
30 43
29 31
26 40
28 43
26 30
36 41
33 40
37 40
33 39
30 36
30 40
34 40
26 43
33 38
25 34
32 39
28 30
26 34
30 39
38 40
28 32
27 41
38 39
26 32
32 42
40 41
35 41
25 39
27 40
26 29
34 38
32 34
28 35
29 37
29 39
27 38
29 35
28 38
32 33
31 39
37 43
36 42
27 36
39 42
26 39
33 41
31 33
29 34
30 32
28 31
36 43
34 42
32 43
36 39
26 37
35 38
34 41
26 41
37 39
36 38
30 31
29 43
37 42
34 37
27 43
29 41
33 37
29 42
34 43
25 37
26 36
28 42
27 30
38 42
32 35
31 38
25 42
25 32
31 42
32 37
25 31
26 27
28 29
33 36
27 31
26 35
41 43
27 33
27 35
29 40
27 34
42 43
25 35
31 36
33 35
41 42
28 34
40 43
30 38
31 41
35 40
27 42
35 37
29 33
37 38
38 43
26 28
38 41
25 29
26 42
25 36
28 37
39 41
32 36
30 42
27 39
35 43
28 39
33 42
28 41
27 37
35 39
30 37
33 43
35 36
26 31
30 33
34 39
34 35
28 36
31 35
25 33
29 32
28 40
31 37
35 42
29 38
25 41
36 40
39 43
28 33
40 42
39 40
31 32
33 34
37 41
30 34
25 30
32 41
31 43
