56 542
38 40
5 39
2 5
5 7
7 39
39 41
2 22
1 56
21 23
6 21
39 56
6 23
23 38
23 41
21 38
6 40
3 23
4 7
6 22
3 56
39 56
5 22
1 39
1 7
5 6
21 22
1 40
2 23
3 23
1 22
4 41
2 41
38 39
3 40
4 21
4 40
22 41
22 39
40 56
3 41
5 6
1 23
3 40
2 56
38 56
41 56
1 23
4 38
23 39
38 40
1 40
4 7
7 56
23 39
5 21
4 22
39 41
21 56
7 21
3 6
38 41
5 21
3 6
1 6
39 40
2 4
3 7
3 21
38 39
22 38
22 56
1 21
22 40
21 56
40 56
2 39
7 41
2 56
2 41
2 7
7 22
38 41
1 38
3 38
3 38
1 5
5 7
6 22
7 21
3 41
1 2
3 4
7 23
2 21
4 21
2 3
1 4
6 38
4 23
21 39
3 39
5 23
3 22
7 40
21 41
4 6
6 56
1 39
23 56
4 40
4 6
6 39
21 40
6 40
6 38
5 38
2 6
5 22
5 38
5 56
1 56
1 4
3 5
22 41
23 56
7 39
40 41
1 3
4 5
2 3
7 40
22 40
2 38
7 38
2 5
6 7
3 22
22 23
23 41
3 21
5 56
23 40
39 40
3 39
2 40
6 41
4 38
3 56
6 21
4 56
1 41
5 40
6 7
4 39
5 41
7 23
38 56
1 5
25 37
34 35
24 29
31 32
30 32
31 35
31 33
27 37
33 35
29 30
36 37
25 26
24 30
25 28
26 31
29 36
35 37
25 34
28 37
28 32
25 31
26 27
30 36
28 31
28 29
29 32
30 34
33 37
27 28
26 36
24 28
30 35
30 33
28 30
25 27
34 36
24 32
24 32
25 31
26 28
28 33
25 37
34 36
24 33
29 37
27 34
32 36
31 36
28 29
27 30
26 27
25 34
27 32
27 29
27 33
34 37
25 33
25 30
24 30
29 34
24 29
29 35
25 26
24 35
31 32
27 36
28 30
25 36
24 27
34 37
32 35
25 36
26 29
29 32
29 36
28 36
24 36
26 35
25 32
33 36
30 32
24 28
31 37
35 36
27 31
26 29
24 31
32 33
26 33
24 25
36 37
33 34
29 31
27 36
24 37
27 35
33 34
26 34
28 34
26 37
26 36
30 37
30 34
27 35
28 35
28 37
25 30
25 29
26 31
31 34
24 27
29 33
25 35
28 35
32 37
30 31
29 37
30 33
24 34
25 33
24 37
26 30
26 28
32 36
30 35
26 35
29 30
32 34
25 35
26 32
24 26
10 18
8 13
12 15
11 18
13 19
9 16
12 19
14 19
10 12
12 18
10 13
14 15
11 18
8 16
12 17
8 15
9 19
8 9
11 19
15 19
18 20
14 19
17 18
17 19
12 19
11 16
9 11
16 17
8 10
15 20
12 18
10 14
9 15
10 19
12 16
15 20
13 18
13 14
11 16
18 20
11 19
10 17
9 10
10 18
8 19
19 20
15 17
8 10
12 17
10 15
11 15
14 16
10 16
8 13
16 19
11 20
8 18
8 20
14 17
16 18
12 14
13 16
9 17
15 16
16 17
13 18
11 17
15 16
12 20
16 20
8 20
8 15
10 15
8 11
12 14
8 12
12 20
11 12
10 20
16 19
9 13
13 17
18 19
8 14
15 18
9 19
12 16
10 12
16 18
8 19
10 11
14 18
16 20
13 15
9 14
8 9
11 14
10 19
11 13
8 11
17 20
10 11
9 12
9 18
9 20
8 17
13 20
10 14
10 20
10 17
8 18
10 13
14 17
9 14
11 20
12 13
14 20
13 16
13 19
42 50
48 52
46 51
49 50
44 52
47 54
50 51
43 55
49 54
42 44
49 51
46 55
46 52
46 53
43 54
50 52
52 54
54 55
51 53
43 55
47 50
46 54
45 51
46 47
46 49
44 47
50 53
43 47
48 49
42 52
54 55
44 55
47 53
44 52
42 43
46 55
42 52
47 52
46 48
45 53
48 49
50 54
43 49
42 55
51 55
45 52
51 54
42 54
50 53
47 50
43 46
43 53
43 44
50 55
42 49
43 54
47 48
42 48
48 55
48 52
49 52
44 48
51 53
49 53
46 50
48 53
45 46
45 48
49 55
43 53
49 51
42 48
48 50
43 49
45 55
53 55
50 55
45 47
43 45
44 45
51 55
44 50
45 50
45 48
44 50
44 51
43 48
49 50
51 52
42 43
43 48
43 52
44 55
48 53
45 53
46 52
43 51
48 55
46 51
48 54
44 53
53 55
45 55
45 52
52 54
44 46
44 51
44 49
53 54
42 51
47 51
43 51
46 47
49 52
47 49
45 54
42 45
47 49
43 50
52 55
42 55
44 48
44 54
47 52
43 52
45 49
42 47
48 51
47 55
42 53
52 53
44 49
45 47
42 46
