56 748
10 11
7 12
1 5
11 15
1 6
4 13
5 12
10 55
10 55
9 55
2 5
12 56
9 14
2 3
9 14
3 7
12 55
10 14
2 6
4 11
5 13
2 4
14 56
9 13
9 56
12 56
1 10
8 14
1 4
6 56
12 55
5 14
2 4
4 6
11 12
6 9
2 55
11 13
5 55
8 55
3 4
1 7
12 14
13 56
6 7
10 55
2 8
2 56
4 55
7 9
55 56
3 8
10 14
55 56
11 15
11 12
6 8
5 14
15 56
1 6
9 10
9 11
14 15
1 55
4 7
2 14
9 15
1 3
3 11
15 55
4 9
5 13
8 12
2 55
1 5
4 14
13 15
8 10
10 13
14 56
3 11
9 15
1 14
7 14
8 12
13 15
4 5
6 13
10 56
8 13
2 14
8 56
11 56
1 8
6 10
7 56
12 14
8 15
7 15
5 8
9 56
4 7
1 10
2 14
4 10
4 12
4 13
6 11
6 14
11 12
9 12
8 55
8 13
5 55
9 10
4 8
1 4
1 13
2 5
1 3
7 56
1 13
7 10
3 14
3 9
4 56
12 15
4 8
15 56
2 4
9 55
4 12
7 14
2 11
5 6
2 7
4 5
2 10
6 55
1 13
2 13
7 56
4 56
5 14
7 14
3 15
3 56
5 6
13 55
12 13
8 9
6 55
3 4
3 7
5 56
6 9
5 10
2 5
3 15
9 13
7 10
4 8
11 13
3 12
1 6
5 8
1 5
5 9
2 13
2 55
3 56
2 56
1 55
8 10
3 14
7 15
4 12
8 12
3 14
11 56
8 11
3 7
12 13
8 56
5 7
12 15
11 56
1 2
9 13
15 55
7 55
12 15
8 10
2 9
3 9
2 15
1 7
7 13
5 55
5 11
2 3
9 12
11 14
7 11
1 11
3 5
6 7
1 9
3 6
3 56
14 56
1 14
10 12
7 15
6 15
1 12
8 55
6 14
7 8
8 13
3 55
4 15
14 55
4 56
9 11
3 5
1 56
7 12
5 15
5 9
7 8
7 12
9 15
6 15
3 10
13 14
4 11
11 14
6 12
1 12
5 15
6 8
10 15
3 9
12 13
1 7
7 11
3 13
4 13
2 12
7 8
4 9
5 12
8 56
13 15
3 13
9 10
11 55
1 55
4 55
1 4
3 6
8 11
1 15
1 11
4 9
16 18
16 18
18 40
16 40
40 54
17 39
17 20
17 22
16 40
18 54
39 54
18 22
17 40
21 40
18 22
17 40
18 54
20 39
16 21
17 20
19 54
16 21
17 18
16 54
17 22
17 19
18 39
20 21
18 54
22 54
17 18
18 40
18 40
17 39
19 22
18 19
20 22
21 54
16 17
16 22
19 39
22 39
16 39
16 18
21 22
21 54
40 54
20 21
16 22
17 18
39 40
16 20
19 20
22 40
19 40
19 39
21 54
17 21
19 21
16 39
17 54
18 20
21 39
20 39
18 21
19 54
20 40
20 40
16 39
21 40
17 19
18 22
19 22
16 17
16 19
19 20
20 54
16 17
17 40
17 22
20 39
39 54
16 54
29 33
26 36
31 34
26 32
32 36
28 38
25 29
28 36
27 33
29 37
28 35
23 27
27 33
33 34
29 31
29 33
25 37
33 34
23 28
35 37
28 37
25 26
26 34
23 26
25 28
23 36
23 25
24 36
33 37
31 36
37 38
23 29
27 32
25 30
30 37
23 34
26 33
30 32
26 33
29 32
25 31
34 38
32 35
37 38
32 37
31 33
32 34
24 38
25 27
31 38
25 29
31 33
29 30
31 32
35 36
31 35
30 34
23 37
28 32
24 26
30 31
26 38
29 34
24 30
34 35
27 28
29 36
31 33
26 33
25 32
26 28
23 24
34 37
31 34
25 36
33 35
24 34
32 33
26 37
25 30
25 29
30 38
25 37
33 38
27 29
24 29
28 29
27 29
26 27
28 33
31 37
27 33
27 30
30 35
25 34
33 35
26 32
26 38
30 36
24 38
24 28
28 30
33 37
24 37
27 35
31 36
30 33
25 26
23 37
24 36
27 37
24 37
29 33
28 37
27 31
34 37
33 35
26 29
29 34
23 36
24 26
33 34
28 31
24 34
33 36
25 31
26 29
26 29
26 34
36 38
33 37
23 32
32 38
25 36
28 33
29 36
23 32
24 35
23 33
25 33
28 29
24 25
25 38
28 30
36 37
29 32
26 38
29 35
24 35
28 35
34 36
26 31
28 33
24 27
28 35
27 38
27 34
30 35
23 25
30 35
30 38
26 27
32 38
30 33
35 36
23 24
31 34
24 33
24 27
23 28
23 26
29 38
23 35
23 38
29 32
34 35
23 38
23 37
23 35
26 34
26 37
30 32
31 35
31 32
23 35
25 35
28 34
28 36
34 35
28 29
24 33
35 37
27 38
25 33
23 28
34 36
34 36
33 38
29 34
25 31
27 32
25 26
24 37
31 38
23 31
28 30
28 36
31 32
23 27
32 36
25 38
30 33
24 26
31 38
24 25
23 38
35 37
29 36
25 30
23 33
24 33
30 34
28 31
27 36
26 30
28 34
28 34
23 31
24 32
24 34
23 30
24 36
23 33
35 38
29 38
26 35
23 32
24 31
25 36
34 38
27 34
27 38
32 36
27 30
31 35
24 32
24 27
24 29
44 52
43 44
42 51
47 49
46 48
48 53
42 46
44 53
45 53
43 47
42 53
41 45
52 53
42 46
43 50
44 46
48 53
46 49
50 52
42 49
48 50
41 53
45 47
44 48
44 45
47 50
51 53
45 49
42 53
42 47
48 52
50 51
50 53
45 48
41 52
43 53
41 51
48 50
46 50
41 53
41 51
42 44
52 53
41 45
46 53
41 50
41 48
41 42
45 48
41 44
49 52
42 48
47 49
43 53
43 52
45 53
49 50
44 53
46 48
48 49
45 53
46 47
41 51
48 50
47 53
48 52
47 50
44 46
44 51
48 52
47 51
42 43
46 51
43 44
44 50
44 49
43 45
42 52
42 50
44 51
45 47
43 51
41 44
41 46
43 50
46 52
49 52
49 53
41 43
47 51
47 52
52 53
42 45
42 53
49 50
47 52
51 52
42 50
41 50
45 51
46 51
48 53
49 51
49 52
42 51
43 46
45 52
51 53
42 49
47 49
41 47
45 46
45 50
43 50
47 48
46 53
47 51
41 43
43 47
45 48
50 51
49 51
51 53
42 45
41 49
46 47
43 45
44 47
41 47
49 51
42 43
45 52
47 48
48 51
44 45
42 48
43 48
41 42
42 52
42 47
46 48
46 49
42 46
47 50
46 51
42 50
44 48
42 44
43 52
42 47
43 49
