66 418
12 61
56 61
59 62
58 60
1 12
57 62
12 41
56 60
1 59
57 63
57 66
61 65
12 58
12 65
58 62
12 66
41 58
61 62
60 61
64 65
57 64
56 62
61 64
12 59
12 64
62 65
1 62
58 65
62 66
61 66
59 60
64 66
59 61
56 66
59 64
60 66
41 59
56 58
1 65
58 63
41 62
12 60
61 63
12 56
56 64
60 65
41 66
56 59
1 60
59 66
1 61
57 59
59 65
1 58
60 62
41 61
63 66
12 62
41 64
60 63
59 63
12 63
56 63
1 56
12 57
1 64
65 66
58 61
62 64
41 57
41 60
57 60
58 64
57 61
63 65
1 41
57 58
1 66
63 64
56 57
58 59
1 57
57 65
58 66
62 63
41 56
60 64
41 63
1 63
41 65
56 65
42 48
46 48
42 51
46 55
44 53
51 52
43 49
44 51
42 55
47 51
49 51
44 50
45 51
47 48
50 51
44 52
42 53
45 52
47 49
45 48
46 51
49 53
42 49
44 49
42 50
43 44
53 55
48 50
44 55
42 43
46 54
52 53
49 52
46 47
43 46
44 47
43 51
43 53
50 54
45 55
44 46
42 44
46 53
48 51
45 47
49 55
44 45
43 54
48 49
53 54
50 53
43 52
45 46
45 53
43 50
51 55
47 52
42 52
43 48
50 52
52 54
49 50
43 45
45 50
44 48
47 55
50 55
42 45
42 47
49 54
43 47
51 54
45 54
47 53
42 54
45 49
54 55
48 53
47 50
42 46
52 55
51 53
46 49
43 55
48 52
47 54
48 54
44 54
46 50
48 55
46 52
13 22
15 22
17 23
15 19
14 23
13 15
14 19
14 22
13 20
17 20
22 23
16 17
13 21
16 20
15 18
14 16
14 18
14 17
18 21
20 22
13 18
18 19
13 23
20 21
13 14
17 18
16 23
16 22
15 23
15 20
14 15
15 21
15 16
18 23
13 17
16 19
13 16
17 19
21 22
19 23
18 20
16 21
19 22
21 23
18 22
14 20
20 23
19 21
14 21
13 19
19 20
16 18
15 17
17 21
17 22
10 11
2 6
8 10
5 10
2 10
5 11
6 11
8 9
3 6
5 6
9 11
7 11
3 4
4 10
9 10
2 9
3 8
6 8
2 8
7 9
5 8
8 11
6 7
3 9
7 8
4 6
5 7
4 9
4 8
4 7
4 11
6 10
4 5
3 5
6 9
3 11
2 3
3 7
7 10
2 5
2 4
5 9
2 11
2 7
3 10
30 32
24 29
28 30
37 39
25 34
25 28
27 30
37 40
34 39
25 35
25 36
29 37
30 37
24 35
28 29
26 38
27 35
36 39
30 35
31 34
24 36
29 34
28 32
35 37
24 30
24 37
28 36
24 27
32 37
33 39
26 27
27 28
28 37
24 38
33 40
26 40
35 39
26 39
39 40
24 33
26 37
32 35
29 36
24 34
31 40
27 39
26 32
26 34
27 29
26 28
29 38
29 30
27 37
38 39
26 31
27 38
28 38
27 33
24 39
31 37
27 36
29 31
25 38
29 33
25 29
35 38
29 32
25 32
32 40
24 28
30 38
28 31
35 40
31 35
31 39
30 31
25 39
27 40
34 40
28 34
26 35
33 35
27 32
25 26
33 34
28 39
26 33
34 38
33 37
31 36
26 29
38 40
30 36
34 37
32 39
25 40
28 40
34 35
24 32
30 33
24 25
32 38
25 37
32 34
24 26
29 39
30 34
26 30
25 33
27 34
31 33
29 40
33 38
30 40
24 40
37 38
36 37
36 40
32 33
35 36
28 35
29 35
28 33
25 27
30 39
24 31
26 36
27 31
25 30
31 38
32 36
33 36
36 38
25 31
34 36
31 32
