79 918
9 79
2 77
3 78
12 79
11 79
10 11
6 7
7 77
10 77
77 79
2 79
1 3
1 4
2 12
2 11
5 12
2 6
8 11
8 9
7 78
8 10
8 9
1 77
8 10
77 78
1 8
6 12
11 78
9 77
10 78
5 6
3 77
2 7
10 11
2 4
10 77
2 12
4 6
1 5
6 8
2 9
2 10
2 3
8 77
3 5
12 78
3 9
4 79
1 78
5 10
7 11
4 78
4 78
1 10
3 8
12 77
9 10
8 79
78 79
8 78
3 11
7 77
5 11
4 5
5 9
12 77
8 78
2 78
7 8
3 10
6 78
2 3
5 8
9 11
8 77
1 7
2 5
4 7
1 79
4 7
4 8
10 12
1 8
4 77
77 78
10 12
6 11
6 78
6 9
3 9
5 7
1 79
5 6
3 6
6 79
1 6
6 11
1 12
4 10
5 77
3 12
2 6
2 78
2 8
4 10
4 9
1 7
11 12
3 8
8 12
7 8
6 10
8 11
11 79
3 4
5 9
1 6
1 78
3 77
5 7
77 79
9 77
6 77
3 5
7 12
5 78
1 9
1 2
7 12
5 77
10 79
2 9
7 79
1 9
11 78
4 12
4 6
7 10
12 79
4 12
10 79
9 10
4 79
9 12
1 11
3 79
6 7
9 78
5 12
1 12
10 78
3 7
7 9
6 79
4 11
5 79
6 10
11 77
61 68
63 70
59 60
61 69
66 72
67 75
63 74
68 72
66 74
72 73
67 72
64 67
61 74
75 76
59 69
65 75
63 73
68 71
71 76
60 61
61 73
63 76
59 72
66 67
66 76
65 76
66 72
73 75
70 75
66 70
65 75
73 74
60 74
65 73
60 67
67 69
61 75
67 71
62 69
60 62
69 76
69 70
69 75
65 76
65 69
64 69
64 73
63 72
61 63
74 75
67 70
69 72
68 73
64 69
62 64
60 75
68 70
62 75
60 64
60 71
71 75
61 66
66 73
65 72
68 73
72 75
66 67
64 75
59 75
61 70
68 69
62 63
70 71
63 65
62 75
61 67
65 71
67 72
70 76
68 75
59 70
67 73
62 70
65 70
61 76
59 72
62 74
60 68
71 73
60 65
63 75
70 76
63 67
66 70
64 71
66 75
60 75
59 69
61 63
70 73
61 66
68 74
64 76
69 71
70 72
62 74
60 66
66 71
64 72
69 70
65 68
60 66
61 71
59 76
61 62
67 68
63 69
63 64
66 76
68 74
62 71
60 73
65 74
62 66
65 66
70 74
59 66
60 76
69 73
59 71
63 64
65 67
61 74
62 65
67 73
60 76
62 67
72 74
69 73
60 72
63 75
62 68
64 72
60 69
61 69
64 65
68 71
61 73
61 72
69 75
74 76
62 63
62 76
60 65
70 73
66 73
59 67
67 69
60 62
64 70
64 66
73 75
68 76
61 67
65 72
60 74
63 74
70 71
67 74
63 76
60 63
60 73
74 75
60 70
64 66
62 65
59 65
62 72
70 75
63 66
63 70
73 76
61 65
63 71
71 74
64 76
67 71
64 65
63 71
59 65
66 71
74 76
62 70
62 69
59 75
59 67
62 72
67 68
64 73
59 73
62 73
59 74
59 61
72 76
63 69
73 76
59 64
61 64
63 65
59 76
59 64
59 74
59 73
63 68
64 68
65 71
66 68
69 74
69 72
61 72
66 69
66 74
64 74
67 76
59 62
65 69
71 72
69 74
72 76
59 68
72 73
59 66
64 68
61 70
59 63
61 75
65 66
52 57
45 52
13 53
48 54
44 48
50 51
49 58
49 50
13 58
14 49
44 55
44 49
45 50
46 57
44 56
46 57
52 55
44 58
49 54
45 50
47 51
45 51
49 57
46 56
13 50
14 50
14 57
49 54
13 14
47 49
14 44
14 58
53 55
47 58
51 52
50 53
48 49
50 58
46 50
46 47
44 57
13 56
57 58
46 52
51 54
53 57
50 54
47 56
44 58
49 52
44 47
48 54
14 50
49 50
45 54
47 53
45 56
14 46
14 48
49 57
13 54
44 54
52 54
45 47
14 58
13 56
53 56
45 53
45 49
51 58
53 58
13 49
46 55
44 52
55 56
13 44
47 57
47 51
13 45
46 51
51 54
54 55
50 52
47 50
47 49
50 52
52 56
45 47
46 53
46 48
52 53
48 51
48 58
13 55
45 55
49 56
14 47
45 46
51 58
49 56
48 57
46 49
44 45
55 58
45 57
46 58
45 56
13 58
54 55
53 55
14 47
56 57
14 49
51 52
54 58
44 50
48 52
14 56
13 46
48 58
13 52
49 58
55 57
13 55
45 55
49 51
13 53
45 53
50 55
14 45
47 58
49 55
53 54
14 53
44 49
47 48
14 48
14 51
46 50
52 56
13 49
44 45
57 58
49 53
14 52
47 50
13 47
51 57
52 58
55 56
44 50
46 47
13 57
47 53
44 56
44 51
46 54
14 56
47 55
54 56
48 53
48 50
48 55
50 56
54 57
14 46
48 56
46 54
13 51
49 52
44 53
44 51
48 53
47 52
44 55
47 54
13 48
54 57
44 46
46 56
47 56
51 56
48 52
56 58
13 52
56 57
52 57
50 57
13 47
51 55
51 53
13 51
13 54
14 54
14 55
55 58
45 48
45 58
44 57
21 42
18 20
16 43
17 42
20 41
19 20
17 41
20 41
19 41
19 41
42 43
16 43
16 17
19 20
18 43
15 21
17 20
15 41
16 18
21 41
18 19
17 21
17 43
17 20
17 19
42 43
16 18
16 42
18 42
16 21
16 17
18 21
15 17
16 41
16 19
20 21
20 42
16 20
19 43
15 21
15 17
15 19
15 16
17 43
15 18
19 21
21 43
15 20
15 19
19 21
16 20
17 18
15 43
18 21
20 21
15 42
17 19
21 43
41 42
15 16
20 43
19 42
15 18
18 41
41 43
15 20
17 21
15 42
24 38
27 32
30 36
30 37
25 29
37 39
22 40
24 35
25 27
31 39
24 28
33 36
33 34
24 32
32 40
26 31
27 32
25 28
34 40
22 29
27 28
25 31
29 30
31 32
24 31
30 36
23 27
23 28
23 40
24 38
30 33
36 40
22 26
32 39
23 33
29 34
25 38
30 39
23 25
31 37
32 38
26 29
25 36
22 37
26 36
25 33
29 31
35 39
25 28
28 34
26 37
26 37
22 23
28 40
28 40
28 38
29 38
22 25
25 33
24 36
22 28
29 31
31 35
28 29
34 39
29 37
35 38
22 36
26 38
31 39
36 37
32 34
26 28
33 39
30 39
36 40
35 37
27 36
24 26
33 37
24 40
22 33
22 32
23 30
29 35
29 39
22 36
35 36
36 37
23 32
32 35
32 35
29 36
28 35
23 29
27 38
29 37
27 29
28 37
28 31
25 30
23 27
25 26
31 33
31 40
38 39
23 28
22 30
23 31
29 40
22 27
27 31
36 38
26 38
25 39
34 38
23 34
31 35
26 40
35 40
28 39
28 36
26 30
29 39
24 33
27 37
27 33
26 33
24 37
25 37
26 35
22 38
28 30
33 38
27 30
27 34
39 40
29 33
30 32
24 25
27 31
22 24
22 30
23 24
23 26
24 34
28 31
26 32
31 32
22 25
25 34
31 38
32 36
32 38
25 39
31 36
33 40
24 29
33 35
29 32
23 33
29 36
23 39
36 39
23 38
23 36
37 38
31 34
23 29
33 34
35 39
22 26
23 34
30 40
30 34
23 35
27 40
24 39
38 40
27 39
34 37
31 33
27 36
22 31
24 35
22 33
23 30
33 35
32 37
26 39
30 34
37 40
37 39
26 34
22 35
31 38
36 38
23 25
31 37
22 35
28 37
28 39
33 39
23 37
33 36
36 39
30 38
33 40
24 25
26 40
34 36
34 35
29 40
28 35
37 38
28 32
22 34
25 40
22 37
22 39
24 26
35 36
23 39
29 35
25 34
25 32
24 30
34 36
27 34
24 29
24 31
30 31
26 33
35 37
31 40
28 33
26 27
24 30
29 33
28 32
24 40
35 38
32 33
31 36
25 35
26 31
27 35
27 39
32 39
34 39
30 35
26 34
27 37
28 36
33 37
24 27
