79 1223
73 79
5 70
72 74
70 75
71 79
4 76
3 8
69 71
7 70
8 72
4 71
6 69
1 79
3 76
1 74
6 69
76 79
3 77
6 76
4 77
71 73
5 73
8 76
5 73
1 7
2 79
4 79
1 75
74 79
6 77
72 76
3 76
71 72
76 77
1 73
69 73
3 6
7 79
8 79
4 5
1 76
71 73
8 69
2 5
4 69
69 73
1 8
5 75
3 6
69 74
8 71
77 78
73 78
1 71
3 5
2 70
6 75
5 77
74 77
7 73
73 75
75 76
8 70
4 72
7 70
2 72
2 69
6 79
1 4
2 78
74 79
5 75
6 70
72 75
7 76
75 76
2 8
77 78
4 6
7 77
69 79
73 74
4 5
72 79
2 7
69 77
5 6
1 72
3 74
5 78
6 74
71 76
5 71
5 73
3 6
6 70
70 73
4 73
71 78
1 6
3 76
1 72
7 72
2 75
7 75
7 74
74 75
69 70
5 7
71 74
74 75
4 78
4 8
4 79
70 79
2 6
69 71
2 76
6 74
72 76
69 75
71 76
76 79
6 73
76 77
1 8
7 79
77 78
71 77
69 79
3 70
74 77
76 77
8 74
8 73
1 78
7 70
71 74
7 71
5 76
73 76
3 73
1 75
5 8
70 72
7 8
5 72
8 78
2 4
72 73
3 71
3 4
71 79
7 79
4 71
2 71
69 79
4 5
72 78
73 77
73 74
5 77
4 78
72 76
3 5
3 79
1 2
3 7
69 73
6 74
4 74
70 78
70 76
1 74
8 74
72 78
1 77
2 73
69 72
2 78
1 76
2 8
7 78
2 3
2 72
3 70
3 78
2 77
3 72
8 70
71 78
7 76
73 79
73 78
1 7
1 6
5 79
7 69
1 3
75 76
70 71
6 69
2 77
4 71
69 76
70 74
3 4
72 74
2 7
5 72
3 4
5 70
69 75
8 76
6 71
78 79
2 75
7 71
3 72
6 78
72 79
72 77
8 77
75 79
75 77
69 72
74 78
7 72
69 76
1 75
4 73
70 72
69 71
5 72
1 3
2 74
5 78
6 72
1 7
71 76
2 79
6 8
1 4
70 75
3 75
8 77
5 74
8 75
1 5
1 6
7 74
4 7
5 7
77 79
6 72
4 70
70 72
70 73
2 77
5 74
4 69
7 71
74 79
3 75
4 75
8 71
69 78
5 70
3 69
1 70
75 78
5 69
8 74
72 73
5 71
1 79
1 69
3 5
72 73
8 69
78 79
2 3
72 74
70 74
70 79
1 2
2 74
8 79
78 79
2 72
70 78
73 76
69 75
1 3
70 76
3 71
74 77
5 77
4 74
3 79
72 79
6 75
69 72
3 72
4 79
71 75
8 79
69 78
6 72
6 78
4 76
69 77
3 74
3 8
1 78
73 74
70 77
4 78
72 78
8 78
73 76
76 78
3 75
2 7
4 73
7 73
6 77
6 76
1 8
2 4
70 76
6 7
72 75
4 6
6 7
7 73
74 76
1 76
76 78
1 78
5 71
3 79
2 4
10 68
11 65
15 66
15 63
14 68
9 15
13 14
14 67
10 63
14 15
11 67
15 65
11 63
67 68
11 15
13 63
11 64
15 64
63 65
11 68
66 67
65 66
15 67
64 67
63 66
66 68
9 11
11 12
10 66
11 68
9 11
13 65
15 68
13 64
9 68
10 12
14 66
11 64
10 66
9 64
13 15
9 13
12 63
15 65
9 13
14 63
14 64
10 11
9 15
11 63
65 67
11 68
9 68
9 68
11 67
12 67
63 67
10 13
9 65
10 11
14 15
65 66
10 15
14 65
12 63
10 11
66 68
63 66
12 15
9 10
63 68
14 63
10 12
13 65
11 12
9 10
9 11
13 68
10 63
10 14
11 14
12 14
15 66
13 66
65 68
14 67
12 65
11 12
9 15
9 65
11 66
64 66
64 65
9 12
63 67
12 14
10 15
12 15
65 68
12 63
14 15
14 67
63 67
10 64
63 64
10 65
11 65
15 63
9 14
66 67
63 68
11 13
11 15
14 68
10 66
64 67
63 65
15 63
11 63
13 65
13 68
12 13
12 64
9 14
14 66
65 67
12 67
12 15
10 63
9 14
9 67
15 66
9 66
13 66
10 65
12 68
11 14
64 67
9 10
64 65
11 15
15 64
9 13
66 68
11 13
10 65
10 67
12 65
10 14
12 13
11 66
12 66
63 68
13 66
13 67
9 63
14 66
64 68
11 65
16 60
16 62
16 20
58 61
20 59
18 58
22 58
18 59
59 62
16 61
18 20
17 60
19 60
17 18
19 59
16 22
20 58
18 21
21 59
21 62
21 58
17 19
19 22
59 61
16 18
16 19
17 61
16 61
17 19
59 61
17 22
60 61
19 58
16 59
17 58
16 60
17 18
19 62
58 60
58 62
22 58
22 62
60 61
19 59
16 21
22 62
16 19
16 60
20 59
19 59
18 19
18 60
20 62
18 58
21 59
17 61
16 62
21 61
58 59
22 59
16 20
21 62
59 61
16 18
17 59
19 58
22 59
21 62
19 60
18 20
18 19
17 20
17 20
21 60
20 21
18 61
18 62
19 61
60 62
58 62
18 20
17 59
21 58
22 59
59 60
22 62
22 61
22 60
19 20
21 61
20 22
16 59
19 22
21 58
21 22
17 21
20 61
20 61
20 62
16 17
18 19
59 62
19 61
17 62
20 62
16 62
18 21
19 22
22 58
19 21
16 19
18 22
20 60
21 60
18 62
20 60
16 22
59 60
20 59
22 60
18 59
20 58
61 62
58 59
19 20
16 58
16 21
16 58
16 21
59 62
16 20
17 18
22 60
58 60
58 60
49 50
42 48
42 45
46 52
45 52
45 53
51 56
48 49
49 54
42 47
45 48
54 55
49 53
47 49
52 54
42 57
46 51
43 54
48 52
53 54
46 53
43 54
45 51
47 55
47 53
43 48
44 51
48 55
45 49
54 56
53 55
44 56
48 57
45 54
43 50
50 57
43 52
48 57
43 56
43 57
45 51
45 57
45 50
44 47
46 57
44 50
42 49
46 50
47 57
48 51
43 52
42 56
46 56
42 48
50 54
51 57
44 53
43 49
43 47
51 53
48 56
50 52
48 54
46 51
50 55
42 50
44 53
42 46
48 50
52 53
48 52
42 50
43 51
45 48
50 54
42 46
50 56
46 55
51 56
50 53
43 48
44 47
44 49
42 45
45 51
52 56
46 51
55 56
50 56
51 54
45 46
42 56
44 54
49 53
42 44
44 57
49 52
52 55
47 56
43 45
50 54
45 54
50 51
56 57
49 56
42 51
43 46
51 52
50 55
46 53
43 44
44 46
43 51
51 55
52 57
43 53
47 52
42 55
48 54
44 52
46 57
49 56
50 53
45 56
43 55
44 53
44 55
47 57
44 55
53 55
51 54
42 46
49 52
49 54
42 56
43 44
46 57
50 52
47 56
45 57
43 57
48 49
49 51
44 54
47 49
49 53
45 49
46 54
47 50
46 55
42 45
43 52
47 56
43 57
55 57
43 49
43 45
42 55
51 55
42 47
48 52
53 54
46 56
49 50
51 56
45 47
52 57
45 50
45 50
52 55
42 43
42 53
46 52
44 47
45 56
42 52
42 52
54 56
50 55
47 48
48 53
44 52
43 55
44 46
47 51
47 48
52 57
44 46
50 56
46 55
51 55
43 50
52 53
45 46
51 53
48 56
49 56
47 51
47 50
44 48
42 51
49 55
48 55
44 45
45 47
46 48
46 50
48 50
46 53
53 57
51 54
43 46
42 54
45 47
48 55
48 53
46 52
44 54
47 53
44 56
52 55
52 53
55 57
54 57
46 48
54 56
53 56
43 53
45 54
43 44
49 51
47 53
51 52
47 57
53 57
45 55
45 49
47 54
46 47
52 56
46 49
45 53
45 48
50 53
49 57
42 44
48 53
42 49
26 39
23 33
29 36
26 28
25 32
30 33
28 36
24 34
37 41
27 39
24 40
25 31
27 41
27 37
35 41
28 30
25 38
36 40
29 31
24 35
36 39
24 30
29 39
27 36
23 41
23 26
25 30
25 38
25 34
24 32
28 32
24 41
32 36
36 40
29 37
28 38
32 38
29 40
25 32
27 38
32 40
23 24
26 27
34 36
31 37
27 32
33 41
24 38
24 28
25 30
36 39
27 31
23 26
38 41
29 33
27 41
26 37
33 34
34 40
35 37
27 29
28 41
25 35
27 35
33 37
34 36
33 38
32 35
33 39
32 34
37 40
31 35
28 40
24 39
32 39
32 33
28 31
29 30
30 31
27 30
25 28
24 26
23 33
23 36
28 31
30 41
28 29
23 36
32 36
24 35
35 39
23 39
27 35
34 40
34 37
24 25
29 32
31 32
31 34
24 26
25 28
30 37
23 37
33 40
25 27
35 41
31 38
28 33
26 34
23 25
27 30
38 40
24 29
28 32
23 34
25 30
30 35
31 39
25 36
30 35
24 36
29 41
24 41
23 27
24 37
30 40
23 31
25 29
25 27
30 41
23 28
33 37
26 32
24 38
26 31
25 28
26 34
35 40
28 37
30 39
24 26
33 39
25 39
35 40
33 36
30 38
30 40
23 26
28 40
31 37
23 38
25 40
23 41
34 35
29 39
24 29
28 37
26 31
23 31
31 40
31 35
40 41
23 32
32 33
26 38
30 32
28 31
26 34
26 37
36 37
24 25
32 41
24 27
35 36
25 31
35 37
26 33
27 32
31 41
31 36
28 35
35 36
31 35
29 34
30 36
27 36
25 36
31 40
25 34
28 30
27 28
39 41
23 33
27 34
25 35
31 38
34 38
28 37
24 40
25 32
39 40
25 41
33 40
35 38
25 26
37 39
24 36
36 38
28 34
27 38
23 30
31 36
26 27
25 26
27 32
36 39
26 30
32 37
39 40
25 37
28 34
29 30
26 32
23 40
36 37
30 40
27 33
30 36
24 33
27 38
30 33
32 34
36 41
37 41
29 40
34 39
31 34
28 39
23 38
33 38
35 39
27 30
24 31
33 34
24 25
34 41
31 40
26 27
38 39
25 39
33 39
24 31
24 34
31 39
32 39
40 41
27 35
33 40
28 33
26 29
26 33
30 31
26 37
24 27
33 36
24 29
24 40
38 40
25 29
32 37
29 34
23 37
24 38
27 34
23 38
33 35
37 38
30 32
31 33
23 35
25 26
34 40
24 37
39 40
33 41
31 39
27 29
30 38
40 41
37 40
25 31
23 31
26 29
32 33
34 37
31 37
25 36
27 37
25 27
23 29
30 39
23 32
23 35
29 31
29 34
30 31
26 36
30 34
29 38
35 40
33 38
36 41
26 41
23 35
26 40
25 38
26 35
36 40
32 34
32 37
36 38
34 39
23 28
24 36
31 36
36 41
34 41
25 33
29 35
23 27
24 41
27 40
29 41
39 41
26 35
26 33
24 37
26 29
