500 250
914 1050
963 1093
1033 1094
1010 1100
904 1029
1070 928
1076 935
1007 1100
1079 938
1091 1042
901 988
1040 1092
993 1100
1035 1093
905 1031
908 1040
1096 971
964 1093
1091 1043
1052 914
951 913
900 992
921 1062
920 940
942 1082
1099 983
1050 914
1040 1091
938 1079
1047 912
1081 942
901 1016
900 1006
1083 1055
1100 1004
960 1092
1012 901
936 1076
900 998
934 1076
1083 943
1063 922
927 1069
1070 1071
1099 1011
947 1085
909 1041
1047 1089
1093 1037
910 1044
1048 1088
1078 1062
982 1098
1100 1003
1055 917
901 1015
987 901
978 1097
903 974
1092 960
901 985
1095 970
1084 1053
955 911
1100 1000
1096 1030
1070 929
1066 925
976 903
973 904
1064 923
934 924
1026 1097
934 1075
1097 975
1023 903
1082 1058
1073 932
913 951
961 1092
974 904
901 1017
937 922
982 902
1028 1096
1033 905
900 997
939 1079
900 1010
1098 982
1080 1061
1084 945
1045 910
905 968
1096 1028
1061 1080
969 1095
901 983
1087 950
902 1019
900 995
1074 933
901 1012
1055 1084
945 1084
901 1013
1008 900
928 1070
900 1002
970 904
1099 1010
1031 905
907 1038
1093 1038
946 916
1020 902
1024 903
935 924
1059 920
974 1096
1018 902
1042 909
1050 913
985 1099
991 1100
1092 961
975 1097
902 1018
1058 918
1019 902
915 947
1092 1040
1086 1050
1046 1089
1058 1081
910 1045
960 1091
1011 1099
938 921
1030 1096
1096 1027
903 978
953 911
1004 900
996 900
1093 1035
1089 955
962 1092
1097 1023
1048 912
1061 921
1099 985
1099 1013
1067 1074
920 939
957 1090
916 1055
913 1050
960 908
1012 1099
1014 901
998 1100
926 1067
937 1078
1100 994
1100 991
1035 1094
1042 1091
1040 908
1099 989
990 901
902 978
926 1068
906 966
961 908
986 1099
1047 1088
1100 1006
1052 1086
1034 906
902 1017
1097 974
939 921
1033 1095
1089 954
955 910
1056 917
915 1053
909 960
915 948
1093 963
1081 1058
1073 1068
957 909
997 900
1010 1099
926 933
947 916
1017 1098
1100 1009
1026 904
933 925
1029 1096
949 1086
1080 1060
1045 911
907 965
1083 945
900 1005
1050 1086
953 1089
1059 919
1038 908
916 946
1062 1079
1095 1030
972 1096
1099 1016
1005 900
905 967
1008 1100
1066 924
980 902
1072 930
935 1076
1026 1096
1054 1084
923 936
907 963
924 934
979 902
914 948
1086 948
1063 1077
911 953
1080 939
939 1080
1086 1052
1035 907
1060 1080
948 1085
921 938
1027 1096
1087 1049
903 1024
999 1100
990 900
1016 1099
1095 1031
1019 1098
950 1087
950 914
1068 1073
924 1066
928 931
941 920
900 991
995 900
938 922
902 1021
922 1063
906 1034
930 929
1021 1098
1062 921
942 1081
963 907
1026 903
1098 1022
1089 1047
1030 904
1080 940
1024 1097
902 1020
1055 1083
911 955
911 1045
1009 1100
929 1071
1085 1052
931 928
1093 962
903 1022
1015 901
1045 1089
926 932
1094 1035
909 959
1069 1072
925 933
901 1014
1059 1081
1090 956
904 974
978 902
1043 1091
937 923
1016 901
908 960
1100 1002
924 936
927 932
981 1098
1053 915
1083 944
1095 969
1028 904
1096 1026
933 1074
978 903
904 972
1066 1075
1030 905
1082 1057
912 953
921 939
915 1052
973 1096
916 1054
1093 1036
929 930
1055 916
1088 953
971 904
1063 1078
1075 934
1084 1054
930 1071
976 1097
934 925
1091 957
1099 986
906 965
932 1074
1043 910
1031 1095
967 1094
920 1060
1002 1100
1100 999
1084 946
901 1011
957 910
904 1030
980 1098
1050 1087
1077 937
913 952
1086 950
966 1094
971 1096
1096 972
901 989
1067 925
900 999
1053 1084
1001 900
945 917
1100 993
1100 1010
1071 1070
1079 1061
1091 960
925 1067
993 900
1089 1045
947 1084
958 909
970 1096
1073 931
965 1094
962 1093
965 906
945 916
953 912
1060 920
909 958
909 1040
1038 1092
1086 949
1001 1100
1032 905
905 1033
922 938
910 1043
1062 1078
922 937
942 918
910 956
913 1049
907 962
1011 901
916 945
948 914
1074 932
940 920
995 1100
1091 1041
932 926
1014 1099
1038 907
912 1047
1066 1076
919 1058
911 1047
1098 978
1077 936
903 977
900 1004
959 909
1094 965
967 905
907 1036
1090 1043
1041 1091
902 979
918 1057
1084 947
1034 1094
955 1089
913 1048
1074 1067
1091 1040
1025 903
957 1091
936 924
1087 951
987 1099
1064 1077
1046 911
1068 1074
905 1032
983 1098
1098 1018
907 1037
1004 1100
1036 1093
1084 1055
1039 1092
909 957
902 982
917 1055
1083 1056
1049 913
900 996
1085 947
912 1048
900 990
907 964
952 912
1044 1090
1068 927
911 954
1000 1100
1097 1026
1027 904
1098 1017
903 1023
1092 962
1086 1051
1095 1032
1091 958
1064 924
1048 1087
1007 900
1075 1067
986 901
1022 902
928 930
1064 1076
1094 967
901 984
1030 1095
1098 1021
923 937
937 1077
990 1100
900 1001
933 1075
1017 1099
1059 1080
924 1064
943 918
981 902
970 1095
900 1000
1079 939
983 902
1095 1033
948 915
1077 1063
1005 1100
925 1066
904 970
1057 1082
900 994
1081 941
966 906
917 1057
1067 1075
