400 1
10008 9951
9954 10020
10033 10037
10050 9998
10020 10046
9974 10043
9990 10049
10007 9951
10026 9958
9988 10049
10023 9955
10048 9988
9975 9957
9971 10041
9971 10040
10018 9953
10038 9967
9956 9977
10028 10041
10007 9950
9994 9950
10012 10049
10046 10021
10049 10011
10031 9960
9983 10047
10050 9997
9968 9962
9965 9964
10042 10028
10002 10050
9997 9950
10002 9950
9963 10034
9979 10046
10047 9984
9968 10038
9988 9952
10047 10018
10039 9969
10014 9952
10049 9993
9966 10036
9991 10049
10015 9952
10036 10035
10044 10025
9958 10027
9963 9967
10021 10046
10011 10049
10042 9973
10038 10033
9961 9969
9968 9961
10010 10049
10023 10044
10048 10015
10004 9950
10016 10047
10028 10042
10033 9963
9950 10006
10013 10048
9952 10013
9955 10023
9971 9960
9993 9951
9958 9974
9981 9954
9957 10026
10046 10020
10049 9991
9953 10016
9969 9961
9956 9976
10035 10035
10042 9974
9955 10021
10035 9964
10007 10049
10050 9994
10043 9974
10006 9950
9953 9984
10038 10032
9950 10007
10000 9950
10045 10021
10029 10041
10039 10031
9960 9969
10048 9986
9955 9977
9952 9986
10034 10037
9950 9998
10039 9968
9959 9971
9974 9958
10048 10012
10049 9989
10050 10001
10048 10016
9951 9992
10049 9992
10049 10008
10021 9955
10009 10049
9950 10004
9996 10050
9962 10032
10049 9988
9954 9979
10026 9957
9951 10011
9952 10016
9995 10050
9951 9989
9974 9957
9989 9951
10047 10017
10035 10036
9999 10050
10050 10004
9970 10040
9960 10029
9982 9953
9958 9973
9950 9994
9997 10050
9961 10031
9984 10047
9964 9965
10050 9999
9984 10048
9987 9952
10025 9956
10026 10043
9978 9955
10023 9956
9952 10015
9967 10038
10050 10005
10008 10049
9975 9956
9952 10012
9986 9952
9988 10048
9967 9963
10043 9975
9998 9950
10033 9962
10039 10032
9950 9999
9950 9995
9953 10017
9969 10039
9979 9955
10025 9957
9982 10047
9950 9993
10015 10048
10031 9961
10034 10036
9993 10049
10034 9964
9991 9951
9951 10007
10003 10050
9984 9952
10038 9968
10037 9967
10049 10007
10048 10014
9990 9951
10019 10046
9972 9958
9954 9982
10021 9954
10029 9959
9975 10044
10032 9962
9952 9987
10037 10034
9966 9963
9962 9968
10050 10007
10044 9976
10012 10048
10037 10033
10032 9961
10043 10025
9980 10046
9954 10019
10011 9951
10027 10042
9959 9972
9986 10048
9950 10001
10019 9954
10044 9975
9954 10018
10005 9950
9965 9965
9983 9953
9970 9960
9961 10032
9950 10002
9995 9950
9964 10035
9977 9956
10050 9993
10041 10028
9978 10045
9950 9997
10040 9969
9992 10049
10025 10044
10050 9995
10029 10040
9977 10044
9951 9993
10044 10024
9985 10048
10049 10009
10035 9965
10041 10029
9954 10021
10028 9958
9979 10045
9973 9958
10040 9970
10030 10040
10031 10040
9953 10018
10022 9955
10001 9950
9965 10035
9950 10000
9954 9981
10027 9958
10000 10050
9956 10023
9979 9954
10050 10000
10016 9952
10004 10050
10024 10044
9955 10022
10047 10016
10040 10030
9957 10025
9953 9983
10036 10034
10041 9971
9967 9962
10005 10050
10020 9954
10037 9966
10012 9951
9998 10050
9951 10009
9951 9990
10044 9977
10018 10047
9959 10028
9957 9974
10032 10038
9955 9978
9955 9979
9975 10043
9976 9956
9969 10040
9989 10049
9993 9950
9960 9971
9951 10010
10046 9981
9958 10028
9950 9996
9973 10042
9994 10050
10045 9978
9952 10014
10040 10031
10003 9950
10012 9952
10047 9983
10048 9984
10029 9960
10050 10006
10045 10023
9967 10037
10024 9956
9972 10042
9963 10033
9982 9954
10028 9959
9965 10036
10050 10002
10045 9979
10026 10042
10033 10038
9960 9970
9952 9984
10044 10023
9985 9952
9952 9985
10048 9987
9961 9968
9992 9951
10001 10050
10036 9965
10013 9952
9988 9951
10045 10022
10046 9980
10017 9953
9960 10030
10045 9977
9981 10046
9974 10042
10046 10019
9957 9975
9999 9950
9952 9988
9954 9980
10018 10046
9950 10003
10048 9985
10006 10050
9963 9966
10021 10045
9951 10012
10050 10003
9951 10008
9980 9954
10047 9982
9971 9959
9977 10045
9984 9953
10036 9966
10049 10010
10048 10013
9953 9982
9966 10037
9982 10046
9962 10033
10046 9979
9958 9972
9959 10029
9977 9955
9956 10024
9996 9950
10016 10048
10042 9972
10017 10047
9950 10005
10025 10043
10022 10045
10014 10048
9956 9975
10046 10018
10032 10039
10034 9963
9969 9960
10040 9971
10009 9951
9956 10025
10040 10029
9987 10048
10030 9960
10023 10045
10049 10012
10041 9972
9962 9967
10046 9982
9958 10026
9966 9964
10043 10026
9951 9988
10016 9953
9964 10034
10010 9951
9964 9966
10018 9954
9960 10031
10050 9996
9993 10050
9976 10044
10042 10027
9951 9991
10049 9990
9972 10041
10031 10039
10007 10050
10042 10026
9968 10039
9972 9959
