500 275
1049 1087
991 900
1060 920
1086 1051
913 1050
1091 1042
1069 928
918 1058
1021 902
1098 1017
1050 913
1086 949
990 901
900 992
1093 963
921 1061
1070 1072
902 1019
923 936
936 1076
1096 1030
990 1100
999 1100
1033 906
1070 928
968 1095
1099 1014
1027 904
965 1094
1098 1019
900 997
997 1100
903 974
1072 1069
910 1044
948 914
955 910
1011 901
918 942
1092 961
1095 1032
909 957
1045 911
1046 911
1099 989
1031 905
1017 1099
1010 900
1086 1052
927 932
901 988
1099 1016
1065 1076
1100 1003
1007 900
1037 907
1099 988
1093 1035
1095 968
934 925
1083 943
901 1013
1089 1045
1022 902
962 1092
1080 1060
903 1023
935 924
1092 1040
1082 1058
1086 950
1027 1096
1091 957
920 940
1098 983
1012 1099
955 911
947 916
914 1051
908 960
1055 917
921 938
1000 900
908 962
907 1037
1073 1068
990 900
941 1080
902 981
972 1096
937 923
1009 1100
1040 1092
1100 1002
931 927
902 978
902 979
927 1069
1028 904
963 907
966 1094
997 900
1013 901
998 1100
900 1001
1085 1052
1073 931
949 914
925 1067
1045 1089
1016 901
1017 902
1058 919
1056 917
1059 1081
976 1097
1095 970
1100 1004
1072 930
999 900
967 1094
995 1100
1071 929
983 1099
989 1099
907 963
986 901
902 983
1036 907
937 922
1085 947
983 902
996 900
1061 920
1100 994
1066 1075
1094 966
1048 1087
1067 925
1036 1093
1002 1100
939 920
1001 900
971 904
1043 1091
947 1084
900 1007
1100 995
1041 909
1093 962
1094 965
1026 1096
1009 900
913 950
1084 1054
910 1045
1098 1021
902 1017
1015 901
903 1022
1081 942
1098 1018
1084 945
913 1048
909 958
1026 903
1100 1005
907 1035
1051 1086
991 1100
900 990
915 948
915 1053
905 969
1097 975
959 1091
1080 941
1050 914
904 1027
1095 1031
913 1049
1066 1076
1099 1015
901 986
1081 1058
1079 938
1095 969
1015 1099
932 1074
903 976
904 971
1074 932
927 1068
920 1060
1006 1100
941 1081
994 900
958 1091
909 1041
933 925
968 905
931 928
1094 967
1014 1099
901 1017
1052 1086
1095 1033
953 1089
1029 1096
933 1075
939 1079
917 944
901 983
970 905
1087 1048
1089 953
1065 924
965 906
967 906
943 917
952 912
996 1100
1003 1100
1029 904
1068 1074
905 967
1005 900
1100 999
967 905
1059 919
901 1015
1003 900
1098 978
913 951
902 1021
1020 1098
976 903
1032 1095
1075 1067
1069 927
934 1076
941 919
1080 1061
954 911
1097 974
953 1088
903 978
1074 933
1086 948
1006 900
964 1093
977 1097
900 1009
1066 925
1099 986
920 1061
1044 910
912 953
1018 902
1099 1013
1046 1089
993 900
1014 901
1000 1100
1033 1095
956 910
1038 907
1072 931
1091 1041
1026 904
1073 1069
1047 912
934 924
938 1078
1040 909
1084 1055
924 1064
986 1099
1093 965
1064 1077
1099 1011
1063 1077
1053 1085
1030 905
940 1080
1091 1043
901 1010
1090 1045
1063 922
1071 1071
1054 916
932 1073
935 1076
900 1008
992 900
900 998
900 1004
1051 914
1044 1090
933 926
907 1038
1083 1056
914 948
901 985
1043 909
900 995
1057 1083
1083 1057
1077 937
994 1100
905 1031
955 1089
956 1090
1093 964
1012 901
1047 1089
1004 1100
917 943
952 1087
1028 1096
1092 1039
907 964
1022 1098
990 1099
960 908
915 947
1099 1012
1062 922
1022 903
1089 955
1090 957
960 909
945 917
1040 908
936 924
911 955
1092 1038
1085 1053
901 1014
1043 910
978 903
906 965
951 1087
930 1072
904 1030
904 970
919 1059
989 901
1096 974
911 1047
906 1034
1030 1095
919 941
1100 997
1048 1088
918 943
922 938
905 1032
974 904
1039 1092
928 1070
1054 1084
1078 1062
905 1030
1093 1037
1100 1001
987 1099
1022 1097
929 929
909 959
1087 951
1023 903
1070 929
1077 1064
975 1097
1087 950
933 1074
1040 1091
979 902
971 1096
1004 900
917 1056
938 921
1035 907
917 1057
974 1097
946 1084
936 923
1100 1008
1035 1093
1080 940
1079 1062
901 1011
900 1003
1094 1034
1073 932
916 1054
1093 1036
1034 906
962 907
909 1040
1094 1035
970 904
970 1096
1074 1068
1097 978
961 908
902 980
951 913
1039 908
1099 990
945 1084
1078 938
926 1067
928 931
1090 1043
903 1025
957 909
950 1087
1067 1074
1098 1022
1087 1049
1041 1091
967 1095
966 906
1076 1066
936 1077
922 937
1082 1057
1097 1023
962 1093
904 1028
934 1075
1074 1067
1058 918
950 914
1100 1000
981 1098
902 1018
981 902
1068 927
1067 926
1005 1100
931 1072
1097 977
1058 1081
946 916
1011 1099
916 945
904 974
924 936
1064 924
952 913
1078 937
916 946
963 1093
938 1079
1091 960
1062 1079
903 1026
1097 1026
1017 1098
1035 1094
1091 959
1042 909
943 1083
900 999
1099 1017
1100 993
916 947
969 1095
1097 976
1053 916
1035 906
906 967
926 932
953 911
988 1099
943 1082
908 1038
1088 953
952 1088
1063 1078
1076 1064
924 935
1010 1100
1088 952
1025 903
1030 1096
1083 1055
1091 1040
948 1086
902 1020
901 1012
983 901
1053 1084
1096 971
1096 1029
940 920
1077 936
