400 26
10050 10001
9950 9997
10003 9950
10050 9997
10048 9985
9960 9971
9976 9956
10032 10039
9986 10048
10022 10045
9959 10028
9950 9999
9964 9965
10036 10035
9977 9956
10050 10003
9950 9996
10050 10002
9965 10035
10049 10010
9984 10047
10040 10031
10025 10044
10045 10023
9971 9960
10023 10045
9958 10027
9982 9954
10020 9954
10034 9963
9959 9971
10015 10048
10013 10048
10023 9956
10038 9968
10038 10032
10012 9952
9982 10046
9963 10034
10010 10049
9958 9973
9960 9970
9961 10031
10031 10039
10028 10041
9956 10023
10042 10027
9974 9958
9958 9972
9999 10050
10017 9953
10040 9970
9951 10012
10047 9983
9993 9950
9956 10025
10007 9951
9955 9978
9961 9968
9951 9989
10011 9951
10047 10016
9992 9951
10021 9954
10027 10042
10039 9969
9965 10036
9962 10032
9979 10046
9986 9952
9950 10007
10049 10011
10050 9995
9961 10032
10034 10037
10012 9951
9989 10049
9954 9979
9951 9988
9967 10038
9982 9953
9950 10006
9990 10049
9981 9954
9950 9998
10019 10046
9975 9956
9995 9950
9955 9977
10035 10035
9967 10037
9951 10011
9964 10034
9952 10016
10047 10018
9952 9986
9985 9952
9959 10029
10049 9992
9990 9951
10016 10047
10005 10050
10045 10022
9955 10022
9954 10018
10000 9950
9978 10045
9988 9952
9954 10020
10032 9962
9962 9968
10026 10043
10042 9972
9950 9993
10007 10049
10049 9989
9991 9951
10029 9960
10042 10026
10042 9974
10046 9979
10031 10040
9953 10016
10016 9952
10046 10019
10012 10048
10038 9967
10001 10050
9954 9982
9952 9987
10049 9993
10046 9982
10036 9965
9969 9961
9998 9950
10036 10034
9999 9950
9989 9951
9952 10013
10045 9978
10020 10046
9953 10018
10050 10007
9980 9954
10046 9981
10009 10049
9965 9964
10041 10029
9972 9958
9950 10002
10043 10025
9969 9960
10049 9990
10035 9964
9952 10015
9983 10047
10029 10041
10031 9961
10043 9975
9968 9961
9960 10031
9953 10017
9968 10038
10046 10020
10050 9994
9963 9966
9951 9992
10048 10012
10032 9961
10018 9953
9993 9951
10035 9965
10048 9988
10044 9977
9974 10042
9971 10041
9956 9975
10041 10028
10014 9952
10050 9993
10043 10026
9977 9955
9983 9953
9960 10030
10012 10049
9976 10044
9963 9967
10025 9957
10029 9959
10029 10040
9950 9994
10003 10050
10035 10036
9964 10035
10007 9950
10009 9951
9958 10028
10033 9963
10038 10033
9950 10001
10019 9954
9957 9975
9954 10021
10026 10042
9966 9963
9950 9995
10041 9972
10044 9976
9951 10008
10031 9960
10049 10008
9951 10009
10045 9979
9970 9960
9950 10004
10050 9996
9987 10048
9957 10025
10030 9960
10049 9988
9954 9981
10000 10050
10046 9980
10044 10024
9985 10048
9950 10003
9971 10040
10048 10016
9953 9983
10049 9991
9954 10019
10024 10044
10004 10050
9968 9962
10044 9975
10016 10048
9984 9952
10021 10046
9975 10043
9997 9950
9952 10014
10033 10038
9951 10010
9953 9984
10037 10034
10022 9955
9988 9951
9962 9967
9974 10043
9972 9959
10021 10045
9961 9969
9957 10026
10047 9982
9994 9950
10017 10047
9974 9957
9966 9964
9963 10033
10018 10047
10037 9967
9992 10049
10005 9950
9960 10029
10049 10007
9969 10040
10040 10029
9952 10012
9994 10050
9951 9993
10018 9954
9957 9974
10040 10030
9977 10044
10037 9966
9956 9976
9952 9984
10033 9962
9979 9955
9962 10033
9998 10050
10006 9950
10044 10025
10042 10028
10037 10033
10050 10000
10030 10040
10048 10015
9996 10050
10050 10006
10002 9950
10047 9984
10050 9999
9993 10050
9955 9979
9971 9959
9960 9969
9973 9958
10034 9964
10039 10031
9950 10000
10049 10009
10050 10005
9984 10048
10021 9955
10045 10021
10048 9987
10004 9950
9996 9950
9956 10024
9975 9957
9987 9952
10025 10043
10033 10037
10040 9971
10025 9956
10016 9953
10039 9968
10002 10050
10008 9951
9988 10049
9955 10021
9970 10040
10028 9959
10026 9958
10050 10004
9977 10045
10046 10018
10048 9984
10014 10048
10034 10036
10028 10042
9966 10036
10050 9998
10024 9956
10048 9986
10001 9950
10047 10017
10027 9958
9967 9962
10048 10013
9950 10005
10011 10049
9958 10026
9978 9955
9967 9963
10007 10050
9959 9972
10023 10044
9954 9980
9979 9954
10010 9951
9988 10048
10006 10050
9997 10050
9995 10050
10015 9952
9966 10037
10042 9973
9969 10039
9980 10046
10045 9977
9975 10044
10041 9971
10026 9957
10046 10021
9972 10041
9951 9990
10032 10038
10028 9958
9982 10047
10023 9955
10044 10023
10036 9966
9952 9988
9981 10046
9953 9982
9973 10042
10040 9969
10018 10046
9965 9965
10039 10032
9952 9985
9991 10049
9951 10007
9972 10042
10013 9952
9968 10039
9984 9953
9958 9974
10049 10012
9955 10023
9979 10045
9951 9991
9993 10049
10043 9974
9964 9966
10008 10049
9956 9977
10048 10014
