500 300
1043 1090
961 1092
1074 1068
901 1011
1002 1100
1034 1094
1068 1073
1050 914
920 1059
1007 900
984 1099
1070 1071
907 963
948 914
947 1084
1096 1030
1099 988
1016 1099
968 1095
921 939
938 921
1098 1020
1098 983
1076 935
1025 1097
918 1058
900 991
900 1010
978 1097
1030 1096
937 1078
936 1076
901 990
957 910
904 974
905 968
1017 1098
1091 958
1042 909
1091 960
916 1055
1022 903
936 923
1099 983
919 942
1035 1093
1086 950
903 977
920 939
1059 920
1014 901
1020 1098
1073 1069
1022 1097
1096 974
1055 1083
1086 949
1008 1100
957 909
1094 965
1099 1011
918 942
904 1027
1010 1099
901 1013
970 905
1061 1079
1093 1036
1098 978
980 1098
1020 902
1003 1100
1015 1099
1077 937
933 1074
1092 961
1082 1058
1025 903
947 1085
989 1099
943 1082
1100 1004
1072 1070
937 922
961 908
1038 907
923 937
913 952
974 1096
973 1096
944 917
1096 973
1063 922
947 915
1079 939
924 936
963 907
1038 908
1068 1074
1069 927
1078 938
912 952
927 932
1093 965
1017 902
1001 1100
1078 1063
1092 960
950 914
907 1038
1097 974
903 1025
900 996
969 1095
930 929
1089 955
1099 987
1000 900
909 1042
915 948
1097 978
1026 904
920 941
901 983
1096 1028
903 974
939 1080
970 1095
978 902
902 981
903 1023
910 1043
1073 931
931 1072
1037 907
1071 1070
996 1100
1099 984
1053 915
1092 1040
991 1100
1038 1093
1009 900
1088 1048
945 917
917 1056
1100 1000
908 962
1012 1099
1070 1072
1093 963
1084 1053
1047 912
1065 1076
976 1097
906 967
903 976
1090 956
955 910
1100 998
1058 1082
936 924
924 1066
964 1093
916 946
933 1075
1098 1019
986 1099
1005 900
962 907
1010 900
976 903
1097 1024
907 1036
1040 1092
1080 939
1052 1086
912 1047
1084 946
925 934
957 1091
1097 1023
1092 962
906 1035
1000 1100
1035 1094
904 1030
1017 901
1088 1047
1073 1068
1034 906
1043 909
1062 1079
1099 989
934 924
1098 980
1081 941
979 1098
932 926
999 1100
934 925
1072 931
928 1070
949 1086
1100 1002
987 1099
1098 1021
962 1093
1095 1030
1007 1100
907 1035
1090 1043
959 1091
1067 925
1010 901
932 1073
952 1088
967 1094
931 928
1045 1090
1090 1044
1018 902
1030 904
966 1094
1004 900
986 901
1024 903
1073 932
1091 959
900 990
1067 926
909 960
1100 1005
929 930
1077 1064
1099 1014
1026 1096
954 1089
1053 1084
902 1019
1080 941
1066 925
1081 1058
1085 947
1052 915
1096 970
916 947
1083 943
1080 1060
918 943
902 1017
1008 900
959 909
1098 982
1086 1052
964 907
910 1045
1100 1007
1087 1050
1050 1087
966 906
923 1064
1062 1078
905 967
974 903
902 978
902 1022
973 904
1100 997
955 1089
1098 1022
955 1090
1056 1083
1060 920
900 1004
928 931
902 1021
1045 911
1094 1033
962 908
1087 1048
977 1097
1048 1087
1069 1073
983 1098
975 1097
997 1100
912 1048
1041 909
1030 905
911 954
946 916
913 951
935 1076
938 922
1067 1075
1097 975
1068 927
1094 1035
905 970
1091 1041
902 1018
1092 1038
1048 1088
983 1099
1074 933
941 919
1057 917
1084 947
1100 991
1085 948
931 1073
954 911
978 1098
1009 1100
940 1080
913 1049
908 960
950 1087
1017 1099
900 993
900 994
967 1095
909 957
1058 1081
913 1048
1021 902
1053 1085
1050 1086
939 1079
1096 1026
983 901
953 912
903 975
1098 981
951 913
960 908
908 961
900 1008
901 984
903 1026
1052 1085
957 1090
1099 1017
914 949
1024 1097
1055 917
1018 1098
1080 1059
1089 1046
1065 924
1078 1062
1083 945
1039 908
1006 1100
900 995
1093 964
1010 1100
914 1052
1096 1029
941 920
902 983
958 909
909 958
956 910
934 1075
903 1024
1096 971
923 936
960 1091
935 924
963 1093
949 914
917 1055
1091 1042
958 1091
908 1039
1100 995
1023 1097
916 1054
901 1017
1063 923
950 1086
1100 999
1045 1089
1012 901
994 1100
919 941
1029 1096
1035 907
930 928
943 1083
1036 907
910 956
1100 994
910 955
928 1069
915 1053
907 964
1090 955
1087 952
993 900
1056 917
1100 1003
930 1072
1093 1035
989 901
1059 1080
1011 901
1066 1076
1076 1065
1100 1006
904 970
992 900
906 965
918 1057
982 1098
928 930
938 1078
942 919
944 1083
1100 992
1099 1012
971 1096
924 1064
1039 1092
1089 1047
1082 942
1097 976
914 948
977 903
909 1041
1078 937
1029 904
955 911
1032 1095
908 1040
937 1077
900 1005
1033 1094
936 1077
978 903
1019 1098
991 900
911 955
1089 1045
1033 906
1076 934
1075 933
905 1032
969 905
1011 1099
1091 1040
1086 948
1070 929
993 1100
1048 912
1054 1084
923 1063
1064 1076
1099 1010
1097 1026
1072 1069
1058 918
1051 1086
1037 1093
1047 1088
1100 1008
905 1033
1003 900
901 1010
920 1060
914 1051
1075 1066
1087 951
971 904
1066 1075
902 982
917 1057
996 900
1035 906
933 926
925 1067
1085 1052
934 1076
1064 924
922 1062
919 1058
952 913
1071 1071
913 1050
1049 1087
972 904
1093 1038
965 906
990 901
904 972
1015 901
1019 902
1060 1080
