400 51
10031 9961
9950 9995
10048 9988
10040 10029
10015 10048
9969 10040
10050 10001
9996 10050
9956 10023
10001 9950
10025 10044
10048 10012
9992 9951
9979 10045
10029 10040
9961 9968
9983 9953
10035 10035
9999 10050
9952 10015
10041 9972
9982 10046
10020 10046
9976 9956
10034 9964
10028 10041
9960 9971
9954 9982
10040 9970
9951 10011
9953 9984
9957 9975
10045 10022
9974 9958
9989 9951
9952 9986
9965 9964
10004 10050
9955 10022
10050 9996
9955 10023
10006 10050
10020 9954
9979 10046
9952 10016
9968 10039
10036 9966
9952 9985
10034 10037
9964 10035
10044 9975
9969 10039
10037 10034
10043 10026
9966 10036
10049 10009
10033 10037
9964 9965
9954 9980
10007 10050
9956 9975
10038 10032
9967 10038
10044 9976
10029 10041
9952 10013
10031 9960
10048 10013
9993 9951
10040 9969
10046 10021
9961 10032
10048 10015
10000 9950
9978 10045
9951 10009
9971 9959
10050 9994
9977 10044
9973 10042
9975 9957
10026 10042
9951 9991
9960 10030
10035 9965
9953 10016
10042 10026
10008 9951
10038 9968
9998 9950
10042 9974
9956 9977
10039 9968
10034 9963
10019 10046
10044 10025
9974 10043
9986 10048
10001 10050
9951 9990
10050 9999
9983 10047
9964 9966
9952 9984
10013 9952
10002 10050
9979 9954
10039 10032
9953 10018
9977 10045
10024 10044
10045 10023
10012 10048
9997 10050
9957 9974
10002 9950
9987 9952
9961 9969
10018 10047
10044 10024
10049 9990
9963 9966
9969 9960
9963 10034
10015 9952
9973 9958
10050 10007
9962 10033
9959 10029
10048 9986
9950 9994
9963 9967
10048 9984
9952 10014
9988 9952
10033 9962
10011 10049
10032 9962
9985 10048
9956 10024
10041 10029
9951 9993
9951 10007
10021 9954
10022 10045
10012 9951
10042 10028
9991 9951
9980 10046
9975 9956
9957 10025
9950 10001
9984 10047
9992 10049
10016 9952
10049 10012
9950 10002
9987 10048
9950 10006
9952 9988
10005 10050
10047 9983
10025 10043
9951 10008
10049 10008
10019 9954
10027 10042
10031 10040
10016 10048
9954 9979
9952 9987
10046 10018
9958 10027
10023 10044
10048 9985
10042 9972
10041 9971
10023 9955
9980 9954
10042 9973
10018 10046
9967 9963
10041 10028
9958 9972
9982 9953
10037 10033
10032 10038
10050 10006
10050 10003
10028 9958
9967 10037
10029 9959
10003 10050
10021 10046
9951 9992
10038 9967
10025 9957
9975 10044
10010 9951
9971 10041
10038 10033
9971 10040
9988 10048
10030 10040
9953 9982
9995 9950
9998 10050
9951 9988
9950 10004
9977 9955
9993 9950
9986 9952
10043 10025
10049 9988
9972 10042
10037 9967
9993 10050
10023 9956
10026 9958
10008 10049
10049 10010
9981 9954
9972 9958
9955 9977
9997 9950
9950 10005
10036 9965
10039 9969
9950 10000
10003 9950
9990 9951
9982 10047
9960 9970
9959 9971
10049 9989
10047 10018
10049 10007
10005 9950
10012 9952
9955 10021
10050 10000
9965 9965
10017 10047
10010 10049
9966 9964
9960 10031
9982 9954
9994 9950
9999 9950
9965 10035
10025 9956
9985 9952
10049 9992
9993 10049
9954 10020
9955 9978
10024 9956
10014 9952
9984 9953
10033 10038
9954 10021
10036 10035
10046 9980
9969 9961
10026 9957
10050 9997
10004 9950
10030 9960
9984 9952
10007 9951
10017 9953
9950 9993
10040 10030
10047 10016
10022 9955
10007 9950
9961 10031
9950 10003
10040 9971
9962 10032
10007 10049
10006 9950
10034 10036
9971 9960
10009 9951
9956 9976
10045 9979
10018 9954
10044 9977
9950 9999
9959 10028
9951 9989
9988 9951
10021 10045
10045 9977
9966 10037
9958 9973
10048 10014
9991 10049
10036 10034
10039 10031
9972 10041
9951 10010
10037 9966
9996 9950
10050 10005
10032 9961
10045 9978
10050 9998
10014 10048
10031 10039
10048 9987
9965 10036
10026 10043
10000 10050
9990 10049
10050 9995
9984 10048
9974 9957
10029 9960
9970 10040
9960 10029
9976 10044
10035 10036
10021 9955
10028 10042
9950 9997
10028 9959
10033 9963
9951 10012
9970 9960
9988 10049
10049 9993
9974 10042
9995 10050
10043 9975
10016 9953
10048 10016
9950 9996
10049 10011
9950 10007
10047 9984
9960 9969
10032 10039
9952 10012
9958 10028
10044 10023
10040 10031
9959 9972
10046 10020
9981 10046
9968 10038
10027 9958
10011 9951
9962 9967
10046 9982
9979 9955
10035 9964
9975 10043
9968 9961
9954 10019
10050 10002
9953 9983
9968 9962
10023 10045
9956 10025
10047 10017
9966 9963
10046 9979
10046 9981
9958 9974
10047 9982
9978 9955
9955 9979
9967 9962
9977 9956
9953 10017
10012 10049
9994 10050
9954 10018
9972 9959
10042 10027
9950 9998
10018 9953
10009 10049
9957 10026
9954 9981
10050 9993
10046 10019
9962 9968
10013 10048
10049 9991
9964 10034
10043 9974
10016 10047
9958 10026
10050 10004
9963 10033
10045 10021
9989 10049
