500 325
1083 945
1093 1036
930 1072
1045 911
958 909
1092 961
965 1094
1093 1035
1032 905
902 981
1094 1035
902 982
983 1098
1074 932
978 903
1048 912
1059 1080
911 1046
982 902
1072 931
1050 1086
955 1089
1052 1086
1024 903
1093 1037
1011 901
908 961
1077 1063
1091 1043
965 906
1020 902
920 940
1064 924
964 907
900 995
913 950
1055 1084
904 974
1039 1092
991 1100
1100 1004
1053 1085
933 1074
1087 951
985 1099
909 959
914 1050
1036 907
1041 909
1030 1096
948 914
1017 901
1099 1016
1054 916
1095 1031
1055 916
1014 901
920 939
906 967
953 1089
900 1002
1058 918
974 903
1062 1078
1080 940
951 913
1070 929
980 902
1043 1090
928 1069
929 929
983 1099
1056 917
900 1001
1029 1096
917 943
1057 1082
1100 1002
907 1037
962 1093
1084 1055
903 1025
1080 1061
1080 941
952 1088
1023 903
965 907
1092 1038
1083 1057
1004 900
1098 980
974 904
901 990
1022 1098
1067 1074
983 902
923 1064
1075 933
928 1070
967 906
979 1098
927 931
1022 903
1100 992
1033 1094
957 910
1097 1026
908 1040
900 991
1007 900
969 1095
900 990
1048 913
1077 1064
944 917
902 1018
925 1066
1014 1099
1066 1075
1087 950
913 951
996 900
1026 904
917 1055
1073 931
901 1012
918 1058
1059 919
926 1067
1099 1013
910 957
901 1017
1008 900
921 1062
1086 950
1100 1001
943 917
1050 1087
960 1092
913 1049
965 1093
943 918
1074 1067
1055 1083
1066 924
1095 967
1021 902
1072 1070
939 921
995 900
903 976
988 1099
916 1055
971 1096
914 1052
961 1092
1038 1093
1062 921
900 1009
903 1026
1098 1017
901 989
1051 914
1066 925
902 978
1076 934
901 1010
1021 1098
1100 998
1079 939
900 1000
941 1080
912 952
998 900
953 912
1050 914
931 1073
938 922
907 1036
902 980
1097 1022
917 1056
1090 957
1100 1007
903 1024
1071 929
998 1100
997 900
1047 1089
907 965
905 1033
973 904
939 1079
1055 917
968 1095
906 1035
1009 1100
1049 913
1081 941
1085 1053
1047 912
1039 908
911 954
904 1027
1097 1025
1047 1088
992 900
903 1022
987 1099
905 1032
905 1031
1037 907
922 937
1100 1000
928 931
973 1096
1078 1062
1027 904
934 1076
904 1028
910 1043
1043 1091
909 1042
1061 1079
1056 1083
938 1078
1045 910
942 1081
1053 916
980 1098
1095 970
910 956
1070 928
1096 1027
1029 904
1100 1009
1068 927
904 972
945 917
1058 1081
920 941
902 979
915 1053
1098 981
918 1057
1034 906
931 928
901 985
1090 1043
902 1019
1078 1063
983 901
931 927
1012 1099
1081 942
900 999
979 902
900 1005
1094 967
1053 915
923 937
909 958
1019 1098
1044 910
907 963
930 929
1010 1100
1076 1064
1034 1094
1013 901
955 911
916 1054
908 960
919 1059
903 978
1035 1093
978 902
1099 1012
1057 1083
1091 959
992 1100
906 965
1028 1096
954 911
1096 970
932 1074
948 915
927 932
1100 995
1030 1095
946 1084
1100 999
1008 1100
1089 1045
1096 1030
970 1095
1091 960
993 1100
903 977
933 1075
954 1089
1088 953
969 905
1092 1039
1045 1090
937 922
1099 1017
945 1084
1040 908
1082 1058
967 905
1040 909
1005 900
900 993
903 975
914 949
1042 1091
1082 1057
1000 1100
1099 989
957 1090
989 901
1025 1097
1099 985
1030 904
1038 1092
901 983
950 1086
1091 957
1001 900
943 1082
1099 1015
1033 906
994 900
1092 962
1057 918
947 1085
1016 1099
1082 943
1100 994
1095 969
1063 1077
1026 903
1022 1097
920 1061
1003 900
1087 1050
963 907
1026 1097
970 905
952 1087
935 1076
985 901
1095 968
1067 925
971 904
995 1100
1098 982
1086 1051
1097 977
990 1100
948 1086
908 962
913 1048
1017 1099
1093 962
1033 905
961 908
933 926
957 909
1094 1034
1090 1044
902 983
960 908
1086 948
910 1044
914 948
919 942
1098 1019
1066 1076
917 1057
912 1047
963 1093
1064 1076
904 1026
959 1091
909 1040
951 1087
1026 1096
906 1034
947 916
945 916
1047 911
981 902
941 1081
901 1015
952 912
1079 1062
1064 1077
1095 1032
1010 1099
1098 983
926 1068
925 1067
1068 1074
1100 1005
1010 901
924 935
1097 1023
967 1094
901 1011
1095 1033
1086 1050
989 1099
1089 955
975 903
924 934
958 1091
1098 978
1025 903
1067 1075
1076 935
1097 974
930 928
909 1043
957 1091
1081 1058
1052 1085
906 1033
902 1020
941 920
956 910
934 1075
917 944
1032 1095
901 1013
1100 1003
1045 1089
1100 991
904 1030
1098 979
1096 1029
1078 937
1005 1100
1038 908
1031 905
901 1016
1092 1040
1058 919
1091 1042
953 911
1065 1076
1060 920
1090 956
1041 1091
924 1064
926 933
905 968
1099 1010
1015 1099
1094 1033
1050 913
990 901
1077 937
990 900
1088 1047
1077 936
1085 948
901 987
1001 1100
902 1022
923 936
1017 902
997 1100
1018 1098
1069 928
921 938
935 924
1011 1099
1017 1098
1097 975
932 926
1033 1095
916 945
942 918
915 948
1073 1069
1094 966
936 1077
949 914
926 932
1067 926
916 946
950 914
1037 1093
1084 945
1082 942
1095 1030
934 924
936 924
