400 76
9956 10024
10037 9966
9993 10050
10050 9997
9970 9960
9959 9972
9988 10049
10029 10041
10026 10042
9971 9959
10048 9984
10000 10050
9967 9962
9962 10033
10012 10049
10042 9972
9950 9994
9955 10022
9982 9954
9952 9987
10047 10017
10038 9968
10015 10048
9976 10044
10047 10016
9999 9950
10012 9952
10018 9953
10018 9954
9951 9993
9990 10049
9972 10042
10009 9951
9974 9958
9951 10010
10003 9950
9950 10002
9994 9950
9953 10016
10033 9962
10033 10037
10007 9950
10049 10012
9951 10008
9995 9950
9963 9967
10049 10007
9965 10036
9973 10042
10005 9950
9990 9951
10046 10021
9997 9950
10045 10023
9959 10029
9993 9950
10048 9988
10006 10050
10047 9982
9982 9953
9975 10044
10031 9961
10049 9988
9979 10046
10004 9950
9958 10028
10036 10034
9967 9963
10025 9957
9989 10049
9952 10015
9955 10023
9968 10039
10000 9950
10013 9952
9986 9952
10036 9965
10046 10019
10050 10000
9952 10016
10005 10050
9999 10050
10041 10028
10022 9955
9967 10038
10046 10018
9950 10005
9963 10034
10032 10039
9962 10032
10050 10006
10041 9972
10026 9957
9978 9955
10050 9998
10042 10028
9951 10012
9989 9951
10048 9986
10019 10046
10008 10049
10030 10040
10048 9985
9951 9990
10024 9956
10042 10027
10014 9952
9980 9954
10050 9999
9962 9967
10034 9964
9952 9988
10003 10050
10050 10002
9961 10032
9972 10041
10033 10038
9952 10013
10023 9955
9998 9950
9973 9958
10040 10031
9969 10040
9953 9982
9953 9983
10031 10039
9956 9975
10021 10045
10047 10018
10013 10048
9958 10026
10025 10044
9963 10033
10025 10043
9954 10020
10032 9961
9950 9998
10018 10046
9966 10036
10025 9956
9968 9961
10021 9955
10007 10049
9968 10038
9968 9962
10016 9952
10001 9950
10045 9979
9985 10048
10050 10005
9985 9952
9961 10031
9997 10050
10028 9958
9957 9974
9972 9959
9959 10028
10048 10012
9954 9982
10023 10044
9956 9977
10048 10014
10001 10050
9975 9956
10016 9953
10002 10050
9950 9999
9974 9957
9963 9966
10019 9954
10050 9996
10045 10021
10037 10034
9955 9979
10011 9951
9958 9973
9960 10029
9964 10034
10030 9960
9952 9984
9951 10007
10042 9973
10046 10020
10044 9977
9960 9970
10028 10042
9996 9950
10045 9977
10029 9960
10033 9963
10041 10029
9951 10011
10039 10031
10020 9954
10010 10049
9950 9997
9976 9956
10017 9953
10046 9982
9955 10021
9981 9954
10028 9959
9955 9978
9971 10040
9984 10048
9951 10009
10048 10013
9975 9957
9969 9960
9954 9981
10049 9990
10020 10046
10037 10033
9951 9992
9981 10046
10043 9974
10049 10010
10040 9971
9972 9958
10046 9979
9969 9961
10043 10025
9952 9986
9950 10007
9977 10045
10034 10037
10044 10025
9950 10000
9959 9971
10049 9993
9984 9952
9996 10050
10040 9970
9993 9951
9979 9955
9984 9953
10050 10007
10007 9951
9983 9953
9991 10049
9956 10023
10040 9969
10043 10026
10032 10038
10026 9958
10042 9974
10047 9984
9964 9966
9964 9965
10027 9958
10047 9983
10038 10032
9953 10018
10050 9995
9951 9988
10044 10023
10014 10048
10050 10001
9966 10037
9978 10045
9956 10025
10012 10048
9980 10046
9965 9964
9992 10049
9965 9965
10043 9975
10032 9962
9965 10035
10015 9952
9960 9971
10008 9951
9982 10047
10026 10043
9974 10043
9951 9991
9950 10003
10037 9967
10021 10046
9950 9996
9954 10019
9953 9984
10050 9993
10017 10047
9986 10048
9970 10040
9958 9974
9983 10047
10031 9960
10044 9976
10049 10008
9960 10031
10036 9966
10018 10047
9954 10018
9954 9980
9998 10050
9969 10039
10034 10036
9988 9951
10035 9965
10040 10029
9971 10041
9967 10037
10038 9967
10010 9951
10031 10040
9977 10044
10042 10026
10040 10030
9950 9993
9950 10004
9988 9952
10004 10050
10048 9987
10029 9959
9987 9952
10011 10049
9957 9975
10046 9981
9951 9989
9982 10046
9975 10043
10021 9954
10045 10022
10024 10044
10006 9950
9993 10049
9954 9979
10046 9980
10035 10036
10016 10047
10022 10045
9962 9968
10045 9978
10044 9975
10035 10035
10050 10004
10039 9968
9952 9985
9954 10021
10049 10011
10050 9994
10048 10016
9960 9969
9974 10042
10044 10024
9958 10027
10036 10035
9953 10017
9977 9955
9950 10001
10039 9969
9964 10035
9952 10014
9995 10050
9979 9954
9987 10048
10038 10033
10023 9956
9956 9976
10027 10042
10049 9989
9957 10025
10048 10015
9966 9964
9950 10006
10049 9992
10039 10032
9991 9951
10016 10048
9988 10048
10012 9951
9979 10045
9957 10026
10009 10049
9994 10050
10028 10041
9992 9951
9961 9968
9958 9972
10050 10003
10049 9991
9960 10030
10041 9971
10023 10045
9950 9995
9966 9963
10029 10040
9971 9960
10007 10050
9955 9977
9952 10012
9977 9956
10034 9963
9984 10047
10002 9950
10035 9964
10049 10009
9961 9969
