500 350
1100 1009
900 1009
918 943
965 906
1099 1012
1064 923
917 945
1049 913
975 903
983 901
1071 1071
919 1059
1093 1036
1057 1083
901 989
900 993
1070 1072
919 1058
913 1050
909 1040
1080 1061
1094 1033
1078 1063
1045 1089
1030 1095
1030 904
913 1048
1005 1100
1091 959
983 1098
1066 925
940 920
1078 938
1003 1100
1045 1090
945 1083
1093 1037
1059 920
921 1062
1029 904
1096 971
1038 907
1096 972
1088 1047
1097 977
1000 1100
1015 1099
1098 980
918 1057
1040 909
927 1068
910 956
995 1100
1084 1053
1048 913
1051 1086
942 919
1092 960
1068 926
1035 1093
1055 916
1093 1035
1080 1060
997 1100
1030 1096
1096 1027
907 962
959 1091
920 1059
1089 953
994 900
903 1022
1084 947
912 1048
1059 1081
1022 902
967 1095
1037 1093
948 1085
1089 1046
904 971
1087 951
1024 903
1079 1061
1019 902
900 1010
901 986
939 921
1086 1051
903 1025
1043 1090
1074 1067
1097 1026
1095 1033
955 910
965 1094
1037 907
941 1081
1099 987
970 1096
1036 1093
906 966
1086 949
905 968
1083 943
1100 995
930 928
1070 1071
1054 916
906 965
1098 1020
1002 1100
1043 910
1068 1073
1041 1091
1092 1039
1100 1008
1098 979
1065 924
913 952
955 1089
1096 970
900 1003
1013 1099
1097 978
911 1047
908 1038
917 1057
1030 905
902 1020
950 913
1054 1084
1031 905
1083 1057
1096 973
904 1027
987 1099
1090 955
1082 943
1059 919
965 1093
1100 994
1055 917
1100 1007
1010 901
920 939
920 941
1076 934
906 1035
900 992
923 937
902 982
960 1092
1065 1076
974 903
1034 906
1024 1097
904 972
986 901
1091 1040
1018 1098
963 907
924 1066
1047 912
1018 902
1013 901
905 1032
978 1098
942 1081
1071 929
944 917
1098 1021
964 1093
979 902
916 1053
962 907
1084 1055
902 980
999 900
922 938
1099 989
1022 1097
1086 1052
1087 950
1083 944
950 914
1100 1010
1076 1064
935 924
1090 1044
1099 985
914 949
1084 946
909 1043
1019 1098
981 902
934 1076
900 997
924 1065
993 900
1040 1091
1017 1098
1042 909
1094 967
936 924
985 901
900 994
1011 901
936 1076
1100 991
1064 1076
1068 1074
960 909
973 904
1007 1100
910 1044
960 908
1064 1077
912 1047
1084 945
979 1098
1043 1091
1061 921
901 988
943 917
955 1090
1098 978
1080 939
1067 1075
1096 1026
921 939
1100 999
1067 926
925 933
1004 900
1004 1100
984 1099
1049 1087
1081 1059
1084 1054
1089 954
1096 1028
1073 1069
930 1071
1086 1050
970 905
1085 948
1097 975
957 1090
932 1073
941 920
1091 957
907 964
1069 1073
1006 900
1075 1066
911 955
1017 901
930 1072
1009 1100
1098 982
1020 1098
1089 1047
1052 1085
953 911
1099 1016
1100 1001
1036 907
1093 962
1079 939
1087 1048
908 1040
1032 1095
1058 1082
978 902
1098 981
957 1091
1083 1055
1026 903
1086 948
1068 927
957 910
909 958
1071 930
1078 1062
1100 1006
933 925
983 902
1034 1094
977 1097
903 976
901 990
916 1054
996 900
1055 1084
1100 1002
901 1011
966 906
900 1008
1098 1017
1069 928
962 1092
960 1091
1002 900
976 903
937 923
977 903
937 922
924 936
1063 922
903 1023
1009 900
934 925
902 1018
904 974
989 901
1053 1084
902 978
1088 953
925 1067
1091 1042
903 1026
1093 965
913 951
942 1082
1058 1081
933 1075
901 983
915 1052
1058 918
904 970
1095 970
1082 1057
958 909
991 900
1057 1082
1048 1087
901 987
981 1098
954 911
969 1095
901 1010
951 1087
990 901
974 904
1099 983
978 1097
1039 1092
1099 1017
914 948
932 927
1033 1095
1082 1058
1050 1086
1090 957
932 1074
939 1080
955 911
954 1089
907 965
917 1056
1087 1050
962 1093
1096 974
914 1050
1100 1000
1066 1076
1094 1035
1033 905
1060 920
900 1000
905 970
978 903
966 1094
901 1015
917 943
914 950
956 910
946 916
911 953
1099 990
1074 933
993 1100
964 907
970 1095
1057 918
900 1005
1095 1032
1097 1023
1077 936
967 906
1094 966
1063 1077
1051 914
924 935
1100 1005
1093 963
907 963
1026 1096
904 1029
910 955
968 905
1100 996
908 962
994 1100
1029 1096
900 1001
948 915
1062 922
1003 900
945 1084
976 1097
972 904
924 1064
926 933
923 1064
944 1083
986 1099
1056 917
931 928
1072 1070
1099 988
1056 1083
1045 910
929 1071
1053 1085
1022 903
901 984
1061 920
970 904
1077 937
934 924
902 1021
980 902
980 1098
910 1043
908 960
928 931
949 914
1025 1097
1014 1099
927 931
941 1080
1089 955
1026 904
905 1031
1021 1098
1035 906
1099 1010
939 1079
938 1079
915 948
922 1062
900 996
1031 1095
1091 960
902 981
908 961
920 940
1085 1053
985 1099
967 905
913 1049
1100 1003
1008 900
956 1090
1081 942
1006 1100
1099 1014
1058 919
1070 928
905 1030
909 1041
1028 1096
992 1100
953 1089
959 909
1046 1089
1100 998
1069 927
900 998
1076 1065
996 1100
1096 1029
1008 1100
1033 906
937 1077
910 957
948 1086
983 1099
928 1069
903 975
961 908
1053 916
910 1045
1010 1099
1089 1045
913 950
967 1094
1066 924
