400 101
10046 9979
10023 10044
10050 10004
9982 9954
10000 10050
10018 9953
9972 9959
10017 9953
9969 9961
9953 10016
9977 10044
10047 10016
9956 9976
9953 10017
9976 9956
10047 9984
9970 10040
9980 10046
10013 10048
10021 9954
9956 10023
9972 10041
9960 9970
10022 9955
10034 10036
9966 9963
9960 9971
10046 10018
10039 9969
10031 9960
9966 10036
10050 10006
10012 10048
10018 10046
9977 9956
10011 10049
10002 9950
10023 9955
10025 10044
10029 9960
9966 10037
10038 9968
9960 9969
10046 10020
10016 9952
9961 9968
10037 10033
9984 9952
9965 9965
10041 9971
9965 10035
10045 9979
9996 10050
9969 10040
10048 9987
9993 10049
9984 10047
10046 10021
9975 9957
10050 9995
10049 9993
9954 9980
9961 10031
9978 10045
10050 9993
10046 9982
10003 9950
9951 9991
9989 10049
10048 9985
10048 9986
9990 9951
10035 10036
9951 10008
10021 10045
9955 9977
9990 10049
9952 9985
9955 10021
10008 9951
9951 10012
9950 9994
9998 9950
9983 9953
9985 9952
10025 10043
9959 10029
10019 9954
9955 9979
9953 9983
10003 10050
9951 9989
10044 9977
9978 9955
10046 9981
10037 9967
9961 10032
10042 10026
10034 10037
9994 9950
9954 9982
10047 10017
9957 9975
9951 10010
9951 9992
10040 10030
9992 10049
10009 10049
9987 9952
9952 10016
10049 10009
10012 9952
9971 10040
9988 10049
10035 9965
10037 9966
9998 10050
10032 10039
9959 9972
10050 10000
10038 10032
9952 9988
10049 10008
9993 10050
10010 9951
10029 10040
9950 10003
9979 9954
9950 9995
9992 9951
9955 10022
10016 10048
10045 10021
9979 10046
10026 10043
9982 9953
10001 9950
9995 9950
10018 9954
9958 10028
9971 10041
9958 9973
10048 10013
9975 10043
10007 10049
10041 10028
9965 9964
9969 10039
10050 9998
10004 10050
9965 10036
10029 10041
9996 9950
10020 10046
10025 9957
10033 10037
10000 9950
10050 10001
10011 9951
9962 10032
9972 9958
10017 10047
10005 10050
9952 10012
10048 10015
10049 9991
10048 10012
10032 10038
10044 10023
10030 9960
9954 9979
10018 10047
9967 10037
9951 9988
9955 9978
9950 10002
10044 9976
9950 10000
10048 10014
9959 10028
9982 10046
9958 10027
9950 9997
10039 9968
10044 9975
10040 10031
10031 9961
10042 9972
9951 9990
10030 10040
10040 9971
9964 9966
9955 10023
9957 10025
10028 10041
9994 10050
10036 10035
10038 10033
10039 10031
9970 9960
9952 9987
10050 9999
9958 10026
9954 10021
9964 9965
10026 9957
9952 9986
10047 9983
10045 10022
9987 10048
10028 9958
9980 9954
10007 9951
9972 10042
9975 10044
10032 9962
10048 9988
9953 9984
10050 9994
10028 9959
9984 10048
10033 10038
10034 9963
10048 10016
10010 10049
9968 10038
9951 10009
9956 9975
9954 10019
9950 9999
10041 10029
10036 9965
10020 9954
10036 10034
9984 9953
10008 10049
9957 9974
9957 10026
10049 9990
9961 9969
10043 9975
9967 9962
9962 10033
9991 10049
10050 10007
10050 9996
9976 10044
10007 10050
10049 10011
9959 9971
9952 10014
10004 9950
9974 10042
10015 9952
9950 9993
9954 10020
10045 10023
9967 10038
10050 10005
9963 9966
10040 9970
10047 9982
10050 10002
10032 9961
9952 10015
9962 9967
10015 10048
9974 9957
9983 10047
9986 10048
9997 9950
10005 9950
9977 10045
10049 9988
10012 10049
10042 10028
10007 9950
10048 9984
10042 9973
10044 10024
9988 9952
9968 9962
9991 9951
9962 9968
10035 10035
9968 10039
10002 10050
9958 9972
9973 9958
10001 10050
9986 9952
10013 9952
9995 10050
9967 9963
9966 9964
9950 9996
9968 9961
10031 10039
10022 10045
9963 9967
10012 9951
10045 9977
9963 10034
10025 9956
10037 10034
10040 10029
10027 10042
9950 10007
9993 9950
9950 10001
10050 10003
10043 10026
10043 10025
10043 9974
10021 10046
10045 9978
10035 9964
9954 10018
9960 10031
9951 9993
10016 10047
9953 9982
10024 9956
10027 9958
9954 9981
10034 9964
10042 9974
10049 9992
10006 9950
10026 9958
10031 10040
10047 10018
10049 10010
9988 9951
9973 10042
9969 9960
9981 9954
10019 10046
9950 9998
9951 10007
9979 9955
10046 9980
9977 9955
10042 10027
10024 10044
10028 10042
9956 9977
10023 9956
10006 10050
9958 9974
9952 10013
9960 10030
10016 9953
9974 10043
9974 9958
9979 10045
10026 10042
10049 10012
9997 10050
9953 10018
10033 9963
9960 10029
9963 10033
10041 9972
9950 10005
9964 10035
10044 10025
9989 9951
10029 9959
9971 9959
9964 10034
9982 10047
9981 10046
9956 10024
9950 10006
9985 10048
10039 10032
9951 10011
10049 10007
10049 9989
10040 9969
10036 9966
9971 9960
10009 9951
10021 9955
9988 10048
9952 9984
10033 9962
9993 9951
9975 9956
9999 9950
9956 10025
9999 10050
10014 10048
9950 10004
10038 9967
10023 10045
10046 10019
10014 9952
10050 9997
