248 15
402 454
564 492
429 466
547 497
401 455
568 480
429 456
414 476
429 465
430 460
427 470
552 498
400 457
423 474
419 476
430 462
542 470
415 446
419 446
567 489
418 446
544 496
548 497
539 492
409 447
543 495
561 468
555 498
408 475
536 479
550 498
556 497
402 469
536 482
540 472
541 470
426 450
559 497
425 473
537 476
562 495
563 470
419 475
536 485
425 450
550 466
536 484
568 481
565 472
548 498
551 466
542 494
559 467
426 471
403 469
538 473
567 487
405 449
401 468
406 473
545 468
562 494
541 471
400 461
553 498
566 491
422 448
538 491
549 466
429 457
429 467
568 485
418 476
536 480
568 483
407 474
548 467
403 471
538 474
420 475
413 446
536 478
551 498
410 447
428 469
428 468
568 478
546 497
548 466
400 464
427 451
424 473
401 465
565 491
430 463
541 493
401 466
561 495
563 471
422 447
567 488
566 474
425 449
539 472
400 458
563 494
406 449
553 466
416 446
408 474
404 471
565 473
556 498
567 486
425 472
557 467
566 473
411 476
542 469
421 475
540 493
400 465
537 488
552 466
423 449
546 467
414 446
563 493
415 476
564 493
537 475
540 471
430 464
543 468
423 473
566 475
559 468
411 446
562 469
407 473
557 497
537 487
560 468
545 497
413 476
401 467
430 461
542 495
400 463
429 468
427 471
547 467
562 470
540 492
566 489
561 469
403 470
565 492
410 475
539 473
401 456
426 451
564 472
536 483
537 489
422 474
420 447
429 454
567 478
411 475
401 454
430 465
427 453
430 459
545 467
404 450
412 476
400 460
538 475
417 446
427 452
560 496
404 451
558 497
555 466
558 467
405 450
559 496
554 466
428 454
403 452
430 458
567 475
427 469
424 449
549 498
405 473
428 453
400 459
537 486
426 472
407 449
411 447
544 468
417 476
545 496
568 479
541 494
401 457
539 491
403 453
566 490
561 496
407 448
412 446
421 447
419 447
536 486
538 489
536 481
402 453
543 496
400 462
567 476
405 472
537 478
556 467
422 475
416 476
430 457
567 477
537 477
423 448
568 482
556 466
402 468
554 498
543 469
409 475
538 490
568 484
408 447
564 471
408 448
568 486
403 451
429 455
404 472
