248 124
402 454
430 461
536 478
564 492
556 498
543 469
541 470
402 453
536 480
427 470
560 468
568 484
403 470
548 498
548 497
426 451
408 448
414 476
545 468
400 463
416 446
568 479
404 450
540 493
565 492
556 466
405 450
553 466
543 468
542 469
422 447
425 472
405 472
423 448
544 496
401 455
539 491
402 468
560 496
567 488
425 449
429 465
402 469
536 483
429 466
538 491
541 471
565 472
428 468
545 497
430 459
568 483
559 496
568 481
547 467
536 484
427 471
539 492
420 475
558 467
406 449
429 455
429 456
428 469
568 486
401 454
430 465
557 497
400 464
567 475
563 470
414 446
563 471
427 452
539 473
550 466
551 466
556 467
561 495
428 453
424 473
403 471
425 450
542 494
403 451
406 473
551 498
421 447
566 489
430 458
562 470
421 475
417 446
415 446
404 451
554 466
540 472
537 475
401 466
564 493
403 453
417 476
407 473
411 475
543 496
411 447
401 456
541 493
409 475
401 465
554 498
403 469
430 460
408 447
536 481
539 472
555 466
423 449
429 457
561 469
566 473
419 447
422 474
558 497
538 475
568 485
410 475
420 447
545 467
429 454
401 468
415 476
426 472
546 467
566 474
430 462
400 461
430 457
567 476
410 447
552 498
546 497
542 495
416 476
553 498
401 457
562 494
537 478
422 448
422 475
427 469
423 474
426 471
565 491
400 460
408 475
567 478
537 486
536 485
424 449
419 476
401 467
538 489
540 492
552 466
430 464
400 459
555 498
548 467
567 486
549 498
536 482
537 487
538 490
559 468
404 472
536 479
400 457
562 469
564 471
407 449
543 495
549 466
541 494
429 468
403 452
536 486
409 447
538 473
429 467
412 476
557 467
563 493
411 446
537 489
566 490
548 466
412 446
407 448
419 475
405 473
550 498
566 475
408 474
545 496
427 453
568 478
564 472
411 476
568 480
537 477
400 465
413 476
426 450
559 497
404 471
423 473
400 458
428 454
418 446
418 476
547 497
567 487
400 462
567 489
537 488
419 446
413 446
556 497
566 491
565 473
563 494
542 470
537 476
425 473
559 467
407 474
544 468
405 449
561 496
540 471
561 468
538 474
430 463
427 451
567 477
568 482
562 495
