328 22
464 562
429 536
446 555
407 488
401 508
443 568
410 567
463 569
425 532
463 560
459 554
417 529
443 567
408 530
410 507
442 563
411 489
403 564
460 554
417 567
410 508
450 574
433 546
414 493
414 492
432 554
398 539
443 560
395 550
464 564
442 564
442 562
415 529
415 567
456 553
411 507
401 488
463 558
457 553
459 572
449 553
400 535
408 566
397 507
393 497
399 559
452 552
402 562
447 572
433 551
460 555
412 506
431 556
403 532
426 562
433 548
424 564
433 545
408 488
414 502
398 558
396 554
464 565
409 530
407 508
464 566
461 556
398 488
433 544
399 537
415 499
464 563
431 541
456 574
450 553
418 529
410 489
395 549
410 530
395 491
432 542
395 546
418 530
460 571
464 561
443 566
428 561
395 492
409 488
415 501
411 529
409 508
411 567
415 498
397 539
394 492
407 565
450 552
415 496
452 574
427 562
461 555
396 544
399 508
414 503
406 509
430 557
400 488
421 530
400 536
394 495
464 560
404 532
442 566
462 569
430 559
427 561
405 487
443 558
401 535
428 536
409 566
395 547
430 558
398 557
423 564
419 530
396 491
412 529
393 498
463 559
448 553
426 563
405 532
462 557
411 506
397 555
399 560
416 529
414 501
393 500
461 571
426 533
407 487
393 501
456 573
432 552
395 545
402 487
399 488
406 531
419 566
444 557
398 537
407 566
427 534
393 499
432 541
395 551
407 509
421 565
402 509
397 489
462 570
396 505
425 563
401 487
396 555
451 574
404 487
401 534
400 560
455 574
395 552
396 543
451 552
423 565
398 507
403 533
455 552
429 560
408 508
425 564
459 573
463 568
406 487
399 536
433 552
396 542
404 509
420 530
394 493
414 494
453 574
454 574
396 490
394 504
394 494
397 506
428 560
401 509
402 533
397 556
402 534
411 490
443 569
405 531
397 540
413 505
447 553
429 559
396 541
422 565
412 505
422 531
412 567
444 569
412 491
418 567
424 532
430 538
395 544
430 539
443 559
416 567
405 509
393 496
444 556
414 567
425 533
445 571
397 490
443 557
463 557
415 500
396 553
433 547
449 573
445 556
431 539
413 492
432 553
414 504
398 508
450 573
457 573
415 495
446 572
395 548
414 495
430 537
410 488
394 503
394 502
413 529
442 561
431 557
415 497
403 563
460 572
456 552
432 555
446 571
418 566
431 540
428 535
429 537
423 531
463 566
396 552
426 534
413 491
394 501
398 559
397 541
446 554
413 567
423 532
400 508
444 570
420 566
404 564
402 563
400 561
445 570
401 561
407 530
410 566
421 566
445 555
431 555
442 560
447 573
395 504
395 505
462 556
458 553
432 544
421 531
405 565
453 552
427 535
403 509
407 531
433 549
401 562
461 570
393 495
410 529
463 567
414 529
397 557
447 554
398 538
406 565
458 573
396 506
432 543
448 573
405 564
459 553
398 489
413 504
442 565
403 487
433 550
454 552
412 490
