328 164
428 536
422 565
396 542
427 561
400 560
450 553
404 532
423 531
408 530
448 553
415 501
394 501
433 548
398 558
394 494
464 565
425 564
402 533
433 545
416 567
397 507
443 560
423 565
464 564
398 508
395 492
458 573
403 487
413 504
424 532
398 507
406 531
411 507
460 571
426 562
433 551
432 544
410 508
396 541
413 529
405 531
393 501
399 488
404 509
443 567
395 505
452 552
451 574
395 549
406 565
459 554
431 555
460 572
412 506
411 489
451 552
418 567
396 552
453 552
452 574
418 530
464 561
406 487
428 560
454 552
430 557
399 537
401 535
442 565
412 505
464 562
446 572
406 509
429 559
433 549
398 557
443 569
395 548
410 488
460 555
431 541
413 491
442 562
464 566
449 553
414 501
394 504
442 566
399 536
410 489
396 491
399 560
444 556
409 530
393 498
394 493
407 488
426 563
450 574
448 573
427 534
443 568
412 529
428 561
418 566
394 495
422 531
447 553
397 557
395 504
429 560
413 505
446 555
457 553
429 536
456 553
401 534
400 536
414 503
398 537
431 557
427 535
462 569
408 488
450 573
397 539
442 563
454 574
411 529
397 541
430 538
398 559
421 531
445 555
432 552
415 495
414 494
402 534
432 541
463 567
461 555
429 537
394 492
421 530
410 507
407 566
456 552
430 537
445 556
410 566
449 573
410 529
414 529
395 545
407 508
395 544
403 509
443 566
402 487
424 564
415 499
405 564
400 488
445 571
397 489
409 488
403 564
395 552
398 539
463 557
450 552
413 567
432 543
425 533
393 496
415 500
412 491
427 562
423 532
399 508
426 533
461 571
463 566
408 508
463 569
400 508
419 566
415 497
455 552
430 559
411 490
393 497
409 566
430 539
415 498
459 572
446 554
401 509
462 556
398 489
411 506
396 543
413 492
401 562
421 565
397 555
415 529
420 566
433 552
395 551
414 492
447 573
415 496
394 503
456 574
443 559
417 567
443 558
423 564
419 530
396 490
461 570
459 553
444 557
432 542
410 567
414 495
405 487
395 546
461 556
428 535
401 488
443 557
400 561
395 491
412 490
421 566
404 564
442 560
456 573
396 555
405 532
394 502
412 567
416 529
431 539
403 563
426 534
399 559
425 532
407 565
404 487
446 571
431 556
403 532
414 502
444 569
396 544
401 508
396 505
405 565
464 563
463 568
458 553
396 553
410 530
432 553
408 566
444 570
409 508
393 495
464 560
395 547
463 560
398 538
397 540
430 558
433 544
396 554
415 567
431 540
433 547
442 561
397 490
447 572
405 509
402 563
432 555
401 561
453 574
463 558
432 554
442 564
417 529
407 509
407 487
411 567
401 487
393 499
402 509
459 573
396 506
400 535
397 506
425 563
433 550
393 500
457 573
395 550
403 533
414 567
402 562
455 574
407 530
407 531
445 570
420 530
414 504
447 554
462 570
398 488
462 557
418 529
463 559
397 556
460 554
433 546
414 493
