448 30
576 586
596 486
479 424
466 410
590 600
544 405
591 598
590 593
601 452
610 464
588 589
583 451
582 485
535 395
484 405
518 398
569 598
536 423
576 480
484 404
531 424
587 449
587 450
519 397
575 477
529 424
542 416
600 452
572 471
522 396
544 412
573 588
472 403
543 416
610 468
570 592
584 451
607 477
487 407
582 451
533 395
477 424
522 395
602 453
467 416
474 402
579 453
515 414
593 449
579 483
480 402
475 424
592 487
573 462
569 599
572 469
466 416
514 411
468 407
487 418
578 454
576 456
584 450
588 449
591 594
544 411
470 404
590 590
480 424
608 476
541 401
609 475
543 402
603 482
610 470
468 406
540 398
539 421
572 589
485 421
582 607
603 454
521 396
537 397
591 449
588 604
525 423
600 485
586 605
602 484
575 457
587 486
474 423
585 606
525 394
527 424
596 450
487 419
595 449
595 486
580 607
593 487
524 395
523 395
587 588
471 404
591 597
578 607
532 424
514 412
574 606
466 411
541 399
479 402
582 452
610 465
578 482
572 588
609 464
488 415
608 460
590 591
569 594
466 412
590 487
488 410
486 406
480 423
467 409
585 486
609 472
515 403
592 449
576 606
580 483
521 422
570 593
473 403
483 423
543 404
608 461
609 473
575 606
540 419
580 453
536 396
573 464
485 406
575 459
578 481
471 403
574 459
467 419
571 603
573 473
569 597
516 417
609 474
469 420
518 419
474 424
540 420
609 463
581 484
515 416
482 403
469 406
570 601
574 587
591 487
517 417
589 589
539 398
577 585
522 422
541 417
574 461
486 420
542 401
599 451
539 397
601 484
605 481
474 403
610 466
531 394
466 413
609 461
487 416
533 424
585 450
591 595
572 467
589 449
605 455
520 421
521 421
577 456
590 592
576 479
587 487
542 417
469 421
537 421
577 455
478 402
607 478
542 402
532 394
583 586
572 468
579 482
541 419
516 416
574 605
574 586
484 421
534 395
487 408
582 484
485 405
523 423
469 405
586 606
535 423
543 414
577 480
575 478
608 459
604 455
517 419
583 607
597 486
581 585
519 398
594 487
570 591
487 417
483 403
580 484
589 590
579 585
544 410
477 402
591 596
526 424
605 480
544 406
590 602
569 595
607 458
516 402
572 466
600 451
570 602
583 606
519 420
574 460
467 418
605 456
584 586
529 394
598 485
515 402
528 424
572 464
481 423
589 603
598 451
524 423
485 420
487 410
590 599
610 472
468 420
582 585
482 423
475 402
480 403
577 481
514 405
538 397
514 407
610 471
589 487
603 453
514 413
541 400
587 604
588 487
543 403
606 457
468 419
543 405
575 458
572 604
514 410
573 605
579 454
537 396
536 395
483 404
577 607
526 394
573 475
602 452
518 399
591 599
525 424
576 457
597 450
515 413
467 417
544 409
607 479
517 401
534 423
595 487
573 474
577 586
584 486
570 590
471 422
608 475
530 394
580 452
583 485
598 450
467 410
538 421
569 593
515 415
471 423
519 421
579 607
591 593
603 483
577 606
476 402
604 482
610 467
573 587
585 586
606 480
518 420
530 424
528 394
586 450
573 604
572 472
473 423
572 603
470 421
580 585
539 420
481 403
584 606
488 411
587 605
467 407
478 424
574 476
571 589
544 407
587 587
540 399
571 602
575 479
586 586
517 418
571 590
583 585
608 477
578 585
486 419
602 483
470 422
476 424
606 479
521 397
590 601
520 397
598 486
584 485
607 459
533 423
484 422
472 423
595 450
590 449
581 607
488 414
570 599
515 405
544 413
467 408
517 400
515 404
533 394
466 415
488 416
516 401
586 587
607 457
588 603
488 413
543 415
573 472
586 486
589 602
594 449
573 461
487 409
488 412
514 409
572 465
610 469
470 405
578 455
573 463
572 470
574 475
514 406
543 413
525 395
575 586
600 484
483 422
536 422
537 422
570 600
606 456
569 596
514 408
581 452
599 485
544 408
604 481
527 394
522 423
604 454
466 414
541 418
517 399
574 477
609 462
486 407
588 588
