448 224
471 422
607 457
481 403
610 467
537 421
483 423
480 423
544 410
584 586
473 403
580 453
485 406
605 455
477 402
582 484
537 422
514 411
538 421
471 403
592 487
578 455
579 454
588 589
541 400
467 416
543 404
577 456
590 592
589 590
533 424
599 451
483 403
515 414
573 473
544 407
579 483
572 471
514 412
572 604
570 590
602 452
470 404
574 606
484 421
478 402
586 605
466 416
487 419
578 482
523 423
517 417
524 423
597 450
469 406
516 401
576 480
606 480
544 412
582 485
518 399
476 424
469 405
487 410
590 602
475 424
577 455
544 405
573 474
576 457
514 410
574 476
528 424
598 450
515 416
606 479
529 424
528 394
570 593
587 587
589 603
600 451
586 586
571 603
578 607
571 602
518 420
577 585
609 474
585 586
586 606
584 451
608 460
484 422
569 598
581 452
609 475
580 607
588 588
602 453
485 405
466 411
584 606
543 415
575 479
530 424
540 399
602 483
590 590
608 477
466 413
525 395
583 586
581 585
488 413
574 460
487 408
514 406
576 586
475 402
582 585
605 456
581 607
583 606
605 481
533 395
603 453
480 402
514 405
570 601
474 423
604 455
542 402
579 482
603 454
590 599
609 462
603 483
569 595
600 452
467 410
569 597
610 465
544 413
591 595
473 423
483 404
537 397
572 588
575 478
569 599
570 591
600 484
581 484
541 418
577 481
590 600
544 411
520 421
587 605
536 423
468 407
591 487
521 421
518 419
610 469
527 424
572 466
515 415
542 417
574 586
540 398
573 588
588 604
591 594
601 452
534 395
572 589
470 421
517 418
608 461
571 590
601 484
514 408
466 414
582 451
477 424
518 398
481 423
536 395
488 410
579 585
580 484
572 465
515 413
593 487
602 484
606 456
522 395
599 485
577 480
610 464
607 458
484 405
516 416
514 407
535 395
476 402
587 449
606 457
534 423
589 449
516 402
466 410
575 457
588 449
574 461
576 606
573 475
517 400
526 394
604 454
594 487
607 477
590 591
584 486
522 423
598 451
600 485
573 464
480 403
595 450
535 423
587 588
515 402
573 604
596 450
467 409
484 404
525 423
573 461
574 477
608 459
578 481
579 453
596 486
467 419
543 414
472 423
571 589
595 487
543 403
609 464
538 397
466 415
536 422
575 477
525 394
486 407
515 404
467 408
471 404
608 476
591 597
583 585
541 419
483 422
514 409
482 403
604 482
488 412
569 596
572 472
576 456
582 452
517 401
572 603
539 421
471 423
604 481
529 394
570 599
533 423
583 607
488 414
522 422
573 605
610 472
482 423
485 421
541 399
472 403
570 602
608 475
590 601
467 417
469 421
593 449
517 399
570 592
520 397
486 419
586 450
572 468
537 396
466 412
478 424
519 421
488 416
595 486
587 450
543 405
486 406
580 585
540 419
579 607
539 397
598 486
572 467
587 487
544 406
469 420
524 395
521 422
597 486
468 420
519 420
470 422
580 452
591 593
531 424
590 449
487 418
522 396
609 473
531 394
536 396
592 449
577 606
530 394
583 485
575 606
594 449
544 408
610 471
467 407
585 450
575 458
543 402
573 462
582 607
468 419
572 469
573 587
573 463
516 417
487 407
539 420
595 449
517 419
521 396
607 479
532 424
575 586
480 424
585 606
569 593
544 409
532 394
515 405
533 394
586 587
543 416
584 450
487 409
576 479
488 415
605 480
588 603
591 449
572 470
467 418
574 605
590 593
590 487
468 406
474 424
574 475
519 397
573 472
514 413
589 487
572 464
526 424
598 485
542 401
470 405
541 401
523 395
525 424
486 420
610 466
609 463
587 486
607 459
588 487
487 417
585 486
583 451
580 483
542 416
479 424
487 416
574 459
610 470
591 596
589 589
577 586
485 420
515 403
609 472
527 394
474 402
488 411
607 478
569 594
584 485
539 398
570 600
474 403
575 459
589 602
578 454
578 585
521 397
603 482
541 417
577 607
586 486
540 420
519 398
610 468
587 604
479 402
609 461
591 598
574 587
591 599
543 413
