472 250
61210 56981
52272 41268
48855 51241
48121 52938
46697 53607
62500 57851
48672 41028
49452 41080
52922 46782
46297 49746
59146 55589
49989 45424
48569 53722
52077 45627
49272 41068
49629 45389
48132 40992
47901 45221
48274 51878
51213 45543
46389 45074
47412 40944
47193 51314
59834 56053
46777 50586
52437 45662
47592 40956
46521 50138
46233 49634
47129 51202
64908 59475
52797 45697
54167 45417
51345 48511
47541 45186
50832 41172
52149 45634
47397 45172
47513 51874
48249 53162
60006 56169
66628 60635
47859 52333
53503 46145
48432 41012
46965 45130
51792 41236
49197 45347
47865 52490
46946 53334
49934 50058
62070 57561
48312 41004
46361 49858
66284 60403
50847 49057
47712 40964
46009 49242
65596 59939
46937 50866
49212 41064
48852 41040
66714 60693
49270 50786
45913 49074
47033 51034
47444 52788
50100 49876
48313 53274
50349 45459
51677 48147
45957 45032
48473 53554
51072 41188
48333 45263
61726 57329
51789 45599
52509 45669
49392 41076
59920 56111
48217 53106
48549 45284
50772 41168
51972 41248
46873 50754
48972 41048
50681 49239
47449 51762
51252 41200
46713 50474
46457 50026
48621 45291
47705 52210
47673 52154
48909 45319
47532 40952
47527 52697
46905 50810
50205 45445
61554 57213
52632 41292
47361 52879
50432 49512
47325 45165
46745 50530
46101 45046
52005 45620
48025 52151
50412 41144
46329 49802
53752 45872
51645 45585
52839 46873
49812 41104
47993 52714
47417 51706
52507 47237
49152 41060
51552 41220
46105 49410
52452 41280
60694 56633
46461 45081
48191 51969
64478 59185
51179 48693
50017 49967
49557 45382
50925 45515
50952 41180
46073 49354
51096 48784
52392 41276
50232 41132
58802 55357
48185 53050
46780 53516
50349 49603
47929 52602
51192 41196
52365 45655
51428 48420
49353 50695
50352 41140
58458 55125
60436 56459
62672 57967
47278 52970
48912 41044
46605 45095
48732 41032
47253 45158
50598 49330
47481 51818
65252 59707
48345 53330
51285 45550
59748 55995
50493 45473
64994 59533
49512 41084
47610 52606
47772 40968
49032 41052
46201 49578
51852 41240
63704 58663
47352 40940
49768 50240
51573 45578
48537 53666
48689 51423
52869 45704
46809 50642
48981 45326
47973 45228
65854 60113
47195 53061
60866 56749
48405 45270
48025 52770
49436 50604
63876 58779
46617 50306
48477 45277
47609 52042
48089 52882
64048 58895
53586 46054
48261 45256
65338 59765
64650 59301
47109 45144
50930 48966
60608 56575
48601 53778
61640 57271
60952 56807
52512 41284
59232 55647
53254 46418
47029 53243
48697 53946
49932 41112
47757 45207
49685 50331
46553 50194
48938 51150
52152 41260
48612 41024
50637 45487
49187 50877
46137 49466
54084 45508
66026 60229
45977 49186
64736 59359
47897 52546
49752 41100
48192 40996
52590 47146
46425 49970
63016 58199
48153 52994
65940 60171
48441 53498
50277 45452
46173 45053
48772 51332
63102 58257
51372 41208
66456 60519
50472 41148
61382 57097
59490 55821
50292 41136
51926 47874
66370 60461
49519 50513
46841 50698
62414 57793
50061 45431
50892 41176
51933 45613
50133 45438
58372 55067
50532 41152
50172 41128
49341 45361
48729 54002
51843 47965
48792 41036
52258 47510
53005 46691
63532 58547
52725 45690
52212 41264
49104 50968
46821 45116
46749 45109
63188 58315
47289 51482
48012 40984
51357 45557
52756 46964
52341 47419
47961 52658
58888 55415
46489 50082
46169 49522
48252 41000
50266 49694
49485 45375
51861 45606
53088 46600
50764 49148
46863 53425
62328 57735
49872 41108
48825 54170
52092 47692
50652 41160
47832 40972
62758 58025
47693 52515
48117 45242
51912 41244
47833 52434
60350 56401
51717 45592
47952 40980
50781 45501
49021 51059
51672 41228
51492 41216
63274 58373
46614 53698
65682 59997
47225 51370
62930 58141
48372 41008
47001 50978
48377 53386
61038 56865
51760 48056
45945 49130
51262 48602
62156 57619
52572 41288
48108 52060
46585 50250
48761 54058
50565 45480
51511 48329
46893 45123
49917 45417
53420 46236
48492 41016
65080 59591
46533 45088
64306 59069
50052 41120
49092 41056
47065 51090
49773 45403
48693 45298
47829 45214
52092 41256
65166 59649
47161 51258
48057 52826
50712 41164
63446 58489
48072 40988
65768 60055
64392 59127
47353 51594
47112 53152
61124 56923
47942 52242
63360 58431
51012 41184
47641 52098
46393 49914
50183 49785
47545 51930
50853 45508
46649 50362
47097 51146
51732 41232
46317 45067
49851 50149
61984 57503
61468 57155
48606 51514
49332 41072
66112 60287
48633 53834
52581 45676
48837 45312
47769 52322
62844 58083
49632 41092
52221 45641
60092 56227
47181 45151
49992 41116
49602 50422
51594 48238
52175 47601
51501 45571
51612 41224
62242 57677
66542 60577
61812 57387
47737 52266
49053 45333
47892 40976
51429 45564
60780 56691
64822 59417
48357 51787
49692 41096
64220 59011
60264 56343
48765 45305
48189 45249
51069 45529
47577 51986
58716 55299
47385 51650
63790 58721
51132 41192
59576 55879
59318 55705
51141 45536
66198 60345
48505 53610
47776 52424
59060 55531
50709 45494
47652 40960
47685 45200
53669 45963
53337 46327
63618 58605
48045 45235
49269 45354
46265 49690
51013 48875
63962 58837
53918 45690
52293 45648
48281 53218
48440 51696
52009 47783
46041 49298
47469 45179
59662 55937
46677 45102
48409 53442
59404 55763
60178 56285
49572 41088
50421 45466
50112 41124
47613 45193
62586 57909
52692 41296
58544 55183
48552 41020
50515 49421
49845 45410
49125 45340
52424 47328
48665 53890
58630 55241
49413 45368
52653 45683
54001 45599
47472 40948
51312 41204
47321 51538
64134 58953
46969 50922
52332 41272
53171 46509
45885 45025
54250 45326
48523 51605
47257 51426
47292 40936
47801 52378
47037 45137
50997 45522
65424 59823
52673 47055
49701 45396
46245 45060
61898 57445
58974 55473
46029 45039
50592 41156
65510 59881
61296 57039
46681 50418
60522 56517
51432 41212
48793 54114
64564 59243
53835 45781
52032 41252
