481 300
48265 53225
43852 46870
43888 46882
45481 38241
45108 51954
42952 51086
45221 37996
41681 61634
48881 53473
44077 36918
44206 46988
44493 37310
41966 60608
41351 62822
46157 38878
44701 37506
40916 64388
41171 63470
42644 50962
44362 47040
44389 37212
42748 42938
42041 60338
45647 52171
48341 40936
45416 52078
44441 37261
43954 46904
49497 53721
42460 42698
43156 43278
41921 60770
44107 51551
41396 62660
45031 51923
42490 50900
43276 43378
41951 60662
42004 42318
47803 53039
44014 46924
44164 46974
48573 53349
42052 42358
44062 46940
46001 38731
45325 38094
42182 50776
45724 52202
44116 46958
42844 43018
45377 38143
41936 60716
43930 46896
44044 46934
44800 51830
46571 52543
45262 52016
43420 43498
42100 42398
41831 61094
47110 52760
44182 46980
41621 61850
41036 63956
42124 42418
43337 51241
44649 37457
43828 46862
43810 46856
48289 40887
41756 61364
43132 43258
44104 46954
48133 40740
44002 46920
43568 51334
41741 61418
44188 46982
47769 40397
44129 36967
41891 60878
42721 50993
44050 46936
46053 38780
43372 43458
43722 51396
44056 46938
49420 53690
42567 50931
46648 52574
43183 51179
41441 62498
44030 51520
47509 40152
43084 43218
41471 62390
49112 53566
41764 42118
42336 50838
44374 47044
43852 43858
40931 64334
43252 43358
43756 43778
46833 39515
43834 46864
46725 52605
44320 47026
47457 40103
44200 46986
41636 61796
43972 46910
43799 51427
45637 38388
42026 60392
41696 61580
44646 51768
42071 60230
44233 37065
43732 43758
43973 36820
44020 46926
48419 53287
41546 62120
42056 60284
46781 39466
41336 62876
41801 61202
46032 52326
44266 47008
41201 63362
44086 46948
45878 52264
42484 42718
44337 37163
42940 43098
43942 46900
44212 46990
42172 42458
48727 53411
43960 46906
43540 43598
43684 43718
46263 52419
42206 59744
45273 38045
40901 64442
47665 40299
43106 51148
46956 52698
44224 46994
49728 53814
42964 43118
42244 42518
43396 43478
44025 36869
41276 63092
42413 50869
45793 38535
43029 51117
45741 38486
47957 53101
43918 46892
41980 42298
43924 43918
43948 43938
41788 42138
41321 62930
48111 53163
44290 47016
41426 62552
41846 61040
43491 51303
43870 46876
44152 46970
41066 63848
41591 61958
44296 47018
43864 46874
41531 62174
43414 51272
44284 47014
44020 43998
44569 51737
47977 40593
44597 37408
44278 47012
43816 46858
42820 42998
43708 43738
47093 39760
44218 46992
45185 51985
44194 46984
44068 46942
41126 63632
45493 52109
43822 46860
44254 47004
47561 40201
41021 64010
45013 37800
43564 43618
41366 62768
44492 51706
41786 61256
46729 39417
47249 39907
44272 47010
44285 37114
44392 47050
47649 52977
42148 42438
43348 43438
47264 52822
41771 61310
42259 50807
47717 40348
45570 52140
44302 47020
42628 42838
43921 36771
44092 46950
48081 40691
41884 42218
47873 40495
48185 40789
47405 40054
44158 46972
42076 42378
41908 42238
41932 42258
44261 51613
44753 37555
46677 39368
48342 53256
43996 46918
48237 40838
45533 38290
48804 53442
47145 39809
41666 61688
43468 43538
43972 43958
43894 46884
45339 52047
43204 43318
44723 51799
44140 46966
47301 39956
43828 43838
43444 43518
43780 43798
41081 63794
41906 60824
41711 61526
44877 51861
42388 42638
49574 53752
44260 47006
49189 53597
41812 42158
42011 60446
43936 46898
43882 46880
44110 46956
44545 37359
41291 63038
47353 40005
43978 46912
44134 46964
47925 40544
42508 42738
49651 53783
42724 42918
44032 46930
43840 46866
41561 62066
48650 53380
41456 62444
42700 42898
44236 46998
47041 39711
45429 38192
43012 43158
42101 60122
44181 37016
45117 37898
43612 43658
45689 38437
42028 42338
41141 63578
41726 61472
42191 59798
44356 47038
44344 47034
44338 47032
42556 42778
44176 46978
40976 64172
42161 59906
41576 62012
46417 52481
48188 53194
42268 42538
44332 47030
43660 43698
42146 59960
41981 60554
43804 43818
47572 52946
49266 53628
43492 43558
42340 42598
49035 53535
44961 37751
41956 42278
44954 51892
47880 53070
41606 61904
46340 52450
42868 43038
40961 64226
42436 42678
41111 63686
46186 52388
42892 43058
42798 51024
41051 63902
46802 52636
44170 46976
42131 60014
47341 52853
43858 46872
43953 51489
41156 63524
46521 39221
41860 42198
47197 39858
46209 38927
42772 42958
42988 43138
41651 61742
41261 63146
44230 46996
45585 38339
47187 52791
44008 46922
46494 52512
48496 53318
46365 39074
43876 43878
42652 42858
41516 62228
42086 60176
43924 46894
41501 62282
43108 43238
45169 37947
41096 63740
43900 43898
41486 62336
40991 64118
42796 42978
44415 51675
46989 39662
41381 62714
44122 46960
48601 41181
43180 43298
43036 43178
43636 43678
43060 43198
44184 51582
41186 63416
45955 52295
45801 52233
41816 61148
45845 38584
43324 43418
42875 51055
47418 52884
42676 42878
44128 46962
44146 46968
43996 43978
46417 39123
43990 46916
41996 60500
43300 43398
43588 43638
44080 46946
42604 42818
43876 46878
40886 64496
45897 38633
41246 63200
41861 60986
43906 46888
48393 40985
47033 52729
48034 53132
48705 41279
46625 39319
48958 53504
44805 37604
42916 43078
44386 47048
40871 64550
42316 42578
46313 39025
42412 42658
48549 41132
43912 46890
41740 42098
46937 39613
42221 59690
43260 51210
46885 39564
41006 64064
44857 37653
44398 47052
42292 42558
48029 40642
47726 53008
44044 44018
45949 38682
44026 46928
46109 52357
44242 47000
48497 41083
44308 47022
46573 39270
42532 42758
44074 46944
42116 60068
49805 53845
44380 47046
41306 62984
43516 43578
43876 51458
41716 42078
49343 53659
47613 40250
42220 42498
44909 37702
46879 52667
41876 60932
40946 64280
47495 52915
43948 46902
44368 47042
47821 40446
42580 42798
44338 51644
48653 41230
44098 46952
43966 46908
44314 47024
43900 46886
43645 51365
41411 62606
41231 63254
42196 42478
42176 59852
46469 39172
46105 38829
44326 47028
46261 38976
48445 41034
44248 47002
43846 46868
43984 46914
43228 43338
41216 63308
42364 42618
41836 42178
44038 46932
44350 47036
45065 37849
