469 350
49922 46869
43778 56667
42590 42969
46106 56355
50083 55822
41557 49719
51241 46003
43584 56693
39695 48123
45718 56407
46009 56368
42966 43169
48725 56004
40479 48795
57417 56104
50180 55809
57933 55631
43342 43369
50383 45277
43811 51651
57573 55961
50929 45739
38617 47199
43972 56641
46947 54339
57189 56313
38323 46947
45598 44569
57081 56412
57165 56335
51228 45992
48628 56017
44457 56576
57681 55862
57129 56368
42214 42769
47572 45619
57561 55972
50201 45123
45869 53415
57537 55994
41753 49887
51020 45816
49210 55939
43436 43419
46300 56329
49640 46719
57369 56148
50669 45519
50487 45365
45233 56472
39597 48039
40675 48963
50682 45530
57093 56401
47008 45319
58089 55488
46979 56238
50188 45112
49404 55913
49792 55861
42733 50727
44942 56511
48042 45869
57477 56049
51280 46036
50799 45629
50851 45673
57657 55884
45967 53499
42145 50223
40871 49131
48418 46069
43875 56654
57249 56258
44889 52575
57237 56269
44752 44119
44693 52407
50864 45684
50591 45453
57045 56445
50617 45475
45316 44419
44846 44169
48230 45969
50903 45717
48700 46219
57285 56225
39793 48207
57105 56390
47948 45819
47290 45469
39891 48291
50292 45200
51293 46047
50968 45772
57585 55950
49546 46669
41067 49299
48919 55978
50994 45794
51111 45893
45786 44669
50890 45706
56997 56489
57873 55686
44166 56615
57225 56280
46785 56264
51345 46091
43390 56719
50471 55770
47755 56134
57609 55928
49501 55900
50565 45431
43681 56680
47666 45669
46555 54003
42929 50895
57765 55785
50318 45222
50552 45420
57525 56005
44399 52155
45880 44719
47339 54675
42402 42869
39989 48375
57441 56082
49452 46619
57921 55642
50277 55796
50721 45563
58065 55510
40381 48711
51137 45915
48822 55991
44007 51819
58053 55521
48337 56056
57501 56027
50955 45761
51344 55653
50568 55757
46162 44869
39303 47787
42308 42819
51371 46113
46068 44819
51007 45805
50370 45266
49113 55952
40969 49215
47658 56147
47478 45569
46538 45069
42635 50643
51384 46124
50500 45376
38911 47451
50214 45134
58125 55455
57837 55719
42537 50559
43125 51063
47384 45519
47270 56199
51072 45860
45575 53163
50859 55718
57741 55807
42778 43069
38127 46779
57069 56423
49358 46569
47173 56212
50656 45508
57693 55851
50435 45321
50773 45607
50825 45651
57549 55983
50981 45783
44497 52239
46914 45269
57669 55873
45912 56381
46397 56316
58101 55477
43812 43619
46350 44969
45136 56485
51059 45849
45330 56459
48982 46369
42026 42669
50305 45211
57273 56236
46359 53835
45379 52995
48531 56030
51053 55692
46457 53919
45128 44319
57333 56181
43248 43319
43615 51483
43906 43669
51538 55627
50956 55705
41361 49551
50604 45464
38715 47283
57021 56467
50409 45299
57465 56060
50877 45695
41459 49635
57789 55763
44263 56602
49264 46519
57621 55917
50786 45618
44791 52491
44203 51987
44000 43719
44554 56563
51319 46069
57801 55752
51332 46080
51085 45871
57813 55741
51150 45926
50357 45255
38813 47367
51202 45970
42341 50391
44595 52323
50448 45332
41851 49971
57861 55697
56985 56500
41949 50055
51215 45981
58029 55543
51046 45838
44188 43819
45281 52911
50374 55783
48136 45919
47045 54423
50227 45145
51163 45937
44470 43969
58077 55499
46632 45119
57945 55620
43909 51735
57909 55653
57141 56357
48434 56043
43487 56706
57009 56478
47760 45719
44282 43869
51033 45827
58137 55444
51267 46025
57825 55730
38421 47031
57885 55675
50665 55744
44094 43769
43530 43469
45410 44469
50812 45640
51635 55614
48324 46019
57405 56115
45974 44769
50643 45497
50279 45189
57981 55587
43517 51399
40577 48879
50298 47069
43624 43519
57777 55774
41165 49383
50838 45662
57393 56126
45504 44519
57357 56159
38519 47115
49598 55887
42496 42919
50240 45156
57453 56071
38225 46863
57897 55664
51098 45882
49986 55835
45771 53331
50396 45288
49828 46819
48240 56069
39401 47871
48606 46169
50110 46969
43419 51315
50734 45574
47464 56173
45692 44619
43196 56745
40773 49047
46882 56251
50474 45354
57177 56324
57297 56214
46203 56342
57705 55840
45815 56394
50253 45167
42047 50139
41655 49803
57957 55609
47437 54759
57321 56192
46065 53583
57597 55939
46726 45169
45034 44269
57969 55598
48512 46119
49695 55874
49170 46469
58017 55554
50760 45596
51732 55601
50630 45486
47852 56121
48794 46269
57153 56346
57057 56434
57213 56291
47561 56160
42120 42719
44845 56524
50747 45585
44987 52659
46256 44919
45621 56420
47076 56225
46261 53751
50916 45728
42684 43019
43293 56732
45183 52827
57513 56016
46849 54255
58041 55532
57849 55708
45673 53247
57729 55818
43154 43269
50422 45310
46820 45219
44940 44219
57201 56302
47367 56186
43223 51147
51247 55666
50461 45343
40185 48543
51829 55588
50695 45541
44564 44019
42872 43119
47196 45419
46591 56290
47949 56108
42439 50475
49307 55926
45085 52743
51254 46014
47854 45769
42243 50307
50526 45398
39499 47955
45524 56433
40283 48627
50266 45178
57345 56170
50539 45409
44376 43919
45477 53079
51150 55679
57117 56379
58005 55565
46163 53667
48143 56082
47102 45369
46751 54171
50578 45442
41263 49467
47535 54843
57261 56247
42831 50811
49734 46769
48888 46319
57717 55829
57753 55796
44360 56589
43099 56758
45222 44369
51306 46058
58113 55466
50513 45387
43718 43569
51441 55640
57381 56137
39205 47703
50942 45750
46653 54087
49076 46419
47241 54591
50204 47019
49889 55848
50344 45244
43713 51567
44105 51903
57633 55906
50331 45233
44301 52071
57489 56038
41932 42619
46688 56277
51124 45904
45039 56498
39009 47535
50708 45552
44069 56628
57033 56456
40087 48459
49016 55965
47143 54507
50762 55731
45427 56446
43321 51231
57645 55895
43027 50979
44748 56537
48046 56095
51189 45959
57993 55576
39107 47619
57429 56093
43060 43219
51176 45948
50016 46919
44651 56550
46444 45019
51358 46102
44658 44069
46494 56303
43002 56771
57309 56203
