478 400
53587 55105
60575 46682
51119 43695
53519 55023
45537 53865
63855 46149
53302 42252
56657 56409
53349 54818
48818 45216
44925 53559
53243 42291
54301 55966
56876 56634
57095 56859
55051 54759
45591 53892
44619 53406
44205 53199
48346 45528
59695 46825
44583 53388
57460 57234
44421 53307
59723 59559
60415 46708
45753 53973
65855 45824
54832 54534
49231 44943
44187 53190
62415 46383
54063 55679
55015 56827
50529 44085
44871 53532
49408 44826
54321 54009
53859 55433
53538 42096
56146 55884
54199 55843
51768 43266
44331 53262
44313 53253
44475 53334
44277 53235
56292 56034
49644 44670
45429 53811
64735 46006
49113 45021
59212 59034
53655 55187
45627 53910
54131 55761
55253 57114
44547 53370
64175 46097
59855 46799
48700 45294
51355 43539
59455 46864
53066 42408
51709 43305
56219 55959
55763 57729
51532 43422
52594 42720
53315 54777
45501 53847
53417 54900
48877 45177
59504 59334
51060 43734
44385 53289
54097 55720
60335 46721
53737 53409
56949 56709
61695 46500
55525 57442
44727 53460
49762 44592
44799 53496
56307 58385
53956 53634
50765 43929
52712 42642
64095 46110
61055 46604
65615 45863
53420 42174
45771 53982
55124 54834
53723 55269
63775 46162
53791 55351
56365 56109
60161 60009
54175 53859
59055 46929
54709 56458
54394 54084
64495 46045
63615 46188
61135 46591
63135 46266
44691 53442
61615 46513
55831 57811
62975 46292
49821 44553
66255 45759
59431 59259
59375 46877
51886 43188
51237 43617
55635 55359
60380 60234
54539 56253
52004 43110
55933 57934
54845 56622
58920 58734
45069 53631
44907 53550
62815 46318
57606 57384
55287 57155
64415 46058
53656 42018
59650 59484
57679 57459
54335 56007
62335 46396
56584 56334
61215 46578
53247 54695
48641 45333
65055 45954
62495 46370
49703 44631
56001 58016
55854 55584
44457 53325
55151 56991
65215 45928
57387 57159
50057 44397
61935 46461
54165 55802
51650 43344
45699 53946
51414 43500
53485 54982
45375 53784
57168 56934
58895 46955
59577 59409
53553 55064
45249 53721
59869 59709
57022 56784
49526 44748
45105 53649
49349 44865
54233 55884
45213 53703
45015 53604
64575 46032
56273 58344
53927 55515
45573 53883
60895 46630
57971 57759
58409 58209
63935 46136
57825 57609
45033 53613
54913 56704
64015 46123
50588 44046
51945 43149
54743 56499
56137 58180
54540 54234
49290 44904
52358 42876
66095 45785
50293 44241
54759 54459
45609 53901
58263 58059
66175 45772
49998 44436
58628 58434
56477 58590
53597 42057
54573 56294
55219 57073
62895 46305
44367 53280
54029 55638
44295 53244
44979 53586
55416 55134
54403 56089
45735 53964
44601 53397
45141 53667
53893 55474
60088 59934
48936 45138
61295 46565
53833 41901
56341 58426
44511 53352
59285 59109
45555 53874
51001 43773
63375 46227
44439 53316
51178 43656
64335 46071
51296 43578
45483 53838
65375 45902
45411 53802
58993 58809
51827 43227
53007 42447
59135 46916
53825 55392
44493 53343
64255 46084
60015 59859
45807 54000
45087 53640
55899 57893
56803 56559
66015 45798
54947 56745
44223 53208
56239 58303
57314 57084
54978 54684
61775 46487
49467 44787
56730 56484
53184 42330
57533 57309
48464 45450
59615 46838
54675 56417
52063 43071
53361 42213
54369 56048
59066 58884
65535 45876
53179 54613
48523 45411
62255 46409
59295 46890
44943 53568
45519 53856
56103 58139
60307 60159
55197 54909
61455 46539
55695 57647
45321 53757
58336 58134
45789 53991
53715 41979
58975 46942
50352 44202
60175 46747
55270 54984
52830 42564
55781 55509
56035 58057
45051 53622
44889 53541
61535 46526
44997 53595
60655 46669
44709 53451
53757 55310
53810 53484
53664 53334
53213 54654
59775 46812
44529 53361
58117 57909
55559 57483
53689 55228
52122 43032
52889 42525
55423 57319
48759 45255
45231 53712
50883 43851
54981 56786
54029 53709
44403 53298
66495 45720
54267 55925
44745 53469
66575 45707
45339 53766
45159 53676
59796 59634
49880 44514
54613 54309
45123 53658
61375 46552
53281 54736
44673 53433
62095 46435
58847 58659
62575 46357
48995 45099
44853 53523
63695 46175
50411 44163
50824 43890
56511 56259
60975 46617
64975 45967
55355 57237
55083 56909
54641 56376
62015 46448
54505 56212
55708 55434
53479 42135
60815 46643
45645 53919
54777 56540
44349 53271
45267 53730
54879 56663
58044 57834
45177 53685
52476 42798
65775 45837
44961 53577
44637 53415
44655 53424
45663 53928
48405 45489
53961 55556
55967 57975
62735 46331
45447 53820
53951 41823
56409 58508
60735 46656
64815 45993
58190 57984
52299 42915
44763 53478
45393 53793
54686 54384
60255 46734
58701 58509
54010 41784
45717 53955
58482 58284
52535 42759
55797 57770
60234 60084
63215 46253
53892 41862
60015 46773
55729 57688
54467 54159
54437 56130
50116 44358
54248 53934
52653 42681
55185 57032
50647 44007
54905 54609
66415 45733
55343 55059
60095 46760
59215 46903
54471 56171
55865 57852
53995 55597
64895 45980
59139 58959
55627 57565
55321 57196
64655 46019
45681 53937
63535 46201
45195 53694
59358 59184
56000 55734
51591 43383
55661 57606
49939 44475
44259 53226
49054 45060
53883 53559
53383 54859
54607 56335
66335 45746
55927 55659
50470 44124
44241 53217
63295 46240
49585 44709
45357 53775
55117 56950
52417 42837
65935 45811
44565 53379
65695 45850
53774 41940
53125 42369
50706 43968
49172 44982
52240 42954
60495 46695
65135 45941
52948 42486
52181 42993
54102 53784
45303 53748
56443 58549
56073 55809
54069 41745
56205 58262
45825 54009
55491 57401
57898 57684
53451 54941
57241 57009
55562 55284
61855 46474
50234 44280
55593 57524
54811 56581
63455 46214
65295 45915
44817 53505
56069 58098
50175 44319
56375 58467
63055 46279
51473 43461
58555 58359
62655 46344
62175 46422
65455 45889
58774 58584
55389 57278
44781 53487
55049 56868
59942 59784
53621 55146
45285 53739
50942 43812
59935 46786
52771 42603
45465 53829
55457 57360
44835 53514
48582 45372
56438 56184
59535 46851
56171 58221
57752 57534
55489 55209
