474 450
49263 45136
43943 42056
33616 45408
38751 45928
35512 45600
54588 57924
42537 50077
39146 45968
47059 47871
37092 45760
42589 50026
54581 58624
38198 45872
45838 48201
32826 45328
54582 58524
44321 48611
37171 45768
36065 45656
54625 54224
54662 50524
43369 49261
45431 48311
36223 45672
44475 42364
45767 43112
54660 50724
46907 43772
34801 45528
43317 49312
36697 45720
42485 50128
38040 45856
43803 48751
54569 59824
34011 45448
54576 59124
41549 51046
54653 51424
35986 45648
47743 44256
45172 48381
54634 53324
37013 45752
54651 51624
54593 57424
42173 50434
43525 49108
32589 45304
48199 44520
44565 48088
41861 50740
43335 41704
42381 50230
47515 44124
35907 45640
36302 45680
44136 48661
39936 46048
54636 53124
42225 50383
54603 56424
46755 43684
45813 46864
34880 45536
41393 51199
43951 48711
43057 49567
45235 42804
44617 48037
45801 48211
42693 49924
54577 59024
47022 47881
33142 45360
45246 48361
38119 45864
45189 47476
43914 48721
54610 55724
41341 51250
54611 55624
40015 46056
44929 47731
46679 43640
43161 49465
46726 47961
44469 48571
38277 45880
44825 47833
54596 57124
41497 51097
36381 45688
54633 53424
45912 48181
43867 42012
46527 43552
44432 48581
45539 42980
41237 51352
54624 54324
43107 41572
42901 49720
45085 47578
39620 46016
47667 44212
40094 46064
44173 48651
37566 45808
44580 48541
41913 50689
43941 48700
45917 46762
44171 42188
34248 45472
54626 54124
45137 47527
35591 45608
46299 43420
33379 45384
43031 41528
46541 48011
47287 43992
42727 41352
47363 44036
54575 59224
42641 49975
34169 45464
44395 48591
54602 56524
54654 51324
41809 50791
43837 48802
45875 48191
43733 48904
46023 48151
42329 50281
45919 43200
54639 52824
38435 45896
54600 56724
54614 55324
39541 46008
54648 51924
34959 45544
42953 49669
54627 54024
39067 45960
48579 44740
43005 49618
44654 48521
37724 45824
40252 46080
41445 51148
45653 48251
54628 53924
54613 55424
44877 47782
54618 54924
54589 57824
44913 48451
43889 48751
45727 48231
48655 44784
44247 42232
54586 58124
54571 59624
41601 50995
48275 44564
54591 57624
46467 48031
32984 45344
45764 48221
33774 45424
54659 50824
37961 45848
45865 46813
45463 42936
46356 48061
44728 48501
54621 54624
45995 43244
46983 43816
54617 55024
46245 48091
39304 45984
54609 55824
45542 48281
54573 59424
45159 42760
42069 50536
48959 44960
42651 41308
54619 54824
46874 47921
45709 46966
36934 45744
54656 51124
43487 41792
44019 42100
40331 46088
38909 45944
33458 45392
43183 41616
44931 42628
41757 50842
54587 58024
43988 48701
41965 50638
45949 48171
44617 48531
39383 45992
44669 47986
44627 42452
45320 48341
45761 46915
33695 45416
54629 53824
43411 41748
54592 57524
44323 42276
43785 48853
44691 48511
45357 48331
38514 45904
42121 50485
44253 48394
37408 45792
35196 45568
46578 48001
45283 48351
43629 49006
44149 48496
34327 45480
54604 56324
34564 45504
34643 45512
42575 41264
54599 56824
45293 47374
43473 49159
49339 45180
43791 41968
49187 45092
43639 41880
54615 55224
36539 45704
54570 59724
54631 53624
46097 48131
45616 48261
49567 45312
44025 48691
39699 46024
32747 45320
45986 48161
41653 50944
33537 45400
34406 45488
46689 47971
41289 51301
36144 45664
54590 57724
44981 47680
45691 43068
43109 49516
47971 44388
49491 45268
54630 53724
46603 43596
54638 52924
42849 49771
42017 50587
45605 47068
54644 52324
54655 51224
35275 45576
33063 45352
35433 45592
54579 58824
42955 41484
44062 48681
33932 45440
37803 45832
35354 45584
42433 50179
48123 44476
48047 44432
45024 48421
44284 48621
34722 45520
54657 51024
35670 45616
54612 55524
37329 45784
45501 47170
45579 48271
44721 47935
54601 56624
38988 45952
54640 52724
47135 43904
44097 48547
54595 57224
44855 42584
54572 59524
54658 50924
54580 58724
45397 47272
45311 42848
54583 58424
46171 48111
34485 45496
41081 51505
46430 48041
46837 47931
41185 51403
38593 45912
54608 55924
46504 48021
43681 48955
38356 45888
36776 45728
43213 49414
54643 52424
54637 53024
32905 45336
47211 43948
42797 49822
54574 59324
38830 45936
44399 42320
49643 45356
45007 42672
46911 47911
46208 48101
47591 44168
44703 42496
54645 52224
42277 50332
37250 45776
44773 47884
45553 47119
44099 48671
47439 44080
37882 45840
45098 48401
49415 45224
45394 48321
45061 48411
54641 52624
54632 53524
42879 41440
40173 46072
54620 54724
43421 49210
45615 43024
46393 48051
36460 45696
54598 56924
45387 42892
44461 48190
45083 42716
54649 51824
46223 43376
54650 51724
54584 58324
46831 43728
38672 45920
54623 54424
46134 48121
39225 45976
35038 45552
46763 47951
54652 51524
33300 45376
36618 45712
46282 48081
54616 55124
45033 47629
46451 43508
44409 48241
54578 58924
32668 45312
43577 49057
54661 50624
47895 44344
45209 48371
44247 48631
45843 43156
35749 45624
44506 48561
47819 44300
48731 44828
54664 50324
45135 48391
44201 48445
36855 45736
44765 48491
35117 45560
43563 41836
45657 47017
33853 45432
45449 47221
39778 46032
54663 50424
46652 47981
48883 44916
48807 44872
34090 45456
44357 48292
35828 45632
45345 47323
46319 48071
54647 52024
32510 45296
46071 43288
37645 45816
43715 41924
43877 48731
46375 43464
54607 56024
48427 44652
54606 56124
49111 45048
54585 58224
46948 47901
42803 41396
44876 48461
37487 45800
54594 57324
46800 47941
44543 48551
44210 48641
47096 47861
54646 52124
33221 45368
54635 53224
44987 48431
45690 48241
46147 43332
46985 47891
43265 49363
44095 42144
44045 48598
44358 48601
54642 52524
46060 48141
44779 42540
43993 48649
43259 41660
44839 48471
47059 43860
44513 48139
42745 49873
44305 48343
45505 48291
44802 48481
48503 44696
39462 46000
54597 57024
49035 45004
39857 46040
54622 54524
43840 48741
44950 48441
41133 51454
44551 42408
46615 47991
45241 47425
41705 50893
48351 44608
54605 56224
45468 48301
