100 3
2309 1926
6315 5127
18179 7504
17686 19218
15294 7289
4792 1172
17694 4516
15912 9821
13913 19728
11678 15584
11100 6145
5957 9067
3893 16575
2395 9141
1369 7186
5603 13998
19265 1
7645 11889
7598 13767
1195 5302
6613 19216
3871 5959
12271 630
497 16107
8182 2507
8792 8498
17705 19253
15967 11072
352 17921
5246 14686
8823 1693
1833 7172
15552 8059
1966 5801
7594 3122
2477 19484
1934 10530
11299 2671
18917 14176
13175 8119
16757 3423
2815 1938
9501 10785
8845 15106
9931 9825
8009 10415
17726 18725
3276 6165
12106 13250
12863 1565
17540 19671
10341 11663
14473 19446
13761 17963
6222 9714
13276 6907
5336 2950
10226 12414
7659 14809
1125 19042
5948 13913
9130 9105
15409 3646
13387 12377
10433 3838
1 6221
18023 7944
7529 6665
4767 8819
18672 17614
1012 10960
10401 11919
4473 6320
17620 598
16132 8455
2508 15068
4312 2051
2188 11609
477 16044
22 15546
18258 10881
15316 16346
3150 16252
5211 2817
16922 7888
15340 206
12265 17905
716 5712
2802 13061
1655 18307
13514 15257
13799 486
12234 14149
10333 15959
7996 9034
54 6678
3163 6226
18969 15342
14650 6284
10663 4151
