100 80
6009 4398
13120 9488
10310 8079
7338 6186
4298 4974
14946 2600
16504 4790
13481 5452
12242 8820
16922 2521
19032 18925
18545 19505
18579 10731
1838 1186
8307 19088
42 13386
19431 14286
18921 9484
12226 6063
7593 6229
5385 16494
17840 18861
4518 18212
7236 7644
10369 16730
12212 480
189 5723
13011 7079
8470 15091
10735 14819
8410 16747
7589 10747
435 4163
10430 6481
9266 12631
5681 14345
13411 10974
9390 3492
11340 17899
11185 12948
13633 18031
310 3367
10651 10144
1791 13291
8315 15443
8746 12496
19799 13047
17414 16305
19342 16556
5743 4166
15067 4931
16109 11395
11443 8448
2903 1821
14973 19105
13692 10411
13982 4928
15277 13972
7468 955
12954 13390
6091 12105
5356 1670
14532 2212
18973 19092
19814 13844
15331 4686
12637 14851
19856 11410
13435 4050
19711 19081
9696 4731
9863 13373
3902 1
17512 5110
15057 7692
1 10437
8663 1118
19886 1679
17327 3165
13566 18829
3720 13463
4870 8867
16834 12679
16934 4696
3982 6591
11526 12967
6545 10000
10205 1360
3026 10417
14665 7688
18329 18053
15727 14636
12871 6962
6684 15584
10969 10168
187 220
5643 11011
3895 5027
6280 2447
9243 799
