500 366
76561 93989
96307 36807
86434 75026
77474 63829
97915 14875
68977 72632
4133 89656
21948 13044
19149 56822
67212 49221
8829 36474
81539 38977
62293 14610
80311 21091
86107 80197
89940 87648
40209 63952
38380 87531
67114 27926
58555 33489
21876 66313
71723 45167
57614 27292
83516 94955
43578 94398
46627 52011
6742 70043
407 45801
66294 70318
49917 82001
85403 53685
33391 57493
44426 26895
70576 89406
22298 29175
11242 30414
74984 45457
88503 84249
78606 50233
60385 89654
41067 39819
25616 8295
53498 49093
35165 27306
8709 37428
90515 2718
59613 11747
38045 25189
13997 21674
50251 9904
56072 53930
15141 62777
46428 48691
14678 21279
10335 42669
98242 76347
396 52686
17533 25142
51850 71530
8360 53981
72453 78195
89344 16510
57453 33349
54425 45024
70682 89085
58770 5960
84491 28038
76131 75194
95876 32202
90625 92093
84194 23846
75934 90150
14694 2225
73157 11102
80838 67828
45425 99152
15064 54574
87326 52404
96831 90152
78640 59386
64748 68796
96236 38693
29641 50522
98478 90003
97850 43152
66401 90386
79939 99679
1306 59970
86827 12268
79498 75747
90653 68948
39276 42558
94365 23353
12907 44237
3026 8831
77029 9182
63629 69057
35334 90901
96658 94554
53460 51447
41236 95791
94872 37496
96869 38810
50480 97461
88962 1331
69681 47614
5926 80899
3654 26592
70232 17926
26159 34196
42781 74541
59352 20824
11127 7693
18001 12321
63171 9068
20613 89097
25995 22042
60254 33120
29983 40499
41232 28369
91737 36581
33234 28548
54543 98947
16275 54523
88121 26058
1 60070
80296 48537
71985 76988
88712 92706
17528 91269
96120 53166
74610 55776
88298 23399
79652 52499
96622 19564
71899 22168
50118 89643
4344 6416
60341 22296
47756 38254
97726 66098
14037 65392
41783 79305
87765 87305
94329 48130
698 22928
78106 91732
30885 92943
61196 67687
3006 11821
49743 75453
64498 76188
98359 1144
39195 86477
24134 76335
41835 88234
69381 23143
18203 73508
60215 28799
76331 7251
45934 55827
63314 78312
87009 25323
92413 95482
6705 49488
40695 13054
88644 74083
90982 6477
8708 4638
80376 31460
35448 34125
73023 39846
12756 6112
34313 92509
15514 90607
62188 11927
5993 62731
3809 26785
21670 94285
59527 13857
26313 46010
19496 1506
23737 32592
36633 11761
58975 50080
83608 34644
73892 95706
1221 74266
66177 4284
94293 53169
64499 99326
77812 57764
304 88127
98167 82904
12515 23257
85021 75329
92589 40111
72105 22152
49667 33961
83444 10021
60419 9925
21386 68335
42003 35595
55633 23890
92813 25815
40895 51209
24727 74947
62477 19990
18648 26314
65325 61927
53010 32446
88311 67982
89536 46883
80246 61700
87475 56839
82518 64973
49062 49178
527 5187
44831 92348
33917 57443
24406 38928
13277 76096
11840 66768
92485 93389
71070 48124
96324 75445
42829 25364
71649 85919
63373 50001
6242 69530
33906 52131
17063 6395
10985 84251
92354 18873
92070 73451
28133 27554
3052 34111
282 42694
51837 32528
80054 10402
85249 24191
48957 77661
62982 29362
78765 38241
7173 27638
95524 2642
8439 58714
42368 13870
48498 37059
9913 52357
79313 58203
91717 55681
97777 1
31931 9634
19438 67250
90843 29620
6683 22322
51086 57435
11430 87301
30693 47486
49530 19886
94355 43852
73477 75605
12066 54358
6117 23258
80863 39614
94698 86713
2468 90215
15603 10110
76762 52034
81056 36324
58049 85240
42077 5375
92078 26770
73659 54790
90431 40406
13 40824
15831 2421
56181 74773
97433 45533
84549 63581
66048 95931
1901 96882
22747 69800
21236 18787
70866 792
1787 3576
24705 46550
72722 61499
32044 34418
74226 64016
4243 23758
41933 75522
49697 21357
66292 99397
62380 64765
76451 68477
64761 46063
15265 79635
97824 88791
5338 54137
73467 86325
32277 8408
85661 99455
33275 6283
86053 18988
58500 25136
16413 91579
12339 1716
515 67393
47913 96266
64145 80530
25996 25647
4684 46542
51087 58896
12435 20143
5871 74060
98222 3537
2394 55783
61468 85167
3557 53304
77843 65157
56138 63341
64459 95539
78686 86112
81781 82610
62542 44234
69283 63561
25857 6173
64472 91602
11148 78228
51690 94542
97482 34654
89839 51196
35765 17511
86570 68943
33502 40605
19700 65696
76989 90923
92790 85443
67455 73310
16947 75854
55169 47632
69560 87513
78518 82310
59940 35315
45611 7301
41357 29265
79863 60728
93994 48831
17176 33263
89623 81847
63297 51961
58639 10606
95451 41569
14281 52712
44320 80541
43928 32511
19427 772
98836 14771
65840 15580
22283 76411
5079 12734
89217 81275
29508 2577
51595 84494
82095 64320
15683 42501
52509 46675
87646 91957
60423 65596
61891 19562
67828 22378
38905 7102
21275 4890
19872 39024
14838 88398
16887 59790
40467 37552
39531 23739
23987 87610
51332 92409
50664 7365
53442 84651
92362 4457
85807 58723
94039 54069
75849 48981
55486 63150
67442 16037
70816 94396
82197 4949
64141 86937
23891 16719
39860 22243
9256 81057
89221 65130
71897 61871
62276 41168
61379 42974
17451 55922
9393 48469
13205 29125
91678 2877
34669 69974
63772 76755
81107 6768
9459 63604
79725 46531
84529 50985
31444 20868
1752 95068
72693 38300
95223 91284
33660 52605
7929 57885
22109 68746
97274 34957
37236 36597
5973 6587
99096 89540
95710 87380
66739 81486
43772 22804
73191 47747
84370 29584
40406 22271
59973 3757
94444 30734
82741 56479
30119 29387
13888 91953
42664 53511
5862 28797
51138 97536
86478 29470
16252 51517
32406 99824
22030 84274
47776 93813
39151 96505
18178 49781
52940 80840
27328 95786
51668 48667
93809 11353
19060 99422
68687 25332
53531 63008
59946 75832
4704 5952
73223 64059
63285 38591
22268 23264
16479 86599
82506 87679
53214 56913
53507 1967
97155 7437
71859 98471
25578 66458
81634 83303
8037 45921
24683 51604
26838 62851
84557 2264
65726 32825
70819 75415
98082 30294
16295 10722
14155 15844
88512 16436
34157 68652
91843 59654
73879 48948
14808 64985
47690 740
62416 14078
65084 73362
51967 88382
6401 9558
58137 37807
12625 73410
19458 46591
56715 28342
59940 53389
69227 88505
72911 49735
25144 4668
53018 66038
46777 306
16801 85461
15293 12103
84867 80500
84636 81661
6973 38118
91679 92320
81484 66393
12387 21939
49683 2226
