500 448
10927 71992
58251 91620
65211 77019
19195 62924
32974 31254
78712 19507
36988 34793
67118 7172
92719 33845
19161 65136
72789 47194
39554 11487
93651 39188
68607 77850
28214 12234
84283 55349
47026 55478
32554 42520
21853 28575
59886 51735
87651 71165
22367 54935
62164 40976
74878 89470
54664 71221
18472 94024
21920 43790
83035 74363
52271 31909
44200 67979
39738 96822
52357 44821
3750 3101
31733 1248
69392 41940
13162 91605
62949 73380
14413 51866
57746 41451
29081 5628
16062 28747
72594 63890
38311 37967
69933 71967
40003 6919
3798 30471
75349 79726
82885 72492
90149 79084
21081 14603
22617 59527
32964 50581
18856 1904
43412 63715
69400 76587
5391 88830
52777 1799
39824 77971
66347 7425
14401 26094
56622 6335
86119 34536
23437 48308
27449 85341
1 13572
73156 64868
31858 38956
40917 22457
86229 50699
43696 666
89553 71967
73823 65424
43452 42315
49798 29984
72488 26136
32529 80536
15130 29095
77461 34985
20383 38552
68533 21247
2524 36721
75734 41674
80541 34367
1476 32988
33711 66755
55131 45157
10638 39601
81974 45292
91685 70428
96621 48109
45054 64158
93311 45487
80529 76521
31483 87109
8413 897
37676 1
58085 27275
61699 29747
62793 38611
21775 79512
41078 96489
36148 76892
38593 51702
38539 34459
98977 30263
10831 51497
97042 44016
36947 20479
7645 77556
94863 68415
68473 32395
76079 32524
62328 26543
65211 37764
33685 25106
38005 86972
80273 74749
42860 90490
25006 35203
81875 81384
49290 40320
745 92691
13227 46317
40283 37677
6149 37209
86014 35131
67712 74608
17560 62078
16251 46377
87893 82757
86138 49922
41080 25883
16430 82748
18008 83925
65366 57773
14502 99868
8969 14641
77368 15232
52967 38533
92152 17636
52824 59101
50118 94503
72990 36873
83307 67664
66830 89227
55558 87537
13477 52953
35758 12975
96957 46244
20426 70103
70028 78660
9710 34913
50203 95334
33925 87063
21108 19507
78665 26062
20622 73917
27199 28769
12842 93597
99233 10492
14438 79657
32667 71128
84160 27901
90554 84762
54922 81102
76171 27318
62288 41287
36679 85867
72987 28828
48392 86941
13060 94081
84407 43395
88573 50019
43673 11592
38493 1400
81114 59244
46781 52916
97226 30118
14937 30927
28438 87766
31493 86196
27540 4595
90519 93766
39004 80556
67554 79843
73981 3733
47185 96951
47027 74726
86375 35743
37200 7038
82691 41205
10530 34651
64826 29457
60441 7742
11917 79748
82353 5217
9869 43395
53570 26231
6844 16725
96625 8911
12702 90736
4096 86944
61727 76224
12025 51109
74556 64439
5701 65562
16623 57232
3098 16216
40367 81434
77592 63525
85151 52269
12073 59930
86218 95005
11787 81981
90949 9400
16545 8397
95398 3636
79918 20626
71792 73462
37958 8280
90251 62685
36326 59996
92622 6859
4703 39410
19344 32974
1653 82280
58619 4480
99542 30063
12101 44823
70632 27666
52472 3036
23081 87162
7845 47856
37727 19336
27673 95975
58717 75671
35724 34262
41178 11381
50848 28331
77715 62218
44555 70177
74714 95705
25825 3160
64392 90593
18316 37912
57357 51361
38580 70773
35038 80423
99817 62762
58794 72751
64831 43827
78146 33849
61639 540
45281 35662
97937 12472
99058 39333
35095 58830
78399 73757
80759 77257
15226 59128
10546 99060
86242 72568
69401 49111
28282 37618
10426 85555
29439 3414
53672 75242
92191 23923
59642 15296
27825 53809
9551 73916
49155 26868
17034 44631
21946 27539
86724 97778
13247 53509
42487 13607
79127 15826
53501 28225
13837 7395
10866 80264
71915 43261
67241 64523
79876 64092
34310 43220
33546 24038
67315 43847
4887 82686
26635 84334
98521 43170
96737 29696
43361 11753
27636 55561
83843 38825
46277 97475
77796 97665
57335 73480
54412 49697
30198 40914
84191 50625
74720 80845
24749 34074
33170 42020
42763 45974
89201 76142
5895 41269
69431 2275
57893 65593
4476 97053
10937 58073
55795 67090
40628 88718
54824 29468
70439 11377
62060 1359
82262 70967
5099 53117
11547 23348
69379 38254
14453 54295
11974 74918
77250 36685
2336 81390
94852 51481
25963 23149
6648 5774
10902 98096
27621 47261
75048 65711
67128 98045
69069 37093
6619 65727
89132 74153
28816 18151
88856 74849
49824 59606
96349 815
98614 43411
11301 15022
54580 93452
15635 37250
35403 61213
24884 26522
92291 63009
61111 99917
53419 75756
41540 46517
20728 60023
78232 47009
21915 65881
25545 83425
649 88076
31545 38231
53310 99248
9109 59183
96490 24227
85497 24730
51309 48230
11296 10366
26692 59937
52102 88744
35319 80096
40177 9979
57046 72384
54674 34746
34580 78946
67080 80204
34844 35214
50871 14962
74202 4491
28775 59966
1105 70678
35317 30610
41033 68751
45098 46599
51752 84063
64216 97185
7222 3408
92201 20730
71885 64253
59608 46861
43474 22802
58073 43025
58044 78304
99204 25282
85305 48584
35671 27965
58632 2747
71555 70973
17629 16002
122 32990
30233 85719
5536 80676
17815 53792
34454 97723
60993 6038
28897 94047
53482 4452
99165 86956
28647 11511
60152 98355
42729 13937
33093 95808
66839 1346
33757 20985
54033 805
2933 50217
30950 84251
54452 8455
22587 65102
71197 88891
99347 83565
4426 80
3445 52814
80735 19929
34693 32077
62423 57224
69442 77407
95162 11853
32895 36266
53480 45256
95530 86913
87573 72751
81263 42817
7977 42010
47310 3835
3809 79159
95648 46643
15866 8220
28206 15430
63916 96586
53868 79236
56700 42676
54586 39647
92322 68199
13513 87467
74437 45787
34947 25380
68255 61996
20415 16195
36439 76217
71785 67711
30763 56585
64863 83771
99258 46614
59610 9406
88700 63160
22245 29815
69519 61737
46346 76817
64341 61826
24022 76196
1633 55115
17168 58955
91559 69873
62499 53921
21689 44336
978 34270
18098 52437
15460 82178
7994 33693
13262 91407
21279 13031
91177 35493
12367 90783
69018 37508
30113 93045
48217 93026
68390 31732
18014 65371
19349 59934
20679 80499
31178 57375
26221 21643
20230 49261
99363 58018
49483 28209
41297 12611
64513 70747
77940 32460
86377 76865
69967 63295
56378 16476
64617 18169
99949 41105
17449 82616
63172 35635
9419 38113
76165 10687
60005 35625
10053 96381
24647 75706
4726 59521
30325 82282
31151 69224
62498 24602
87955 17513
34046 32450
67028 60670
1833 15000
