1 0
B 200 500 10
2 0
L 100 100 50
B 2149 100 50
2 2
L 100 100 50
B 2149 100 50
2149 100 180
100 100 0
3 1
L 200 500 10
L 400 500 10
B 600 500 10
200 500 0
3 3
L 100 100 50
L 300 100 20
B 600 600 45
100 100 0
600 600 250
300 100 20
2 2
L 200 500 10
B 400 500 10
400 500 90
200 500 0
3 3
B 2 0 2
L 2 4 1
L 2 20 3
2 0 90
2 4 90
2 0 270
2 2
L 200 500 10
B 400 500 10
400 500 90
200 500 0
3 1
L 200 500 10
L 400 500 10
B 600 500 10
200 500 0
3 4
B 9 8 4
L 20 3 3
B 9 0 1
9 0 90
9 8 225
2 3 15
200 200 13
3 2
L 0 0 2
L 40 21 3
B 20 20 5
20 20 225
21 20 0
3 2
L 0 0 2
L 4 4 1
B 20 20 5
4 4 45
0 0 45
2 2
L 200 500 10
B 400 500 10
400 500 90
200 500 0
3 1
L 200 500 10
L 400 500 10
B 600 500 10
200 500 0
0 0
