116 102
10101 10100 10099 10098 10097 10096 10095 10094 10093 10092 10091 10090 10089 10088 10087 10086 10085 10084 10083 10082 10081 10080 10079 10078 10077 10076 10075 10074 10073 10072 10071 10070 10069 10068 10067 10066 10065 10064 10063 10062 10061 10060 10059 10058 10057 10056 10055 10054 10053 10052 10051 10050 10049 10048 10047 10046 10045 10044 10043 10042 10041 10040 10039 10038 10037 10036 10035 10034 10033 10032 10031 10030 10029 10028 10027 10026 10025 10024 10023 10022 10021 10020 10019 10018 10017 10016 10015 10014 10013 10012 10011 10010 10009 10008 10007 10006 10005 10004 10003 10002 10001 10000
10102 10101 10100 10099 10098 10097 10096 10095 10094 10093 10092 10091 10090 10089 10088 10087 10086 10085 10084 10083 10082 10081 10080 10079 10078 10077 10076 10075 10074 10073 10072 10071 10070 10069 10068 10067 10066 10065 10064 10063 10062 10061 10060 10059 10058 10057 10056 10055 10054 10053 10052 10051 10050 10049 10048 10047 10046 10045 10044 10043 10042 10041 10040 10039 10038 10037 10036 10035 10034 10033 10032 10031 10030 10029 10028 10027 10026 10025 10024 10023 10022 10021 10020 10019 10018 10017 10016 10015 10014 10013 10012 10011 10010 10009 10008 10007 10006 10005 10004 10003 10002 10001
10103 10102 10101 10100 10099 10098 10097 10096 10095 10094 10093 10092 10091 10090 10089 10088 10087 10086 10085 10084 10083 10082 10081 10080 10079 10078 10077 10076 10075 10074 10073 10072 10071 10070 10069 10068 10067 10066 10065 10064 10063 10062 10061 10060 10059 10058 10057 10056 10055 10054 10053 10052 10051 10050 10049 10048 10047 10046 10045 10044 10043 10042 10041 10040 10039 10038 10037 10036 10035 10034 10033 10032 10031 10030 10029 10028 10027 10026 10025 10024 10023 10022 10021 10020 10019 10018 10017 10016 10015 10014 10013 10012 10011 10010 10009 10008 10007 10006 10005 10004 10003 10002
10104 10103 10102 10101 10100 10099 10098 10097 10096 10095 10094 10093 10092 10091 10090 10089 10088 10087 10086 10085 10084 10083 10082 10081 10080 10079 10078 10077 10076 10075 10074 10073 10072 10071 10070 10069 10068 10067 10066 10065 10064 10063 10062 10061 10060 10059 10058 10057 10056 10055 10054 10053 10052 10051 10050 10049 10048 10047 10046 10045 10044 10043 10042 10041 10040 10039 10038 10037 10036 10035 10034 10033 10032 10031 10030 10029 10028 10027 10026 10025 10024 10023 10022 10021 10020 10019 10018 10017 10016 10015 10014 10013 10012 10011 10010 10009 10008 10007 10006 10005 10004 10003
10105 10104 10103 10102 10101 10100 10099 10098 10097 10096 10095 10094 10093 10092 10091 10090 10089 10088 10087 10086 10085 10084 10083 10082 10081 10080 10079 10078 10077 10076 10075 10074 10073 10072 10071 10070 10069 10068 10067 10066 10065 10064 10063 10062 10061 10060 10059 10058 10057 10056 10055 10054 10053 10052 10051 10050 10049 10048 10047 10046 10045 10044 10043 10042 10041 10040 10039 10038 10037 10036 10035 10034 10033 10032 10031 10030 10029 10028 10027 10026 10025 10024 10023 10022 10021 10020 10019 10018 10017 10016 10015 10014 10013 10012 10011 10010 10009 10008 10007 10006 10005 10004
10106 10105 10104 10103 10102 10101 10100 10099 10098 10097 10096 10095 10094 10093 10092 10091 10090 10089 10088 10087 10086 10085 10084 10083 10082 10081 10080 10079 10078 10077 10076 10075 10074 10073 10072 10071 10070 10069 10068 10067 10066 10065 10064 10063 10062 10061 10060 10059 10058 10057 10056 10055 10054 10053 10052 10051 10050 10049 10048 10047 10046 10045 10044 10043 10042 10041 10040 10039 10038 10037 10036 10035 10034 10033 10032 10031 10030 10029 10028 10027 10026 10025 10024 10023 10022 10021 10020 10019 10018 10017 10016 10015 10014 10013 10012 10011 10010 10009 10008 10007 10006 10005
10107 10106 10105 10104 10103 10102 10101 10100 10099 10098 10097 10096 10095 10094 10093 10092 10091 10090 10089 10088 10087 10086 10085 10084 10083 10082 10081 10080 10079 10078 10077 10076 10075 10074 10073 10072 10071 10070 10069 10068 10067 10066 10065 10064 10063 10062 10061 10060 10059 10058 10057 10056 10055 10054 10053 10052 10051 10050 10049 10048 10047 10046 10045 10044 10043 10042 10041 10040 10039 10038 10037 10036 10035 10034 10033 10032 10031 10030 10029 10028 10027 10026 10025 10024 10023 10022 10021 10020 10019 10018 10017 10016 10015 10014 10013 10012 10011 10010 10009 10008 10007 10006
10108 10107 10106 10105 10104 10103 10102 10101 10100 10099 10098 10097 10096 10095 10094 10093 10092 10091 10090 10089 10088 10087 10086 10085 10084 10083 10082 10081 10080 10079 10078 10077 10076 10075 10074 10073 10072 10071 10070 10069 10068 10067 10066 10065 10064 10063 10062 10061 10060 10059 10058 10057 10056 10055 10054 10053 10052 10051 10050 10049 10048 10047 10046 10045 10044 10043 10042 10041 10040 10039 10038 10037 10036 10035 10034 10033 10032 10031 10030 10029 10028 10027 10026 10025 10024 10023 10022 10021 10020 10019 10018 10017 10016 10015 10014 10013 10012 10011 10010 10009 10008 10007
10109 10108 10107 10106 10105 10104 10103 10102 10101 10100 10099 10098 10097 10096 10095 10094 10093 10092 10091 10090 10089 10088 10087 10086 10085 10084 10083 10082 10081 10080 10079 10078 10077 10076 10075 10074 10073 10072 10071 10070 10069 10068 10067 10066 10065 10064 10063 10062 10061 10060 10059 10058 10057 10056 10055 10054 10053 10052 10051 10050 10049 10048 10047 10046 10045 10044 10043 10042 10041 10040 10039 10038 10037 10036 10035 10034 10033 10032 10031 10030 10029 10028 10027 10026 10025 10024 10023 10022 10021 10020 10019 10018 10017 10016 10015 10014 10013 10012 10011 10010 10009 10008
10110 10109 10108 10107 10106 10105 10104 10103 10102 10101 10100 10099 10098 10097 10096 10095 10094 10093 10092 10091 10090 10089 10088 10087 10086 10085 10084 10083 10082 10081 10080 10079 10078 10077 10076 10075 10074 10073 10072 10071 10070 10069 10068 10067 10066 10065 10064 10063 10062 10061 10060 10059 10058 10057 10056 10055 10054 10053 10052 10051 10050 10049 10048 10047 10046 10045 10044 10043 10042 10041 10040 10039 10038 10037 10036 10035 10034 10033 10032 10031 10030 10029 10028 10027 10026 10025 10024 10023 10022 10021 10020 10019 10018 10017 10016 10015 10014 10013 10012 10011 10010 10009
10111 10110 10109 10108 10107 10106 10105 10104 10103 10102 10101 10100 10099 10098 10097 10096 10095 10094 10093 10092 10091 10090 10089 10088 10087 10086 10085 10084 10083 10082 10081 10080 10079 10078 10077 10076 10075 10074 10073 10072 10071 10070 10069 10068 10067 10066 10065 10064 10063 10062 10061 10060 10059 10058 10057 10056 10055 10054 10053 10052 10051 10050 10049 10048 10047 10046 10045 10044 10043 10042 10041 10040 10039 10038 10037 10036 10035 10034 10033 10032 10031 10030 10029 10028 10027 10026 10025 10024 10023 10022 10021 10020 10019 10018 10017 10016 10015 10014 10013 10012 10011 10010
10112 10111 10110 10109 10108 10107 10106 10105 10104 10103 10102 10101 10100 10099 10098 10097 10096 10095 10094 10093 10092 10091 10090 10089 10088 10087 10086 10085 10084 10083 10082 10081 10080 10079 10078 10077 10076 10075 10074 10073 10072 10071 10070 10069 10068 10067 10066 10065 10064 10063 10062 10061 10060 10059 10058 10057 10056 10055 10054 10053 10052 10051 10050 10049 10048 10047 10046 10045 10044 10043 10042 10041 10040 10039 10038 10037 10036 10035 10034 10033 10032 10031 10030 10029 10028 10027 10026 10025 10024 10023 10022 10021 10020 10019 10018 10017 10016 10015 10014 10013 10012 10011
10113 10112 10111 10110 10109 10108 10107 10106 10105 10104 10103 10102 10101 10100 10099 10098 10097 10096 10095 10094 10093 10092 10091 10090 10089 10088 10087 10086 10085 10084 10083 10082 10081 10080 10079 10078 10077 10076 10075 10074 10073 10072 10071 10070 10069 10068 10067 10066 10065 10064 10063 10062 10061 10060 10059 10058 10057 10056 10055 10054 10053 10052 10051 10050 10049 10048 10047 10046 10045 10044 10043 10042 10041 10040 10039 10038 10037 10036 10035 10034 10033 10032 10031 10030 10029 10028 10027 10026 10025 10024 10023 10022 10021 10020 10019 10018 10017 10016 10015 10014 10013 10012
10114 10113 10112 10111 10110 10109 10108 10107 10106 10105 10104 10103 10102 10101 10100 10099 10098 10097 10096 10095 10094 10093 10092 10091 10090 10089 10088 10087 10086 10085 10084 10083 10082 10081 10080 10079 10078 10077 10076 10075 10074 10073 10072 10071 10070 10069 10068 10067 10066 10065 10064 10063 10062 10061 10060 10059 10058 10057 10056 10055 10054 10053 10052 10051 10050 10049 10048 10047 10046 10045 10044 10043 10042 10041 10040 10039 10038 10037 10036 10035 10034 10033 10032 10031 10030 10029 10028 10027 10026 10025 10024 10023 10022 10021 10020 10019 10018 10017 10016 10015 10014 10013
10115 10114 10113 10112 10111 10110 10109 10108 10107 10106 10105 10104 10103 10102 10101 10100 10099 10098 10097 10096 10095 10094 10093 10092 10091 10090 10089 10088 10087 10086 10085 10084 10083 10082 10081 10080 10079 10078 10077 10076 10075 10074 10073 10072 10071 10070 10069 10068 10067 10066 10065 10064 10063 10062 10061 10060 10059 10058 10057 10056 10055 10054 10053 10052 10051 10050 10049 10048 10047 10046 10045 10044 10043 10042 10041 10040 10039 10038 10037 10036 10035 10034 10033 10032 10031 10030 10029 10028 10027 10026 10025 10024 10023 10022 10021 10020 10019 10018 10017 10016 10015 10014
10116 10115 10114 10113 10112 10111 10110 10109 10108 10107 10106 10105 10104 10103 10102 10101 10100 10099 10098 10097 10096 10095 10094 10093 10092 10091 10090 10089 10088 10087 10086 10085 10084 10083 10082 10081 10080 10079 10078 10077 10076 10075 10074 10073 10072 10071 10070 10069 10068 10067 10066 10065 10064 10063 10062 10061 10060 10059 10058 10057 10056 10055 10054 10053 10052 10051 10050 10049 10048 10047 10046 10045 10044 10043 10042 10041 10040 10039 10038 10037 10036 10035 10034 10033 10032 10031 10030 10029 10028 10027 10026 10025 10024 10023 10022 10021 10020 10019 10018 10017 10016 10015
10117 10116 10115 10114 10113 10112 10111 10110 10109 10108 10107 10106 10105 10104 10103 10102 10101 10100 10099 10098 10097 10096 10095 10094 10093 10092 10091 10090 10089 10088 10087 10086 10085 10084 10083 10082 10081 10080 10079 10078 10077 10076 10075 10074 10073 10072 10071 10070 10069 10068 10067 10066 10065 10064 10063 10062 10061 10060 10059 10058 10057 10056 10055 10054 10053 10052 10051 10050 10049 10048 10047 10046 10045 10044 10043 10042 10041 10040 10039 10038 10037 10036 10035 10034 10033 10032 10031 10030 10029 10028 10027 10026 10025 10024 10023 10022 10021 10020 10019 10018 10017 10016
10118 10117 10116 10115 10114 10113 10112 10111 10110 10109 10108 10107 10106 10105 10104 10103 10102 10101 10100 10099 10098 10097 10096 10095 10094 10093 10092 10091 10090 10089 10088 10087 10086 10085 10084 10083 10082 10081 10080 10079 10078 10077 10076 10075 10074 10073 10072 10071 10070 10069 10068 10067 10066 10065 10064 10063 10062 10061 10060 10059 10058 10057 10056 10055 10054 10053 10052 10051 10050 10049 10048 10047 10046 10045 10044 10043 10042 10041 10040 10039 10038 10037 10036 10035 10034 10033 10032 10031 10030 10029 10028 10027 10026 10025 10024 10023 10022 10021 10020 10019 10018 10017
10119 10118 10117 10116 10115 10114 10113 10112 10111 10110 10109 10108 10107 10106 10105 10104 10103 10102 10101 10100 10099 10098 10097 10096 10095 10094 10093 10092 10091 10090 10089 10088 10087 10086 10085 10084 10083 10082 10081 10080 10079 10078 10077 10076 10075 10074 10073 10072 10071 10070 10069 10068 10067 10066 10065 10064 10063 10062 10061 10060 10059 10058 10057 10056 10055 10054 10053 10052 10051 10050 10049 10048 10047 10046 10045 10044 10043 10042 10041 10040 10039 10038 10037 10036 10035 10034 10033 10032 10031 10030 10029 10028 10027 10026 10025 10024 10023 10022 10021 10020 10019 10018
10120 10119 10118 10117 10116 10115 10114 10113 10112 10111 10110 10109 10108 10107 10106 10105 10104 10103 10102 10101 10100 10099 10098 10097 10096 10095 10094 10093 10092 10091 10090 10089 10088 10087 10086 10085 10084 10083 10082 10081 10080 10079 10078 10077 10076 10075 10074 10073 10072 10071 10070 10069 10068 10067 10066 10065 10064 10063 10062 10061 10060 10059 10058 10057 10056 10055 10054 10053 10052 10051 10050 10049 10048 10047 10046 10045 10044 10043 10042 10041 10040 10039 10038 10037 10036 10035 10034 10033 10032 10031 10030 10029 10028 10027 10026 10025 10024 10023 10022 10021 10020 10019
10121 10120 10119 10118 10117 10116 10115 10114 10113 10112 10111 10110 10109 10108 10107 10106 10105 10104 10103 10102 10101 10100 10099 10098 10097 10096 10095 10094 10093 10092 10091 10090 10089 10088 10087 10086 10085 10084 10083 10082 10081 10080 10079 10078 10077 10076 10075 10074 10073 10072 10071 10070 10069 10068 10067 10066 10065 10064 10063 10062 10061 10060 10059 10058 10057 10056 10055 10054 10053 10052 10051 10050 10049 10048 10047 10046 10045 10044 10043 10042 10041 10040 10039 10038 10037 10036 10035 10034 10033 10032 10031 10030 10029 10028 10027 10026 10025 10024 10023 10022 10021 10020
10122 10121 10120 10119 10118 10117 10116 10115 10114 10113 10112 10111 10110 10109 10108 10107 10106 10105 10104 10103 10102 10101 10100 10099 10098 10097 10096 10095 10094 10093 10092 10091 10090 10089 10088 10087 10086 10085 10084 10083 10082 10081 10080 10079 10078 10077 10076 10075 10074 10073 10072 10071 10070 10069 10068 10067 10066 10065 10064 10063 10062 10061 10060 10059 10058 10057 10056 10055 10054 10053 10052 10051 10050 10049 10048 10047 10046 10045 10044 10043 10042 10041 10040 10039 10038 10037 10036 10035 10034 10033 10032 10031 10030 10029 10028 10027 10026 10025 10024 10023 10022 10021
10123 10122 10121 10120 10119 10118 10117 10116 10115 10114 10113 10112 10111 10110 10109 10108 10107 10106 10105 10104 10103 10102 10101 10100 10099 10098 10097 10096 10095 10094 10093 10092 10091 10090 10089 10088 10087 10086 10085 10084 10083 10082 10081 10080 10079 10078 10077 10076 10075 10074 10073 10072 10071 10070 10069 10068 10067 10066 10065 10064 10063 10062 10061 10060 10059 10058 10057 10056 10055 10054 10053 10052 10051 10050 10049 10048 10047 10046 10045 10044 10043 10042 10041 10040 10039 10038 10037 10036 10035 10034 10033 10032 10031 10030 10029 10028 10027 10026 10025 10024 10023 10022
10124 10123 10122 10121 10120 10119 10118 10117 10116 10115 10114 10113 10112 10111 10110 10109 10108 10107 10106 10105 10104 10103 10102 10101 10100 10099 10098 10097 10096 10095 10094 10093 10092 10091 10090 10089 10088 10087 10086 10085 10084 10083 10082 10081 10080 10079 10078 10077 10076 10075 10074 10073 10072 10071 10070 10069 10068 10067 10066 10065 10064 10063 10062 10061 10060 10059 10058 10057 10056 10055 10054 10053 10052 10051 10050 10049 10048 10047 10046 10045 10044 10043 10042 10041 10040 10039 10038 10037 10036 10035 10034 10033 10032 10031 10030 10029 10028 10027 10026 10025 10024 10023
10125 10124 10123 10122 10121 10120 10119 10118 10117 10116 10115 10114 10113 10112 10111 10110 10109 10108 10107 10106 10105 10104 10103 10102 10101 10100 10099 10098 10097 10096 10095 10094 10093 10092 10091 10090 10089 10088 10087 10086 10085 10084 10083 10082 10081 10080 10079 10078 10077 10076 10075 10074 10073 10072 10071 10070 10069 10068 10067 10066 10065 10064 10063 10062 10061 10060 10059 10058 10057 10056 10055 10054 10053 10052 10051 10050 10049 10048 10047 10046 10045 10044 10043 10042 10041 10040 10039 10038 10037 10036 10035 10034 10033 10032 10031 10030 10029 10028 10027 10026 10025 10024
10126 10125 10124 10123 10122 10121 10120 10119 10118 10117 10116 10115 10114 10113 10112 10111 10110 10109 10108 10107 10106 10105 10104 10103 10102 10101 10100 10099 10098 10097 10096 10095 10094 10093 10092 10091 10090 10089 10088 10087 10086 10085 10084 10083 10082 10081 10080 10079 10078 10077 10076 10075 10074 10073 10072 10071 10070 10069 10068 10067 10066 10065 10064 10063 10062 10061 10060 10059 10058 10057 10056 10055 10054 10053 10052 10051 10050 10049 10048 10047 10046 10045 10044 10043 10042 10041 10040 10039 10038 10037 10036 10035 10034 10033 10032 10031 10030 10029 10028 10027 10026 10025
10127 10126 10125 10124 10123 10122 10121 10120 10119 10118 10117 10116 10115 10114 10113 10112 10111 10110 10109 10108 10107 10106 10105 10104 10103 10102 10101 10100 10099 10098 10097 10096 10095 10094 10093 10092 10091 10090 10089 10088 10087 10086 10085 10084 10083 10082 10081 10080 10079 10078 10077 10076 10075 10074 10073 10072 10071 10070 10069 10068 10067 10066 10065 10064 10063 10062 10061 10060 10059 10058 10057 10056 10055 10054 10053 10052 10051 10050 10049 10048 10047 10046 10045 10044 10043 10042 10041 10040 10039 10038 10037 10036 10035 10034 10033 10032 10031 10030 10029 10028 10027 10026
10128 10127 10126 10125 10124 10123 10122 10121 10120 10119 10118 10117 10116 10115 10114 10113 10112 10111 10110 10109 10108 10107 10106 10105 10104 10103 10102 10101 10100 10099 10098 10097 10096 10095 10094 10093 10092 10091 10090 10089 10088 10087 10086 10085 10084 10083 10082 10081 10080 10079 10078 10077 10076 10075 10074 10073 10072 10071 10070 10069 10068 10067 10066 10065 10064 10063 10062 10061 10060 10059 10058 10057 10056 10055 10054 10053 10052 10051 10050 10049 10048 10047 10046 10045 10044 10043 10042 10041 10040 10039 10038 10037 10036 10035 10034 10033 10032 10031 10030 10029 10028 10027
10129 10128 10127 10126 10125 10124 10123 10122 10121 10120 10119 10118 10117 10116 10115 10114 10113 10112 10111 10110 10109 10108 10107 10106 10105 10104 10103 10102 10101 10100 10099 10098 10097 10096 10095 10094 10093 10092 10091 10090 10089 10088 10087 10086 10085 10084 10083 10082 10081 10080 10079 10078 10077 10076 10075 10074 10073 10072 10071 10070 10069 10068 10067 10066 10065 10064 10063 10062 10061 10060 10059 10058 10057 10056 10055 10054 10053 10052 10051 10050 10049 10048 10047 10046 10045 10044 10043 10042 10041 10040 10039 10038 10037 10036 10035 10034 10033 10032 10031 10030 10029 10028
10130 10129 10128 10127 10126 10125 10124 10123 10122 10121 10120 10119 10118 10117 10116 10115 10114 10113 10112 10111 10110 10109 10108 10107 10106 10105 10104 10103 10102 10101 10100 10099 10098 10097 10096 10095 10094 10093 10092 10091 10090 10089 10088 10087 10086 10085 10084 10083 10082 10081 10080 10079 10078 10077 10076 10075 10074 10073 10072 10071 10070 10069 10068 10067 10066 10065 10064 10063 10062 10061 10060 10059 10058 10057 10056 10055 10054 10053 10052 10051 10050 10049 10048 10047 10046 10045 10044 10043 10042 10041 10040 10039 10038 10037 10036 10035 10034 10033 10032 10031 10030 10029
10131 10130 10129 10128 10127 10126 10125 10124 10123 10122 10121 10120 10119 10118 10117 10116 10115 10114 10113 10112 10111 10110 10109 10108 10107 10106 10105 10104 10103 10102 10101 10100 10099 10098 10097 10096 10095 10094 10093 10092 10091 10090 10089 10088 10087 10086 10085 10084 10083 10082 10081 10080 10079 10078 10077 10076 10075 10074 10073 10072 10071 10070 10069 10068 10067 10066 10065 10064 10063 10062 10061 10060 10059 10058 10057 10056 10055 10054 10053 10052 10051 10050 10049 10048 10047 10046 10045 10044 10043 10042 10041 10040 10039 10038 10037 10036 10035 10034 10033 10032 10031 10030
10132 10131 10130 10129 10128 10127 10126 10125 10124 10123 10122 10121 10120 10119 10118 10117 10116 10115 10114 10113 10112 10111 10110 10109 10108 10107 10106 10105 10104 10103 10102 10101 10100 10099 10098 10097 10096 10095 10094 10093 10092 10091 10090 10089 10088 10087 10086 10085 10084 10083 10082 10081 10080 10079 10078 10077 10076 10075 10074 10073 10072 10071 10070 10069 10068 10067 10066 10065 10064 10063 10062 10061 10060 10059 10058 10057 10056 10055 10054 10053 10052 10051 10050 10049 10048 10047 10046 10045 10044 10043 10042 10041 10040 10039 10038 10037 10036 10035 10034 10033 10032 10031
10133 10132 10131 10130 10129 10128 10127 10126 10125 10124 10123 10122 10121 10120 10119 10118 10117 10116 10115 10114 10113 10112 10111 10110 10109 10108 10107 10106 10105 10104 10103 10102 10101 10100 10099 10098 10097 10096 10095 10094 10093 10092 10091 10090 10089 10088 10087 10086 10085 10084 10083 10082 10081 10080 10079 10078 10077 10076 10075 10074 10073 10072 10071 10070 10069 10068 10067 10066 10065 10064 10063 10062 10061 10060 10059 10058 10057 10056 10055 10054 10053 10052 10051 10050 10049 10048 10047 10046 10045 10044 10043 10042 10041 10040 10039 10038 10037 10036 10035 10034 10033 10032
10134 10133 10132 10131 10130 10129 10128 10127 10126 10125 10124 10123 10122 10121 10120 10119 10118 10117 10116 10115 10114 10113 10112 10111 10110 10109 10108 10107 10106 10105 10104 10103 10102 10101 10100 10099 10098 10097 10096 10095 10094 10093 10092 10091 10090 10089 10088 10087 10086 10085 10084 10083 10082 10081 10080 10079 10078 10077 10076 10075 10074 10073 10072 10071 10070 10069 10068 10067 10066 10065 10064 10063 10062 10061 10060 10059 10058 10057 10056 10055 10054 10053 10052 10051 10050 10049 10048 10047 10046 10045 10044 10043 10042 10041 10040 10039 10038 10037 10036 10035 10034 10033
10135 10134 10133 10132 10131 10130 10129 10128 10127 10126 10125 10124 10123 10122 10121 10120 10119 10118 10117 10116 10115 10114 10113 10112 10111 10110 10109 10108 10107 10106 10105 10104 10103 10102 10101 10100 10099 10098 10097 10096 10095 10094 10093 10092 10091 10090 10089 10088 10087 10086 10085 10084 10083 10082 10081 10080 10079 10078 10077 10076 10075 10074 10073 10072 10071 10070 10069 10068 10067 10066 10065 10064 10063 10062 10061 10060 10059 10058 10057 10056 10055 10054 10053 10052 10051 10050 10049 10048 10047 10046 10045 10044 10043 10042 10041 10040 10039 10038 10037 10036 10035 10034
10136 10135 10134 10133 10132 10131 10130 10129 10128 10127 10126 10125 10124 10123 10122 10121 10120 10119 10118 10117 10116 10115 10114 10113 10112 10111 10110 10109 10108 10107 10106 10105 10104 10103 10102 10101 10100 10099 10098 10097 10096 10095 10094 10093 10092 10091 10090 10089 10088 10087 10086 10085 10084 10083 10082 10081 10080 10079 10078 10077 10076 10075 10074 10073 10072 10071 10070 10069 10068 10067 10066 10065 10064 10063 10062 10061 10060 10059 10058 10057 10056 10055 10054 10053 10052 10051 10050 10049 10048 10047 10046 10045 10044 10043 10042 10041 10040 10039 10038 10037 10036 10035
10137 10136 10135 10134 10133 10132 10131 10130 10129 10128 10127 10126 10125 10124 10123 10122 10121 10120 10119 10118 10117 10116 10115 10114 10113 10112 10111 10110 10109 10108 10107 10106 10105 10104 10103 10102 10101 10100 10099 10098 10097 10096 10095 10094 10093 10092 10091 10090 10089 10088 10087 10086 10085 10084 10083 10082 10081 10080 10079 10078 10077 10076 10075 10074 10073 10072 10071 10070 10069 10068 10067 10066 10065 10064 10063 10062 10061 10060 10059 10058 10057 10056 10055 10054 10053 10052 10051 10050 10049 10048 10047 10046 10045 10044 10043 10042 10041 10040 10039 10038 10037 10036
10138 10137 10136 10135 10134 10133 10132 10131 10130 10129 10128 10127 10126 10125 10124 10123 10122 10121 10120 10119 10118 10117 10116 10115 10114 10113 10112 10111 10110 10109 10108 10107 10106 10105 10104 10103 10102 10101 10100 10099 10098 10097 10096 10095 10094 10093 10092 10091 10090 10089 10088 10087 10086 10085 10084 10083 10082 10081 10080 10079 10078 10077 10076 10075 10074 10073 10072 10071 10070 10069 10068 10067 10066 10065 10064 10063 10062 10061 10060 10059 10058 10057 10056 10055 10054 10053 10052 10051 10050 10049 10048 10047 10046 10045 10044 10043 10042 10041 10040 10039 10038 10037
10139 10138 10137 10136 10135 10134 10133 10132 10131 10130 10129 10128 10127 10126 10125 10124 10123 10122 10121 10120 10119 10118 10117 10116 10115 10114 10113 10112 10111 10110 10109 10108 10107 10106 10105 10104 10103 10102 10101 10100 10099 10098 10097 10096 10095 10094 10093 10092 10091 10090 10089 10088 10087 10086 10085 10084 10083 10082 10081 10080 10079 10078 10077 10076 10075 10074 10073 10072 10071 10070 10069 10068 10067 10066 10065 10064 10063 10062 10061 10060 10059 10058 10057 10056 10055 10054 10053 10052 10051 10050 10049 10048 10047 10046 10045 10044 10043 10042 10041 10040 10039 10038
10140 10139 10138 10137 10136 10135 10134 10133 10132 10131 10130 10129 10128 10127 10126 10125 10124 10123 10122 10121 10120 10119 10118 10117 10116 10115 10114 10113 10112 10111 10110 10109 10108 10107 10106 10105 10104 10103 10102 10101 10100 10099 10098 10097 10096 10095 10094 10093 10092 10091 10090 10089 10088 10087 10086 10085 10084 10083 10082 10081 10080 10079 10078 10077 10076 10075 10074 10073 10072 10071 10070 10069 10068 10067 10066 10065 10064 10063 10062 10061 10060 10059 10058 10057 10056 10055 10054 10053 10052 10051 10050 10049 10048 10047 10046 10045 10044 10043 10042 10041 10040 10039
10141 10140 10139 10138 10137 10136 10135 10134 10133 10132 10131 10130 10129 10128 10127 10126 10125 10124 10123 10122 10121 10120 10119 10118 10117 10116 10115 10114 10113 10112 10111 10110 10109 10108 10107 10106 10105 10104 10103 10102 10101 10100 10099 10098 10097 10096 10095 10094 10093 10092 10091 10090 10089 10088 10087 10086 10085 10084 10083 10082 10081 10080 10079 10078 10077 10076 10075 10074 10073 10072 10071 10070 10069 10068 10067 10066 10065 10064 10063 10062 10061 10060 10059 10058 10057 10056 10055 10054 10053 10052 10051 10050 10049 10048 10047 10046 10045 10044 10043 10042 10041 10040
10142 10141 10140 10139 10138 10137 10136 10135 10134 10133 10132 10131 10130 10129 10128 10127 10126 10125 10124 10123 10122 10121 10120 10119 10118 10117 10116 10115 10114 10113 10112 10111 10110 10109 10108 10107 10106 10105 10104 10103 10102 10101 10100 10099 10098 10097 10096 10095 10094 10093 10092 10091 10090 10089 10088 10087 10086 10085 10084 10083 10082 10081 10080 10079 10078 10077 10076 10075 10074 10073 10072 10071 10070 10069 10068 10067 10066 10065 10064 10063 10062 10061 10060 10059 10058 10057 10056 10055 10054 10053 10052 10051 10050 10049 10048 10047 10046 10045 10044 10043 10042 10041
10143 10142 10141 10140 10139 10138 10137 10136 10135 10134 10133 10132 10131 10130 10129 10128 10127 10126 10125 10124 10123 10122 10121 10120 10119 10118 10117 10116 10115 10114 10113 10112 10111 10110 10109 10108 10107 10106 10105 10104 10103 10102 10101 10100 10099 10098 10097 10096 10095 10094 10093 10092 10091 10090 10089 10088 10087 10086 10085 10084 10083 10082 10081 10080 10079 10078 10077 10076 10075 10074 10073 10072 10071 10070 10069 10068 10067 10066 10065 10064 10063 10062 10061 10060 10059 10058 10057 10056 10055 10054 10053 10052 10051 10050 10049 10048 10047 10046 10045 10044 10043 10042
10144 10143 10142 10141 10140 10139 10138 10137 10136 10135 10134 10133 10132 10131 10130 10129 10128 10127 10126 10125 10124 10123 10122 10121 10120 10119 10118 10117 10116 10115 10114 10113 10112 10111 10110 10109 10108 10107 10106 10105 10104 10103 10102 10101 10100 10099 10098 10097 10096 10095 10094 10093 10092 10091 10090 10089 10088 10087 10086 10085 10084 10083 10082 10081 10080 10079 10078 10077 10076 10075 10074 10073 10072 10071 10070 10069 10068 10067 10066 10065 10064 10063 10062 10061 10060 10059 10058 10057 10056 10055 10054 10053 10052 10051 10050 10049 10048 10047 10046 10045 10044 10043
10145 10144 10143 10142 10141 10140 10139 10138 10137 10136 10135 10134 10133 10132 10131 10130 10129 10128 10127 10126 10125 10124 10123 10122 10121 10120 10119 10118 10117 10116 10115 10114 10113 10112 10111 10110 10109 10108 10107 10106 10105 10104 10103 10102 10101 10100 10099 10098 10097 10096 10095 10094 10093 10092 10091 10090 10089 10088 10087 10086 10085 10084 10083 10082 10081 10080 10079 10078 10077 10076 10075 10074 10073 10072 10071 10070 10069 10068 10067 10066 10065 10064 10063 10062 10061 10060 10059 10058 10057 10056 10055 10054 10053 10052 10051 10050 10049 10048 10047 10046 10045 10044
10146 10145 10144 10143 10142 10141 10140 10139 10138 10137 10136 10135 10134 10133 10132 10131 10130 10129 10128 10127 10126 10125 10124 10123 10122 10121 10120 10119 10118 10117 10116 10115 10114 10113 10112 10111 10110 10109 10108 10107 10106 10105 10104 10103 10102 10101 10100 10099 10098 10097 10096 10095 10094 10093 10092 10091 10090 10089 10088 10087 10086 10085 10084 10083 10082 10081 10080 10079 10078 10077 10076 10075 10074 10073 10072 10071 10070 10069 10068 10067 10066 10065 10064 10063 10062 10061 10060 10059 10058 10057 10056 10055 10054 10053 10052 10051 10050 10049 10048 10047 10046 10045
10147 10146 10145 10144 10143 10142 10141 10140 10139 10138 10137 10136 10135 10134 10133 10132 10131 10130 10129 10128 10127 10126 10125 10124 10123 10122 10121 10120 10119 10118 10117 10116 10115 10114 10113 10112 10111 10110 10109 10108 10107 10106 10105 10104 10103 10102 10101 10100 10099 10098 10097 10096 10095 10094 10093 10092 10091 10090 10089 10088 10087 10086 10085 10084 10083 10082 10081 10080 10079 10078 10077 10076 10075 10074 10073 10072 10071 10070 10069 10068 10067 10066 10065 10064 10063 10062 10061 10060 10059 10058 10057 10056 10055 10054 10053 10052 10051 10050 10049 10048 10047 10046
10148 10147 10146 10145 10144 10143 10142 10141 10140 10139 10138 10137 10136 10135 10134 10133 10132 10131 10130 10129 10128 10127 10126 10125 10124 10123 10122 10121 10120 10119 10118 10117 10116 10115 10114 10113 10112 10111 10110 10109 10108 10107 10106 10105 10104 10103 10102 10101 10100 10099 10098 10097 10096 10095 10094 10093 10092 10091 10090 10089 10088 10087 10086 10085 10084 10083 10082 10081 10080 10079 10078 10077 10076 10075 10074 10073 10072 10071 10070 10069 10068 10067 10066 10065 10064 10063 10062 10061 10060 10059 10058 10057 10056 10055 10054 10053 10052 10051 10050 10049 10048 10047
10149 10148 10147 10146 10145 10144 10143 10142 10141 10140 10139 10138 10137 10136 10135 10134 10133 10132 10131 10130 10129 10128 10127 10126 10125 10124 10123 10122 10121 10120 10119 10118 10117 10116 10115 10114 10113 10112 10111 10110 10109 10108 10107 10106 10105 10104 10103 10102 10101 10100 10099 10098 10097 10096 10095 10094 10093 10092 10091 10090 10089 10088 10087 10086 10085 10084 10083 10082 10081 10080 10079 10078 10077 10076 10075 10074 10073 10072 10071 10070 10069 10068 10067 10066 10065 10064 10063 10062 10061 10060 10059 10058 10057 10056 10055 10054 10053 10052 10051 10050 10049 10048
10150 10149 10148 10147 10146 10145 10144 10143 10142 10141 10140 10139 10138 10137 10136 10135 10134 10133 10132 10131 10130 10129 10128 10127 10126 10125 10124 10123 10122 10121 10120 10119 10118 10117 10116 10115 10114 10113 10112 10111 10110 10109 10108 10107 10106 10105 10104 10103 10102 10101 10100 10099 10098 10097 10096 10095 10094 10093 10092 10091 10090 10089 10088 10087 10086 10085 10084 10083 10082 10081 10080 10079 10078 10077 10076 10075 10074 10073 10072 10071 10070 10069 10068 10067 10066 10065 10064 10063 10062 10061 10060 10059 10058 10057 10056 10055 10054 10053 10052 10051 10050 10049
10151 10150 10149 10148 10147 10146 10145 10144 10143 10142 10141 10140 10139 10138 10137 10136 10135 10134 10133 10132 10131 10130 10129 10128 10127 10126 10125 10124 10123 10122 10121 10120 10119 10118 10117 10116 10115 10114 10113 10112 10111 10110 10109 10108 10107 10106 10105 10104 10103 10102 10101 10100 10099 10098 10097 10096 10095 10094 10093 10092 10091 10090 10089 10088 10087 10086 10085 10084 10083 10082 10081 10080 10079 10078 10077 10076 10075 10074 10073 10072 10071 10070 10069 10068 10067 10066 10065 10064 10063 10062 10061 10060 10059 10058 10057 10056 10055 10054 10053 10052 10051 10050
10152 10151 10150 10149 10148 10147 10146 10145 10144 10143 10142 10141 10140 10139 10138 10137 10136 10135 10134 10133 10132 10131 10130 10129 10128 10127 10126 10125 10124 10123 10122 10121 10120 10119 10118 10117 10116 10115 10114 10113 10112 10111 10110 10109 10108 10107 10106 10105 10104 10103 10102 10101 10100 10099 10098 10097 10096 10095 10094 10093 10092 10091 10090 10089 10088 10087 10086 10085 10084 10083 10082 10081 10080 10079 10078 10077 10076 10075 10074 10073 10072 10071 10070 10069 10068 10067 10066 10065 10064 10063 10062 10061 10060 10059 10058 10057 10056 10055 10054 10053 10052 10051
10153 10152 10151 10150 10149 10148 10147 10146 10145 10144 10143 10142 10141 10140 10139 10138 10137 10136 10135 10134 10133 10132 10131 10130 10129 10128 10127 10126 10125 10124 10123 10122 10121 10120 10119 10118 10117 10116 10115 10114 10113 10112 10111 10110 10109 10108 10107 10106 10105 10104 10103 10102 10101 10100 10099 10098 10097 10096 10095 10094 10093 10092 10091 10090 10089 10088 10087 10086 10085 10084 10083 10082 10081 10080 10079 10078 10077 10076 10075 10074 10073 10072 10071 10070 10069 10068 10067 10066 10065 10064 10063 10062 10061 10060 10059 10058 10057 10056 10055 10054 10053 10052
10154 10153 10152 10151 10150 10149 10148 10147 10146 10145 10144 10143 10142 10141 10140 10139 10138 10137 10136 10135 10134 10133 10132 10131 10130 10129 10128 10127 10126 10125 10124 10123 10122 10121 10120 10119 10118 10117 10116 10115 10114 10113 10112 10111 10110 10109 10108 10107 10106 10105 10104 10103 10102 10101 10100 10099 10098 10097 10096 10095 10094 10093 10092 10091 10090 10089 10088 10087 10086 10085 10084 10083 10082 10081 10080 10079 10078 10077 10076 10075 10074 10073 10072 10071 10070 10069 10068 10067 10066 10065 10064 10063 10062 10061 10060 10059 10058 10057 10056 10055 10054 10053
10155 10154 10153 10152 10151 10150 10149 10148 10147 10146 10145 10144 10143 10142 10141 10140 10139 10138 10137 10136 10135 10134 10133 10132 10131 10130 10129 10128 10127 10126 10125 10124 10123 10122 10121 10120 10119 10118 10117 10116 10115 10114 10113 10112 10111 10110 10109 10108 10107 10106 10105 10104 10103 10102 10101 10100 10099 10098 10097 10096 10095 10094 10093 10092 10091 10090 10089 10088 10087 10086 10085 10084 10083 10082 10081 10080 10079 10078 10077 10076 10075 10074 10073 10072 10071 10070 10069 10068 10067 10066 10065 10064 10063 10062 10061 10060 10059 10058 10057 10056 10055 10054
10156 10155 10154 10153 10152 10151 10150 10149 10148 10147 10146 10145 10144 10143 10142 10141 10140 10139 10138 10137 10136 10135 10134 10133 10132 10131 10130 10129 10128 10127 10126 10125 10124 10123 10122 10121 10120 10119 10118 10117 10116 10115 10114 10113 10112 10111 10110 10109 10108 10107 10106 10105 10104 10103 10102 10101 10100 10099 10098 10097 10096 10095 10094 10093 10092 10091 10090 10089 10088 10087 10086 10085 10084 10083 10082 10081 10080 10079 10078 10077 10076 10075 10074 10073 10072 10071 10070 10069 10068 10067 10066 10065 10064 10063 10062 10061 10060 10059 10058 10057 10056 10055
10157 10156 10155 10154 10153 10152 10151 10150 10149 10148 10147 10146 10145 10144 10143 10142 10141 10140 10139 10138 10137 10136 10135 10134 10133 10132 10131 10130 10129 10128 10127 10126 10125 10124 10123 10122 10121 10120 10119 10118 10117 10116 10115 10114 10113 10112 10111 10110 10109 10108 10107 10106 10105 10104 10103 10102 10101 10100 10099 10098 10097 10096 10095 10094 10093 10092 10091 10090 10089 10088 10087 10086 10085 10084 10083 10082 10081 10080 10079 10078 10077 10076 10075 10074 10073 10072 10071 10070 10069 10068 10067 10066 10065 10064 10063 10062 10061 10060 10059 10058 10057 10056
10158 10157 10156 10155 10154 10153 10152 10151 10150 10149 10148 10147 10146 10145 10144 10143 10142 10141 10140 10139 10138 10137 10136 10135 10134 10133 10132 10131 10130 10129 10128 10127 10126 10125 10124 10123 10122 10121 10120 10119 10118 10117 10116 10115 10114 10113 10112 10111 10110 10109 10108 10107 10106 10105 10104 10103 10102 10101 10100 10099 10098 10097 10096 10095 10094 10093 10092 10091 10090 10089 10088 10087 10086 10085 10084 10083 10082 10081 10080 10079 10078 10077 10076 10075 10074 10073 10072 10071 10070 10069 10068 10067 10066 10065 10064 10063 10062 10061 10060 10059 10058 10057
10159 10158 10157 10156 10155 10154 10153 10152 10151 10150 10149 10148 10147 10146 10145 10144 10143 10142 10141 10140 10139 10138 10137 10136 10135 10134 10133 10132 10131 10130 10129 10128 10127 10126 10125 10124 10123 10122 10121 10120 10119 10118 10117 10116 10115 10114 10113 10112 10111 10110 10109 10108 10107 10106 10105 10104 10103 10102 10101 10100 10099 10098 10097 10096 10095 10094 10093 10092 10091 10090 10089 10088 10087 10086 10085 10084 10083 10082 10081 10080 10079 10078 10077 10076 10075 10074 10073 10072 10071 10070 10069 10068 10067 10066 10065 10064 10063 10062 10061 10060 10059 10058
10160 10159 10158 10157 10156 10155 10154 10153 10152 10151 10150 10149 10148 10147 10146 10145 10144 10143 10142 10141 10140 10139 10138 10137 10136 10135 10134 10133 10132 10131 10130 10129 10128 10127 10126 10125 10124 10123 10122 10121 10120 10119 10118 10117 10116 10115 10114 10113 10112 10111 10110 10109 10108 10107 10106 10105 10104 10103 10102 10101 10100 10099 10098 10097 10096 10095 10094 10093 10092 10091 10090 10089 10088 10087 10086 10085 10084 10083 10082 10081 10080 10079 10078 10077 10076 10075 10074 10073 10072 10071 10070 10069 10068 10067 10066 10065 10064 10063 10062 10061 10060 10059
10161 10160 10159 10158 10157 10156 10155 10154 10153 10152 10151 10150 10149 10148 10147 10146 10145 10144 10143 10142 10141 10140 10139 10138 10137 10136 10135 10134 10133 10132 10131 10130 10129 10128 10127 10126 10125 10124 10123 10122 10121 10120 10119 10118 10117 10116 10115 10114 10113 10112 10111 10110 10109 10108 10107 10106 10105 10104 10103 10102 10101 10100 10099 10098 10097 10096 10095 10094 10093 10092 10091 10090 10089 10088 10087 10086 10085 10084 10083 10082 10081 10080 10079 10078 10077 10076 10075 10074 10073 10072 10071 10070 10069 10068 10067 10066 10065 10064 10063 10062 10061 10060
10162 10161 10160 10159 10158 10157 10156 10155 10154 10153 10152 10151 10150 10149 10148 10147 10146 10145 10144 10143 10142 10141 10140 10139 10138 10137 10136 10135 10134 10133 10132 10131 10130 10129 10128 10127 10126 10125 10124 10123 10122 10121 10120 10119 10118 10117 10116 10115 10114 10113 10112 10111 10110 10109 10108 10107 10106 10105 10104 10103 10102 10101 10100 10099 10098 10097 10096 10095 10094 10093 10092 10091 10090 10089 10088 10087 10086 10085 10084 10083 10082 10081 10080 10079 10078 10077 10076 10075 10074 10073 10072 10071 10070 10069 10068 10067 10066 10065 10064 10063 10062 10061
10163 10162 10161 10160 10159 10158 10157 10156 10155 10154 10153 10152 10151 10150 10149 10148 10147 10146 10145 10144 10143 10142 10141 10140 10139 10138 10137 10136 10135 10134 10133 10132 10131 10130 10129 10128 10127 10126 10125 10124 10123 10122 10121 10120 10119 10118 10117 10116 10115 10114 10113 10112 10111 10110 10109 10108 10107 10106 10105 10104 10103 10102 10101 10100 10099 10098 10097 10096 10095 10094 10093 10092 10091 10090 10089 10088 10087 10086 10085 10084 10083 10082 10081 10080 10079 10078 10077 10076 10075 10074 10073 10072 10071 10070 10069 10068 10067 10066 10065 10064 10063 10062
10164 10163 10162 10161 10160 10159 10158 10157 10156 10155 10154 10153 10152 10151 10150 10149 10148 10147 10146 10145 10144 10143 10142 10141 10140 10139 10138 10137 10136 10135 10134 10133 10132 10131 10130 10129 10128 10127 10126 10125 10124 10123 10122 10121 10120 10119 10118 10117 10116 10115 10114 10113 10112 10111 10110 10109 10108 10107 10106 10105 10104 10103 10102 10101 10100 10099 10098 10097 10096 10095 10094 10093 10092 10091 10090 10089 10088 10087 10086 10085 10084 10083 10082 10081 10080 10079 10078 10077 10076 10075 10074 10073 10072 10071 10070 10069 10068 10067 10066 10065 10064 10063
10165 10164 10163 10162 10161 10160 10159 10158 10157 10156 10155 10154 10153 10152 10151 10150 10149 10148 10147 10146 10145 10144 10143 10142 10141 10140 10139 10138 10137 10136 10135 10134 10133 10132 10131 10130 10129 10128 10127 10126 10125 10124 10123 10122 10121 10120 10119 10118 10117 10116 10115 10114 10113 10112 10111 10110 10109 10108 10107 10106 10105 10104 10103 10102 10101 10100 10099 10098 10097 10096 10095 10094 10093 10092 10091 10090 10089 10088 10087 10086 10085 10084 10083 10082 10081 10080 10079 10078 10077 10076 10075 10074 10073 10072 10071 10070 10069 10068 10067 10066 10065 10064
10166 10165 10164 10163 10162 10161 10160 10159 10158 10157 10156 10155 10154 10153 10152 10151 10150 10149 10148 10147 10146 10145 10144 10143 10142 10141 10140 10139 10138 10137 10136 10135 10134 10133 10132 10131 10130 10129 10128 10127 10126 10125 10124 10123 10122 10121 10120 10119 10118 10117 10116 10115 10114 10113 10112 10111 10110 10109 10108 10107 10106 10105 10104 10103 10102 10101 10100 10099 10098 10097 10096 10095 10094 10093 10092 10091 10090 10089 10088 10087 10086 10085 10084 10083 10082 10081 10080 10079 10078 10077 10076 10075 10074 10073 10072 10071 10070 10069 10068 10067 10066 10065
10167 10166 10165 10164 10163 10162 10161 10160 10159 10158 10157 10156 10155 10154 10153 10152 10151 10150 10149 10148 10147 10146 10145 10144 10143 10142 10141 10140 10139 10138 10137 10136 10135 10134 10133 10132 10131 10130 10129 10128 10127 10126 10125 10124 10123 10122 10121 10120 10119 10118 10117 10116 10115 10114 10113 10112 10111 10110 10109 10108 10107 10106 10105 10104 10103 10102 10101 10100 10099 10098 10097 10096 10095 10094 10093 10092 10091 10090 10089 10088 10087 10086 10085 10084 10083 10082 10081 10080 10079 10078 10077 10076 10075 10074 10073 10072 10071 10070 10069 10068 10067 10066
10168 10167 10166 10165 10164 10163 10162 10161 10160 10159 10158 10157 10156 10155 10154 10153 10152 10151 10150 10149 10148 10147 10146 10145 10144 10143 10142 10141 10140 10139 10138 10137 10136 10135 10134 10133 10132 10131 10130 10129 10128 10127 10126 10125 10124 10123 10122 10121 10120 10119 10118 10117 10116 10115 10114 10113 10112 10111 10110 10109 10108 10107 10106 10105 10104 10103 10102 10101 10100 10099 10098 10097 10096 10095 10094 10093 10092 10091 10090 10089 10088 10087 10086 10085 10084 10083 10082 10081 10080 10079 10078 10077 10076 10075 10074 10073 10072 10071 10070 10069 10068 10067
10169 10168 10167 10166 10165 10164 10163 10162 10161 10160 10159 10158 10157 10156 10155 10154 10153 10152 10151 10150 10149 10148 10147 10146 10145 10144 10143 10142 10141 10140 10139 10138 10137 10136 10135 10134 10133 10132 10131 10130 10129 10128 10127 10126 10125 10124 10123 10122 10121 10120 10119 10118 10117 10116 10115 10114 10113 10112 10111 10110 10109 10108 10107 10106 10105 10104 10103 10102 10101 10100 10099 10098 10097 10096 10095 10094 10093 10092 10091 10090 10089 10088 10087 10086 10085 10084 10083 10082 10081 10080 10079 10078 10077 10076 10075 10074 10073 10072 10071 10070 10069 10068
10170 10169 10168 10167 10166 10165 10164 10163 10162 10161 10160 10159 10158 10157 10156 10155 10154 10153 10152 10151 10150 10149 10148 10147 10146 10145 10144 10143 10142 10141 10140 10139 10138 10137 10136 10135 10134 10133 10132 10131 10130 10129 10128 10127 10126 10125 10124 10123 10122 10121 10120 10119 10118 10117 10116 10115 10114 10113 10112 10111 10110 10109 10108 10107 10106 10105 10104 10103 10102 10101 10100 10099 10098 10097 10096 10095 10094 10093 10092 10091 10090 10089 10088 10087 10086 10085 10084 10083 10082 10081 10080 10079 10078 10077 10076 10075 10074 10073 10072 10071 10070 10069
10171 10170 10169 10168 10167 10166 10165 10164 10163 10162 10161 10160 10159 10158 10157 10156 10155 10154 10153 10152 10151 10150 10149 10148 10147 10146 10145 10144 10143 10142 10141 10140 10139 10138 10137 10136 10135 10134 10133 10132 10131 10130 10129 10128 10127 10126 10125 10124 10123 10122 10121 10120 10119 10118 10117 10116 10115 10114 10113 10112 10111 10110 10109 10108 10107 10106 10105 10104 10103 10102 10101 10100 10099 10098 10097 10096 10095 10094 10093 10092 10091 10090 10089 10088 10087 10086 10085 10084 10083 10082 10081 10080 10079 10078 10077 10076 10075 10074 10073 10072 10071 10070
10172 10171 10170 10169 10168 10167 10166 10165 10164 10163 10162 10161 10160 10159 10158 10157 10156 10155 10154 10153 10152 10151 10150 10149 10148 10147 10146 10145 10144 10143 10142 10141 10140 10139 10138 10137 10136 10135 10134 10133 10132 10131 10130 10129 10128 10127 10126 10125 10124 10123 10122 10121 10120 10119 10118 10117 10116 10115 10114 10113 10112 10111 10110 10109 10108 10107 10106 10105 10104 10103 10102 10101 10100 10099 10098 10097 10096 10095 10094 10093 10092 10091 10090 10089 10088 10087 10086 10085 10084 10083 10082 10081 10080 10079 10078 10077 10076 10075 10074 10073 10072 10071
10173 10172 10171 10170 10169 10168 10167 10166 10165 10164 10163 10162 10161 10160 10159 10158 10157 10156 10155 10154 10153 10152 10151 10150 10149 10148 10147 10146 10145 10144 10143 10142 10141 10140 10139 10138 10137 10136 10135 10134 10133 10132 10131 10130 10129 10128 10127 10126 10125 10124 10123 10122 10121 10120 10119 10118 10117 10116 10115 10114 10113 10112 10111 10110 10109 10108 10107 10106 10105 10104 10103 10102 10101 10100 10099 10098 10097 10096 10095 10094 10093 10092 10091 10090 10089 10088 10087 10086 10085 10084 10083 10082 10081 10080 10079 10078 10077 10076 10075 10074 10073 10072
10174 10173 10172 10171 10170 10169 10168 10167 10166 10165 10164 10163 10162 10161 10160 10159 10158 10157 10156 10155 10154 10153 10152 10151 10150 10149 10148 10147 10146 10145 10144 10143 10142 10141 10140 10139 10138 10137 10136 10135 10134 10133 10132 10131 10130 10129 10128 10127 10126 10125 10124 10123 10122 10121 10120 10119 10118 10117 10116 10115 10114 10113 10112 10111 10110 10109 10108 10107 10106 10105 10104 10103 10102 10101 10100 10099 10098 10097 10096 10095 10094 10093 10092 10091 10090 10089 10088 10087 10086 10085 10084 10083 10082 10081 10080 10079 10078 10077 10076 10075 10074 10073
10175 10174 10173 10172 10171 10170 10169 10168 10167 10166 10165 10164 10163 10162 10161 10160 10159 10158 10157 10156 10155 10154 10153 10152 10151 10150 10149 10148 10147 10146 10145 10144 10143 10142 10141 10140 10139 10138 10137 10136 10135 10134 10133 10132 10131 10130 10129 10128 10127 10126 10125 10124 10123 10122 10121 10120 10119 10118 10117 10116 10115 10114 10113 10112 10111 10110 10109 10108 10107 10106 10105 10104 10103 10102 10101 10100 10099 10098 10097 10096 10095 10094 10093 10092 10091 10090 10089 10088 10087 10086 10085 10084 10083 10082 10081 10080 10079 10078 10077 10076 10075 10074
10176 10175 10174 10173 10172 10171 10170 10169 10168 10167 10166 10165 10164 10163 10162 10161 10160 10159 10158 10157 10156 10155 10154 10153 10152 10151 10150 10149 10148 10147 10146 10145 10144 10143 10142 10141 10140 10139 10138 10137 10136 10135 10134 10133 10132 10131 10130 10129 10128 10127 10126 10125 10124 10123 10122 10121 10120 10119 10118 10117 10116 10115 10114 10113 10112 10111 10110 10109 10108 10107 10106 10105 10104 10103 10102 10101 10100 10099 10098 10097 10096 10095 10094 10093 10092 10091 10090 10089 10088 10087 10086 10085 10084 10083 10082 10081 10080 10079 10078 10077 10076 10075
10177 10176 10175 10174 10173 10172 10171 10170 10169 10168 10167 10166 10165 10164 10163 10162 10161 10160 10159 10158 10157 10156 10155 10154 10153 10152 10151 10150 10149 10148 10147 10146 10145 10144 10143 10142 10141 10140 10139 10138 10137 10136 10135 10134 10133 10132 10131 10130 10129 10128 10127 10126 10125 10124 10123 10122 10121 10120 10119 10118 10117 10116 10115 10114 10113 10112 10111 10110 10109 10108 10107 10106 10105 10104 10103 10102 10101 10100 10099 10098 10097 10096 10095 10094 10093 10092 10091 10090 10089 10088 10087 10086 10085 10084 10083 10082 10081 10080 10079 10078 10077 10076
10178 10177 10176 10175 10174 10173 10172 10171 10170 10169 10168 10167 10166 10165 10164 10163 10162 10161 10160 10159 10158 10157 10156 10155 10154 10153 10152 10151 10150 10149 10148 10147 10146 10145 10144 10143 10142 10141 10140 10139 10138 10137 10136 10135 10134 10133 10132 10131 10130 10129 10128 10127 10126 10125 10124 10123 10122 10121 10120 10119 10118 10117 10116 10115 10114 10113 10112 10111 10110 10109 10108 10107 10106 10105 10104 10103 10102 10101 10100 10099 10098 10097 10096 10095 10094 10093 10092 10091 10090 10089 10088 10087 10086 10085 10084 10083 10082 10081 10080 10079 10078 10077
10179 10178 10177 10176 10175 10174 10173 10172 10171 10170 10169 10168 10167 10166 10165 10164 10163 10162 10161 10160 10159 10158 10157 10156 10155 10154 10153 10152 10151 10150 10149 10148 10147 10146 10145 10144 10143 10142 10141 10140 10139 10138 10137 10136 10135 10134 10133 10132 10131 10130 10129 10128 10127 10126 10125 10124 10123 10122 10121 10120 10119 10118 10117 10116 10115 10114 10113 10112 10111 10110 10109 10108 10107 10106 10105 10104 10103 10102 10101 10100 10099 10098 10097 10096 10095 10094 10093 10092 10091 10090 10089 10088 10087 10086 10085 10084 10083 10082 10081 10080 10079 10078
10180 10179 10178 10177 10176 10175 10174 10173 10172 10171 10170 10169 10168 10167 10166 10165 10164 10163 10162 10161 10160 10159 10158 10157 10156 10155 10154 10153 10152 10151 10150 10149 10148 10147 10146 10145 10144 10143 10142 10141 10140 10139 10138 10137 10136 10135 10134 10133 10132 10131 10130 10129 10128 10127 10126 10125 10124 10123 10122 10121 10120 10119 10118 10117 10116 10115 10114 10113 10112 10111 10110 10109 10108 10107 10106 10105 10104 10103 10102 10101 10100 10099 10098 10097 10096 10095 10094 10093 10092 10091 10090 10089 10088 10087 10086 10085 10084 10083 10082 10081 10080 10079
10181 10180 10179 10178 10177 10176 10175 10174 10173 10172 10171 10170 10169 10168 10167 10166 10165 10164 10163 10162 10161 10160 10159 10158 10157 10156 10155 10154 10153 10152 10151 10150 10149 10148 10147 10146 10145 10144 10143 10142 10141 10140 10139 10138 10137 10136 10135 10134 10133 10132 10131 10130 10129 10128 10127 10126 10125 10124 10123 10122 10121 10120 10119 10118 10117 10116 10115 10114 10113 10112 10111 10110 10109 10108 10107 10106 10105 10104 10103 10102 10101 10100 10099 10098 10097 10096 10095 10094 10093 10092 10091 10090 10089 10088 10087 10086 10085 10084 10083 10082 10081 10080
10182 10181 10180 10179 10178 10177 10176 10175 10174 10173 10172 10171 10170 10169 10168 10167 10166 10165 10164 10163 10162 10161 10160 10159 10158 10157 10156 10155 10154 10153 10152 10151 10150 10149 10148 10147 10146 10145 10144 10143 10142 10141 10140 10139 10138 10137 10136 10135 10134 10133 10132 10131 10130 10129 10128 10127 10126 10125 10124 10123 10122 10121 10120 10119 10118 10117 10116 10115 10114 10113 10112 10111 10110 10109 10108 10107 10106 10105 10104 10103 10102 10101 10100 10099 10098 10097 10096 10095 10094 10093 10092 10091 10090 10089 10088 10087 10086 10085 10084 10083 10082 10081
10183 10182 10181 10180 10179 10178 10177 10176 10175 10174 10173 10172 10171 10170 10169 10168 10167 10166 10165 10164 10163 10162 10161 10160 10159 10158 10157 10156 10155 10154 10153 10152 10151 10150 10149 10148 10147 10146 10145 10144 10143 10142 10141 10140 10139 10138 10137 10136 10135 10134 10133 10132 10131 10130 10129 10128 10127 10126 10125 10124 10123 10122 10121 10120 10119 10118 10117 10116 10115 10114 10113 10112 10111 10110 10109 10108 10107 10106 10105 10104 10103 10102 10101 10100 10099 10098 10097 10096 10095 10094 10093 10092 10091 10090 10089 10088 10087 10086 10085 10084 10083 10082
10184 10183 10182 10181 10180 10179 10178 10177 10176 10175 10174 10173 10172 10171 10170 10169 10168 10167 10166 10165 10164 10163 10162 10161 10160 10159 10158 10157 10156 10155 10154 10153 10152 10151 10150 10149 10148 10147 10146 10145 10144 10143 10142 10141 10140 10139 10138 10137 10136 10135 10134 10133 10132 10131 10130 10129 10128 10127 10126 10125 10124 10123 10122 10121 10120 10119 10118 10117 10116 10115 10114 10113 10112 10111 10110 10109 10108 10107 10106 10105 10104 10103 10102 10101 10100 10099 10098 10097 10096 10095 10094 10093 10092 10091 10090 10089 10088 10087 10086 10085 10084 10083
10185 10184 10183 10182 10181 10180 10179 10178 10177 10176 10175 10174 10173 10172 10171 10170 10169 10168 10167 10166 10165 10164 10163 10162 10161 10160 10159 10158 10157 10156 10155 10154 10153 10152 10151 10150 10149 10148 10147 10146 10145 10144 10143 10142 10141 10140 10139 10138 10137 10136 10135 10134 10133 10132 10131 10130 10129 10128 10127 10126 10125 10124 10123 10122 10121 10120 10119 10118 10117 10116 10115 10114 10113 10112 10111 10110 10109 10108 10107 10106 10105 10104 10103 10102 10101 10100 10099 10098 10097 10096 10095 10094 10093 10092 10091 10090 10089 10088 10087 10086 10085 10084
10186 10185 10184 10183 10182 10181 10180 10179 10178 10177 10176 10175 10174 10173 10172 10171 10170 10169 10168 10167 10166 10165 10164 10163 10162 10161 10160 10159 10158 10157 10156 10155 10154 10153 10152 10151 10150 10149 10148 10147 10146 10145 10144 10143 10142 10141 10140 10139 10138 10137 10136 10135 10134 10133 10132 10131 10130 10129 10128 10127 10126 10125 10124 10123 10122 10121 10120 10119 10118 10117 10116 10115 10114 10113 10112 10111 10110 10109 10108 10107 10106 10105 10104 10103 10102 10101 10100 10099 10098 10097 10096 10095 10094 10093 10092 10091 10090 10089 10088 10087 10086 10085
10187 10186 10185 10184 10183 10182 10181 10180 10179 10178 10177 10176 10175 10174 10173 10172 10171 10170 10169 10168 10167 10166 10165 10164 10163 10162 10161 10160 10159 10158 10157 10156 10155 10154 10153 10152 10151 10150 10149 10148 10147 10146 10145 10144 10143 10142 10141 10140 10139 10138 10137 10136 10135 10134 10133 10132 10131 10130 10129 10128 10127 10126 10125 10124 10123 10122 10121 10120 10119 10118 10117 10116 10115 10114 10113 10112 10111 10110 10109 10108 10107 10106 10105 10104 10103 10102 10101 10100 10099 10098 10097 10096 10095 10094 10093 10092 10091 10090 10089 10088 10087 10086
10188 10187 10186 10185 10184 10183 10182 10181 10180 10179 10178 10177 10176 10175 10174 10173 10172 10171 10170 10169 10168 10167 10166 10165 10164 10163 10162 10161 10160 10159 10158 10157 10156 10155 10154 10153 10152 10151 10150 10149 10148 10147 10146 10145 10144 10143 10142 10141 10140 10139 10138 10137 10136 10135 10134 10133 10132 10131 10130 10129 10128 10127 10126 10125 10124 10123 10122 10121 10120 10119 10118 10117 10116 10115 10114 10113 10112 10111 10110 10109 10108 10107 10106 10105 10104 10103 10102 10101 10100 10099 10098 10097 10096 10095 10094 10093 10092 10091 10090 10089 10088 10087
10189 10188 10187 10186 10185 10184 10183 10182 10181 10180 10179 10178 10177 10176 10175 10174 10173 10172 10171 10170 10169 10168 10167 10166 10165 10164 10163 10162 10161 10160 10159 10158 10157 10156 10155 10154 10153 10152 10151 10150 10149 10148 10147 10146 10145 10144 10143 10142 10141 10140 10139 10138 10137 10136 10135 10134 10133 10132 10131 10130 10129 10128 10127 10126 10125 10124 10123 10122 10121 10120 10119 10118 10117 10116 10115 10114 10113 10112 10111 10110 10109 10108 10107 10106 10105 10104 10103 10102 10101 10100 10099 10098 10097 10096 10095 10094 10093 10092 10091 10090 10089 10088
10190 10189 10188 10187 10186 10185 10184 10183 10182 10181 10180 10179 10178 10177 10176 10175 10174 10173 10172 10171 10170 10169 10168 10167 10166 10165 10164 10163 10162 10161 10160 10159 10158 10157 10156 10155 10154 10153 10152 10151 10150 10149 10148 10147 10146 10145 10144 10143 10142 10141 10140 10139 10138 10137 10136 10135 10134 10133 10132 10131 10130 10129 10128 10127 10126 10125 10124 10123 10122 10121 10120 10119 10118 10117 10116 10115 10114 10113 10112 10111 10110 10109 10108 10107 10106 10105 10104 10103 10102 10101 10100 10099 10098 10097 10096 10095 10094 10093 10092 10091 10090 10089
10191 10190 10189 10188 10187 10186 10185 10184 10183 10182 10181 10180 10179 10178 10177 10176 10175 10174 10173 10172 10171 10170 10169 10168 10167 10166 10165 10164 10163 10162 10161 10160 10159 10158 10157 10156 10155 10154 10153 10152 10151 10150 10149 10148 10147 10146 10145 10144 10143 10142 10141 10140 10139 10138 10137 10136 10135 10134 10133 10132 10131 10130 10129 10128 10127 10126 10125 10124 10123 10122 10121 10120 10119 10118 10117 10116 10115 10114 10113 10112 10111 10110 10109 10108 10107 10106 10105 10104 10103 10102 10101 10100 10099 10098 10097 10096 10095 10094 10093 10092 10091 10090
10192 10191 10190 10189 10188 10187 10186 10185 10184 10183 10182 10181 10180 10179 10178 10177 10176 10175 10174 10173 10172 10171 10170 10169 10168 10167 10166 10165 10164 10163 10162 10161 10160 10159 10158 10157 10156 10155 10154 10153 10152 10151 10150 10149 10148 10147 10146 10145 10144 10143 10142 10141 10140 10139 10138 10137 10136 10135 10134 10133 10132 10131 10130 10129 10128 10127 10126 10125 10124 10123 10122 10121 10120 10119 10118 10117 10116 10115 10114 10113 10112 10111 10110 10109 10108 10107 10106 10105 10104 10103 10102 10101 10100 10099 10098 10097 10096 10095 10094 10093 10092 10091
10193 10192 10191 10190 10189 10188 10187 10186 10185 10184 10183 10182 10181 10180 10179 10178 10177 10176 10175 10174 10173 10172 10171 10170 10169 10168 10167 10166 10165 10164 10163 10162 10161 10160 10159 10158 10157 10156 10155 10154 10153 10152 10151 10150 10149 10148 10147 10146 10145 10144 10143 10142 10141 10140 10139 10138 10137 10136 10135 10134 10133 10132 10131 10130 10129 10128 10127 10126 10125 10124 10123 10122 10121 10120 10119 10118 10117 10116 10115 10114 10113 10112 10111 10110 10109 10108 10107 10106 10105 10104 10103 10102 10101 10100 10099 10098 10097 10096 10095 10094 10093 10092
10194 10193 10192 10191 10190 10189 10188 10187 10186 10185 10184 10183 10182 10181 10180 10179 10178 10177 10176 10175 10174 10173 10172 10171 10170 10169 10168 10167 10166 10165 10164 10163 10162 10161 10160 10159 10158 10157 10156 10155 10154 10153 10152 10151 10150 10149 10148 10147 10146 10145 10144 10143 10142 10141 10140 10139 10138 10137 10136 10135 10134 10133 10132 10131 10130 10129 10128 10127 10126 10125 10124 10123 10122 10121 10120 10119 10118 10117 10116 10115 10114 10113 10112 10111 10110 10109 10108 10107 10106 10105 10104 10103 10102 10101 10100 10099 10098 10097 10096 10095 10094 10093
10195 10194 10193 10192 10191 10190 10189 10188 10187 10186 10185 10184 10183 10182 10181 10180 10179 10178 10177 10176 10175 10174 10173 10172 10171 10170 10169 10168 10167 10166 10165 10164 10163 10162 10161 10160 10159 10158 10157 10156 10155 10154 10153 10152 10151 10150 10149 10148 10147 10146 10145 10144 10143 10142 10141 10140 10139 10138 10137 10136 10135 10134 10133 10132 10131 10130 10129 10128 10127 10126 10125 10124 10123 10122 10121 10120 10119 10118 10117 10116 10115 10114 10113 10112 10111 10110 10109 10108 10107 10106 10105 10104 10103 10102 10101 10100 10099 10098 10097 10096 10095 10094
10196 10195 10194 10193 10192 10191 10190 10189 10188 10187 10186 10185 10184 10183 10182 10181 10180 10179 10178 10177 10176 10175 10174 10173 10172 10171 10170 10169 10168 10167 10166 10165 10164 10163 10162 10161 10160 10159 10158 10157 10156 10155 10154 10153 10152 10151 10150 10149 10148 10147 10146 10145 10144 10143 10142 10141 10140 10139 10138 10137 10136 10135 10134 10133 10132 10131 10130 10129 10128 10127 10126 10125 10124 10123 10122 10121 10120 10119 10118 10117 10116 10115 10114 10113 10112 10111 10110 10109 10108 10107 10106 10105 10104 10103 10102 10101 10100 10099 10098 10097 10096 10095
10197 10196 10195 10194 10193 10192 10191 10190 10189 10188 10187 10186 10185 10184 10183 10182 10181 10180 10179 10178 10177 10176 10175 10174 10173 10172 10171 10170 10169 10168 10167 10166 10165 10164 10163 10162 10161 10160 10159 10158 10157 10156 10155 10154 10153 10152 10151 10150 10149 10148 10147 10146 10145 10144 10143 10142 10141 10140 10139 10138 10137 10136 10135 10134 10133 10132 10131 10130 10129 10128 10127 10126 10125 10124 10123 10122 10121 10120 10119 10118 10117 10116 10115 10114 10113 10112 10111 10110 10109 10108 10107 10106 10105 10104 10103 10102 10101 10100 10099 10098 10097 10096
10198 10197 10196 10195 10194 10193 10192 10191 10190 10189 10188 10187 10186 10185 10184 10183 10182 10181 10180 10179 10178 10177 10176 10175 10174 10173 10172 10171 10170 10169 10168 10167 10166 10165 10164 10163 10162 10161 10160 10159 10158 10157 10156 10155 10154 10153 10152 10151 10150 10149 10148 10147 10146 10145 10144 10143 10142 10141 10140 10139 10138 10137 10136 10135 10134 10133 10132 10131 10130 10129 10128 10127 10126 10125 10124 10123 10122 10121 10120 10119 10118 10117 10116 10115 10114 10113 10112 10111 10110 10109 10108 10107 10106 10105 10104 10103 10102 10101 10100 10099 10098 10097
10199 10198 10197 10196 10195 10194 10193 10192 10191 10190 10189 10188 10187 10186 10185 10184 10183 10182 10181 10180 10179 10178 10177 10176 10175 10174 10173 10172 10171 10170 10169 10168 10167 10166 10165 10164 10163 10162 10161 10160 10159 10158 10157 10156 10155 10154 10153 10152 10151 10150 10149 10148 10147 10146 10145 10144 10143 10142 10141 10140 10139 10138 10137 10136 10135 10134 10133 10132 10131 10130 10129 10128 10127 10126 10125 10124 10123 10122 10121 10120 10119 10118 10117 10116 10115 10114 10113 10112 10111 10110 10109 10108 10107 10106 10105 10104 10103 10102 10101 10100 10099 10098
10200 10199 10198 10197 10196 10195 10194 10193 10192 10191 10190 10189 10188 10187 10186 10185 10184 10183 10182 10181 10180 10179 10178 10177 10176 10175 10174 10173 10172 10171 10170 10169 10168 10167 10166 10165 10164 10163 10162 10161 10160 10159 10158 10157 10156 10155 10154 10153 10152 10151 10150 10149 10148 10147 10146 10145 10144 10143 10142 10141 10140 10139 10138 10137 10136 10135 10134 10133 10132 10131 10130 10129 10128 10127 10126 10125 10124 10123 10122 10121 10120 10119 10118 10117 10116 10115 10114 10113 10112 10111 10110 10109 10108 10107 10106 10105 10104 10103 10102 10101 10100 10099
10201 10200 10199 10198 10197 10196 10195 10194 10193 10192 10191 10190 10189 10188 10187 10186 10185 10184 10183 10182 10181 10180 10179 10178 10177 10176 10175 10174 10173 10172 10171 10170 10169 10168 10167 10166 10165 10164 10163 10162 10161 10160 10159 10158 10157 10156 10155 10154 10153 10152 10151 10150 10149 10148 10147 10146 10145 10144 10143 10142 10141 10140 10139 10138 10137 10136 10135 10134 10133 10132 10131 10130 10129 10128 10127 10126 10125 10124 10123 10122 10121 10120 10119 10118 10117 10116 10115 10114 10113 10112 10111 10110 10109 10108 10107 10106 10105 10104 10103 10102 10101 10100
10202 10201 10200 10199 10198 10197 10196 10195 10194 10193 10192 10191 10190 10189 10188 10187 10186 10185 10184 10183 10182 10181 10180 10179 10178 10177 10176 10175 10174 10173 10172 10171 10170 10169 10168 10167 10166 10165 10164 10163 10162 10161 10160 10159 10158 10157 10156 10155 10154 10153 10152 10151 10150 10149 10148 10147 10146 10145 10144 10143 10142 10141 10140 10139 10138 10137 10136 10135 10134 10133 10132 10131 10130 10129 10128 10127 10126 10125 10124 10123 10122 10121 10120 10119 10118 10117 10116 10115 10114 10113 10112 10111 10110 10109 10108 10107 10106 10105 10104 10103 10102 10101
10203 10202 10201 10200 10199 10198 10197 10196 10195 10194 10193 10192 10191 10190 10189 10188 10187 10186 10185 10184 10183 10182 10181 10180 10179 10178 10177 10176 10175 10174 10173 10172 10171 10170 10169 10168 10167 10166 10165 10164 10163 10162 10161 10160 10159 10158 10157 10156 10155 10154 10153 10152 10151 10150 10149 10148 10147 10146 10145 10144 10143 10142 10141 10140 10139 10138 10137 10136 10135 10134 10133 10132 10131 10130 10129 10128 10127 10126 10125 10124 10123 10122 10121 10120 10119 10118 10117 10116 10115 10114 10113 10112 10111 10110 10109 10108 10107 10106 10105 10104 10103 10102
10204 10203 10202 10201 10200 10199 10198 10197 10196 10195 10194 10193 10192 10191 10190 10189 10188 10187 10186 10185 10184 10183 10182 10181 10180 10179 10178 10177 10176 10175 10174 10173 10172 10171 10170 10169 10168 10167 10166 10165 10164 10163 10162 10161 10160 10159 10158 10157 10156 10155 10154 10153 10152 10151 10150 10149 10148 10147 10146 10145 10144 10143 10142 10141 10140 10139 10138 10137 10136 10135 10134 10133 10132 10131 10130 10129 10128 10127 10126 10125 10124 10123 10122 10121 10120 10119 10118 10117 10116 10115 10114 10113 10112 10111 10110 10109 10108 10107 10106 10105 10104 10103
10205 10204 10203 10202 10201 10200 10199 10198 10197 10196 10195 10194 10193 10192 10191 10190 10189 10188 10187 10186 10185 10184 10183 10182 10181 10180 10179 10178 10177 10176 10175 10174 10173 10172 10171 10170 10169 10168 10167 10166 10165 10164 10163 10162 10161 10160 10159 10158 10157 10156 10155 10154 10153 10152 10151 10150 10149 10148 10147 10146 10145 10144 10143 10142 10141 10140 10139 10138 10137 10136 10135 10134 10133 10132 10131 10130 10129 10128 10127 10126 10125 10124 10123 10122 10121 10120 10119 10118 10117 10116 10115 10114 10113 10112 10111 10110 10109 10108 10107 10106 10105 10104
10206 10205 10204 10203 10202 10201 10200 10199 10198 10197 10196 10195 10194 10193 10192 10191 10190 10189 10188 10187 10186 10185 10184 10183 10182 10181 10180 10179 10178 10177 10176 10175 10174 10173 10172 10171 10170 10169 10168 10167 10166 10165 10164 10163 10162 10161 10160 10159 10158 10157 10156 10155 10154 10153 10152 10151 10150 10149 10148 10147 10146 10145 10144 10143 10142 10141 10140 10139 10138 10137 10136 10135 10134 10133 10132 10131 10130 10129 10128 10127 10126 10125 10124 10123 10122 10121 10120 10119 10118 10117 10116 10115 10114 10113 10112 10111 10110 10109 10108 10107 10106 10105
10207 10206 10205 10204 10203 10202 10201 10200 10199 10198 10197 10196 10195 10194 10193 10192 10191 10190 10189 10188 10187 10186 10185 10184 10183 10182 10181 10180 10179 10178 10177 10176 10175 10174 10173 10172 10171 10170 10169 10168 10167 10166 10165 10164 10163 10162 10161 10160 10159 10158 10157 10156 10155 10154 10153 10152 10151 10150 10149 10148 10147 10146 10145 10144 10143 10142 10141 10140 10139 10138 10137 10136 10135 10134 10133 10132 10131 10130 10129 10128 10127 10126 10125 10124 10123 10122 10121 10120 10119 10118 10117 10116 10115 10114 10113 10112 10111 10110 10109 10108 10107 10106
10208 10207 10206 10205 10204 10203 10202 10201 10200 10199 10198 10197 10196 10195 10194 10193 10192 10191 10190 10189 10188 10187 10186 10185 10184 10183 10182 10181 10180 10179 10178 10177 10176 10175 10174 10173 10172 10171 10170 10169 10168 10167 10166 10165 10164 10163 10162 10161 10160 10159 10158 10157 10156 10155 10154 10153 10152 10151 10150 10149 10148 10147 10146 10145 10144 10143 10142 10141 10140 10139 10138 10137 10136 10135 10134 10133 10132 10131 10130 10129 10128 10127 10126 10125 10124 10123 10122 10121 10120 10119 10118 10117 10116 10115 10114 10113 10112 10111 10110 10109 10108 10107
10209 10208 10207 10206 10205 10204 10203 10202 10201 10200 10199 10198 10197 10196 10195 10194 10193 10192 10191 10190 10189 10188 10187 10186 10185 10184 10183 10182 10181 10180 10179 10178 10177 10176 10175 10174 10173 10172 10171 10170 10169 10168 10167 10166 10165 10164 10163 10162 10161 10160 10159 10158 10157 10156 10155 10154 10153 10152 10151 10150 10149 10148 10147 10146 10145 10144 10143 10142 10141 10140 10139 10138 10137 10136 10135 10134 10133 10132 10131 10130 10129 10128 10127 10126 10125 10124 10123 10122 10121 10120 10119 10118 10117 10116 10115 10114 10113 10112 10111 10110 10109 10108
10210 10209 10208 10207 10206 10205 10204 10203 10202 10201 10200 10199 10198 10197 10196 10195 10194 10193 10192 10191 10190 10189 10188 10187 10186 10185 10184 10183 10182 10181 10180 10179 10178 10177 10176 10175 10174 10173 10172 10171 10170 10169 10168 10167 10166 10165 10164 10163 10162 10161 10160 10159 10158 10157 10156 10155 10154 10153 10152 10151 10150 10149 10148 10147 10146 10145 10144 10143 10142 10141 10140 10139 10138 10137 10136 10135 10134 10133 10132 10131 10130 10129 10128 10127 10126 10125 10124 10123 10122 10121 10120 10119 10118 10117 10116 10115 10114 10113 10112 10111 10110 10109
10211 10210 10209 10208 10207 10206 10205 10204 10203 10202 10201 10200 10199 10198 10197 10196 10195 10194 10193 10192 10191 10190 10189 10188 10187 10186 10185 10184 10183 10182 10181 10180 10179 10178 10177 10176 10175 10174 10173 10172 10171 10170 10169 10168 10167 10166 10165 10164 10163 10162 10161 10160 10159 10158 10157 10156 10155 10154 10153 10152 10151 10150 10149 10148 10147 10146 10145 10144 10143 10142 10141 10140 10139 10138 10137 10136 10135 10134 10133 10132 10131 10130 10129 10128 10127 10126 10125 10124 10123 10122 10121 10120 10119 10118 10117 10116 10115 10114 10113 10112 10111 10110
10212 10211 10210 10209 10208 10207 10206 10205 10204 10203 10202 10201 10200 10199 10198 10197 10196 10195 10194 10193 10192 10191 10190 10189 10188 10187 10186 10185 10184 10183 10182 10181 10180 10179 10178 10177 10176 10175 10174 10173 10172 10171 10170 10169 10168 10167 10166 10165 10164 10163 10162 10161 10160 10159 10158 10157 10156 10155 10154 10153 10152 10151 10150 10149 10148 10147 10146 10145 10144 10143 10142 10141 10140 10139 10138 10137 10136 10135 10134 10133 10132 10131 10130 10129 10128 10127 10126 10125 10124 10123 10122 10121 10120 10119 10118 10117 10116 10115 10114 10113 10112 10111
10213 10212 10211 10210 10209 10208 10207 10206 10205 10204 10203 10202 10201 10200 10199 10198 10197 10196 10195 10194 10193 10192 10191 10190 10189 10188 10187 10186 10185 10184 10183 10182 10181 10180 10179 10178 10177 10176 10175 10174 10173 10172 10171 10170 10169 10168 10167 10166 10165 10164 10163 10162 10161 10160 10159 10158 10157 10156 10155 10154 10153 10152 10151 10150 10149 10148 10147 10146 10145 10144 10143 10142 10141 10140 10139 10138 10137 10136 10135 10134 10133 10132 10131 10130 10129 10128 10127 10126 10125 10124 10123 10122 10121 10120 10119 10118 10117 10116 10115 10114 10113 10112
10214 10213 10212 10211 10210 10209 10208 10207 10206 10205 10204 10203 10202 10201 10200 10199 10198 10197 10196 10195 10194 10193 10192 10191 10190 10189 10188 10187 10186 10185 10184 10183 10182 10181 10180 10179 10178 10177 10176 10175 10174 10173 10172 10171 10170 10169 10168 10167 10166 10165 10164 10163 10162 10161 10160 10159 10158 10157 10156 10155 10154 10153 10152 10151 10150 10149 10148 10147 10146 10145 10144 10143 10142 10141 10140 10139 10138 10137 10136 10135 10134 10133 10132 10131 10130 10129 10128 10127 10126 10125 10124 10123 10122 10121 10120 10119 10118 10117 10116 10115 10114 10113
10215 10214 10213 10212 10211 10210 10209 10208 10207 10206 10205 10204 10203 10202 10201 10200 10199 10198 10197 10196 10195 10194 10193 10192 10191 10190 10189 10188 10187 10186 10185 10184 10183 10182 10181 10180 10179 10178 10177 10176 10175 10174 10173 10172 10171 10170 10169 10168 10167 10166 10165 10164 10163 10162 10161 10160 10159 10158 10157 10156 10155 10154 10153 10152 10151 10150 10149 10148 10147 10146 10145 10144 10143 10142 10141 10140 10139 10138 10137 10136 10135 10134 10133 10132 10131 10130 10129 10128 10127 10126 10125 10124 10123 10122 10121 10120 10119 10118 10117 10116 10115 10114
10216 10215 10214 10213 10212 10211 10210 10209 10208 10207 10206 10205 10204 10203 10202 10201 10200 10199 10198 10197 10196 10195 10194 10193 10192 10191 10190 10189 10188 10187 10186 10185 10184 10183 10182 10181 10180 10179 10178 10177 10176 10175 10174 10173 10172 10171 10170 10169 10168 10167 10166 10165 10164 10163 10162 10161 10160 10159 10158 10157 10156 10155 10154 10153 10152 10151 10150 10149 10148 10147 10146 10145 10144 10143 10142 10141 10140 10139 10138 10137 10136 10135 10134 10133 10132 10131 10130 10129 10128 10127 10126 10125 10124 10123 10122 10121 10120 10119 10118 10117 10116 10115
