105 105
1 1001 2001 3001 4001 5001 6001 7001 8001 9001 10001 11001 12001 13001 14001 15001 16001 17001 18001 19001 20001 21001 22001 23001 24001 25001 26001 27001 28001 29001 30001 31001 32001 33001 34001 35001 36001 37001 38001 39001 40001 41001 42001 43001 44001 45001 46001 47001 48001 49001 50001 51001 52001 53001 54001 55001 56001 57001 58001 59001 60001 61001 62001 63001 64001 65001 66001 67001 68001 69001 70001 71001 72001 73001 74001 75001 76001 77001 78001 79001 80001 81001 82001 83001 84001 85001 86001 87001 88001 89001 90001 91001 92001 93001 94001 95001 96001 97001 98001 99001 100001 101001 102001 103001 104001
1001 2001 3001 4001 5001 6001 7001 8001 9001 10001 11001 12001 13001 14001 15001 16001 17001 18001 19001 20001 21001 22001 23001 24001 25001 26001 27001 28001 29001 30001 31001 32001 33001 34001 35001 36001 37001 38001 39001 40001 41001 42001 43001 44001 45001 46001 47001 48001 49001 50001 51001 52001 53001 54001 55001 56001 57001 58001 59001 60001 61001 62001 63001 64001 65001 66001 67001 68001 69001 70001 71001 72001 73001 74001 75001 76001 77001 78001 79001 80001 81001 82001 83001 84001 85001 86001 87001 88001 89001 90001 91001 92001 93001 94001 95001 96001 97001 98001 99001 100001 101001 102001 103001 104001 105001
2001 3001 4001 5001 6001 7001 8001 9001 10001 11001 12001 13001 14001 15001 16001 17001 18001 19001 20001 21001 22001 23001 24001 25001 26001 27001 28001 29001 30001 31001 32001 33001 34001 35001 36001 37001 38001 39001 40001 41001 42001 43001 44001 45001 46001 47001 48001 49001 50001 51001 52001 53001 54001 55001 56001 57001 58001 59001 60001 61001 62001 63001 64001 65001 66001 67001 68001 69001 70001 71001 72001 73001 74001 75001 76001 77001 78001 79001 80001 81001 82001 83001 84001 85001 86001 87001 88001 89001 90001 91001 92001 93001 94001 95001 96001 97001 98001 99001 100001 101001 102001 103001 104001 105001 106001
3001 4001 5001 6001 7001 8001 9001 10001 11001 12001 13001 14001 15001 16001 17001 18001 19001 20001 21001 22001 23001 24001 25001 26001 27001 28001 29001 30001 31001 32001 33001 34001 35001 36001 37001 38001 39001 40001 41001 42001 43001 44001 45001 46001 47001 48001 49001 50001 51001 52001 53001 54001 55001 56001 57001 58001 59001 60001 61001 62001 63001 64001 65001 66001 67001 68001 69001 70001 71001 72001 73001 74001 75001 76001 77001 78001 79001 80001 81001 82001 83001 84001 85001 86001 87001 88001 89001 90001 91001 92001 93001 94001 95001 96001 97001 98001 99001 100001 101001 102001 103001 104001 105001 106001 107001
4001 5001 6001 7001 8001 9001 10001 11001 12001 13001 14001 15001 16001 17001 18001 19001 20001 21001 22001 23001 24001 25001 26001 27001 28001 29001 30001 31001 32001 33001 34001 35001 36001 37001 38001 39001 40001 41001 42001 43001 44001 45001 46001 47001 48001 49001 50001 51001 52001 53001 54001 55001 56001 57001 58001 59001 60001 61001 62001 63001 64001 65001 66001 67001 68001 69001 70001 71001 72001 73001 74001 75001 76001 77001 78001 79001 80001 81001 82001 83001 84001 85001 86001 87001 88001 89001 90001 91001 92001 93001 94001 95001 96001 97001 98001 99001 100001 101001 102001 103001 104001 105001 106001 107001 108001
5001 6001 7001 8001 9001 10001 11001 12001 13001 14001 15001 16001 17001 18001 19001 20001 21001 22001 23001 24001 25001 26001 27001 28001 29001 30001 31001 32001 33001 34001 35001 36001 37001 38001 39001 40001 41001 42001 43001 44001 45001 46001 47001 48001 49001 50001 51001 52001 53001 54001 55001 56001 57001 58001 59001 60001 61001 62001 63001 64001 65001 66001 67001 68001 69001 70001 71001 72001 73001 74001 75001 76001 77001 78001 79001 80001 81001 82001 83001 84001 85001 86001 87001 88001 89001 90001 91001 92001 93001 94001 95001 96001 97001 98001 99001 100001 101001 102001 103001 104001 105001 106001 107001 108001 109001
6001 7001 8001 9001 10001 11001 12001 13001 14001 15001 16001 17001 18001 19001 20001 21001 22001 23001 24001 25001 26001 27001 28001 29001 30001 31001 32001 33001 34001 35001 36001 37001 38001 39001 40001 41001 42001 43001 44001 45001 46001 47001 48001 49001 50001 51001 52001 53001 54001 55001 56001 57001 58001 59001 60001 61001 62001 63001 64001 65001 66001 67001 68001 69001 70001 71001 72001 73001 74001 75001 76001 77001 78001 79001 80001 81001 82001 83001 84001 85001 86001 87001 88001 89001 90001 91001 92001 93001 94001 95001 96001 97001 98001 99001 100001 101001 102001 103001 104001 105001 106001 107001 108001 109001 110001
7001 8001 9001 10001 11001 12001 13001 14001 15001 16001 17001 18001 19001 20001 21001 22001 23001 24001 25001 26001 27001 28001 29001 30001 31001 32001 33001 34001 35001 36001 37001 38001 39001 40001 41001 42001 43001 44001 45001 46001 47001 48001 49001 50001 51001 52001 53001 54001 55001 56001 57001 58001 59001 60001 61001 62001 63001 64001 65001 66001 67001 68001 69001 70001 71001 72001 73001 74001 75001 76001 77001 78001 79001 80001 81001 82001 83001 84001 85001 86001 87001 88001 89001 90001 91001 92001 93001 94001 95001 96001 97001 98001 99001 100001 101001 102001 103001 104001 105001 106001 107001 108001 109001 110001 111001
8001 9001 10001 11001 12001 13001 14001 15001 16001 17001 18001 19001 20001 21001 22001 23001 24001 25001 26001 27001 28001 29001 30001 31001 32001 33001 34001 35001 36001 37001 38001 39001 40001 41001 42001 43001 44001 45001 46001 47001 48001 49001 50001 51001 52001 53001 54001 55001 56001 57001 58001 59001 60001 61001 62001 63001 64001 65001 66001 67001 68001 69001 70001 71001 72001 73001 74001 75001 76001 77001 78001 79001 80001 81001 82001 83001 84001 85001 86001 87001 88001 89001 90001 91001 92001 93001 94001 95001 96001 97001 98001 99001 100001 101001 102001 103001 104001 105001 106001 107001 108001 109001 110001 111001 112001
9001 10001 11001 12001 13001 14001 15001 16001 17001 18001 19001 20001 21001 22001 23001 24001 25001 26001 27001 28001 29001 30001 31001 32001 33001 34001 35001 36001 37001 38001 39001 40001 41001 42001 43001 44001 45001 46001 47001 48001 49001 50001 51001 52001 53001 54001 55001 56001 57001 58001 59001 60001 61001 62001 63001 64001 65001 66001 67001 68001 69001 70001 71001 72001 73001 74001 75001 76001 77001 78001 79001 80001 81001 82001 83001 84001 85001 86001 87001 88001 89001 90001 91001 92001 93001 94001 95001 96001 97001 98001 99001 100001 101001 102001 103001 104001 105001 106001 107001 108001 109001 110001 111001 112001 113001
10001 11001 12001 13001 14001 15001 16001 17001 18001 19001 20001 21001 22001 23001 24001 25001 26001 27001 28001 29001 30001 31001 32001 33001 34001 35001 36001 37001 38001 39001 40001 41001 42001 43001 44001 45001 46001 47001 48001 49001 50001 51001 52001 53001 54001 55001 56001 57001 58001 59001 60001 61001 62001 63001 64001 65001 66001 67001 68001 69001 70001 71001 72001 73001 74001 75001 76001 77001 78001 79001 80001 81001 82001 83001 84001 85001 86001 87001 88001 89001 90001 91001 92001 93001 94001 95001 96001 97001 98001 99001 100001 101001 102001 103001 104001 105001 106001 107001 108001 109001 110001 111001 112001 113001 114001
11001 12001 13001 14001 15001 16001 17001 18001 19001 20001 21001 22001 23001 24001 25001 26001 27001 28001 29001 30001 31001 32001 33001 34001 35001 36001 37001 38001 39001 40001 41001 42001 43001 44001 45001 46001 47001 48001 49001 50001 51001 52001 53001 54001 55001 56001 57001 58001 59001 60001 61001 62001 63001 64001 65001 66001 67001 68001 69001 70001 71001 72001 73001 74001 75001 76001 77001 78001 79001 80001 81001 82001 83001 84001 85001 86001 87001 88001 89001 90001 91001 92001 93001 94001 95001 96001 97001 98001 99001 100001 101001 102001 103001 104001 105001 106001 107001 108001 109001 110001 111001 112001 113001 114001 115001
12001 13001 14001 15001 16001 17001 18001 19001 20001 21001 22001 23001 24001 25001 26001 27001 28001 29001 30001 31001 32001 33001 34001 35001 36001 37001 38001 39001 40001 41001 42001 43001 44001 45001 46001 47001 48001 49001 50001 51001 52001 53001 54001 55001 56001 57001 58001 59001 60001 61001 62001 63001 64001 65001 66001 67001 68001 69001 70001 71001 72001 73001 74001 75001 76001 77001 78001 79001 80001 81001 82001 83001 84001 85001 86001 87001 88001 89001 90001 91001 92001 93001 94001 95001 96001 97001 98001 99001 100001 101001 102001 103001 104001 105001 106001 107001 108001 109001 110001 111001 112001 113001 114001 115001 116001
13001 14001 15001 16001 17001 18001 19001 20001 21001 22001 23001 24001 25001 26001 27001 28001 29001 30001 31001 32001 33001 34001 35001 36001 37001 38001 39001 40001 41001 42001 43001 44001 45001 46001 47001 48001 49001 50001 51001 52001 53001 54001 55001 56001 57001 58001 59001 60001 61001 62001 63001 64001 65001 66001 67001 68001 69001 70001 71001 72001 73001 74001 75001 76001 77001 78001 79001 80001 81001 82001 83001 84001 85001 86001 87001 88001 89001 90001 91001 92001 93001 94001 95001 96001 97001 98001 99001 100001 101001 102001 103001 104001 105001 106001 107001 108001 109001 110001 111001 112001 113001 114001 115001 116001 117001
14001 15001 16001 17001 18001 19001 20001 21001 22001 23001 24001 25001 26001 27001 28001 29001 30001 31001 32001 33001 34001 35001 36001 37001 38001 39001 40001 41001 42001 43001 44001 45001 46001 47001 48001 49001 50001 51001 52001 53001 54001 55001 56001 57001 58001 59001 60001 61001 62001 63001 64001 65001 66001 67001 68001 69001 70001 71001 72001 73001 74001 75001 76001 77001 78001 79001 80001 81001 82001 83001 84001 85001 86001 87001 88001 89001 90001 91001 92001 93001 94001 95001 96001 97001 98001 99001 100001 101001 102001 103001 104001 105001 106001 107001 108001 109001 110001 111001 112001 113001 114001 115001 116001 117001 118001
15001 16001 17001 18001 19001 20001 21001 22001 23001 24001 25001 26001 27001 28001 29001 30001 31001 32001 33001 34001 35001 36001 37001 38001 39001 40001 41001 42001 43001 44001 45001 46001 47001 48001 49001 50001 51001 52001 53001 54001 55001 56001 57001 58001 59001 60001 61001 62001 63001 64001 65001 66001 67001 68001 69001 70001 71001 72001 73001 74001 75001 76001 77001 78001 79001 80001 81001 82001 83001 84001 85001 86001 87001 88001 89001 90001 91001 92001 93001 94001 95001 96001 97001 98001 99001 100001 101001 102001 103001 104001 105001 106001 107001 108001 109001 110001 111001 112001 113001 114001 115001 116001 117001 118001 119001
16001 17001 18001 19001 20001 21001 22001 23001 24001 25001 26001 27001 28001 29001 30001 31001 32001 33001 34001 35001 36001 37001 38001 39001 40001 41001 42001 43001 44001 45001 46001 47001 48001 49001 50001 51001 52001 53001 54001 55001 56001 57001 58001 59001 60001 61001 62001 63001 64001 65001 66001 67001 68001 69001 70001 71001 72001 73001 74001 75001 76001 77001 78001 79001 80001 81001 82001 83001 84001 85001 86001 87001 88001 89001 90001 91001 92001 93001 94001 95001 96001 97001 98001 99001 100001 101001 102001 103001 104001 105001 106001 107001 108001 109001 110001 111001 112001 113001 114001 115001 116001 117001 118001 119001 120001
17001 18001 19001 20001 21001 22001 23001 24001 25001 26001 27001 28001 29001 30001 31001 32001 33001 34001 35001 36001 37001 38001 39001 40001 41001 42001 43001 44001 45001 46001 47001 48001 49001 50001 51001 52001 53001 54001 55001 56001 57001 58001 59001 60001 61001 62001 63001 64001 65001 66001 67001 68001 69001 70001 71001 72001 73001 74001 75001 76001 77001 78001 79001 80001 81001 82001 83001 84001 85001 86001 87001 88001 89001 90001 91001 92001 93001 94001 95001 96001 97001 98001 99001 100001 101001 102001 103001 104001 105001 106001 107001 108001 109001 110001 111001 112001 113001 114001 115001 116001 117001 118001 119001 120001 121001
18001 19001 20001 21001 22001 23001 24001 25001 26001 27001 28001 29001 30001 31001 32001 33001 34001 35001 36001 37001 38001 39001 40001 41001 42001 43001 44001 45001 46001 47001 48001 49001 50001 51001 52001 53001 54001 55001 56001 57001 58001 59001 60001 61001 62001 63001 64001 65001 66001 67001 68001 69001 70001 71001 72001 73001 74001 75001 76001 77001 78001 79001 80001 81001 82001 83001 84001 85001 86001 87001 88001 89001 90001 91001 92001 93001 94001 95001 96001 97001 98001 99001 100001 101001 102001 103001 104001 105001 106001 107001 108001 109001 110001 111001 112001 113001 114001 115001 116001 117001 118001 119001 120001 121001 122001
19001 20001 21001 22001 23001 24001 25001 26001 27001 28001 29001 30001 31001 32001 33001 34001 35001 36001 37001 38001 39001 40001 41001 42001 43001 44001 45001 46001 47001 48001 49001 50001 51001 52001 53001 54001 55001 56001 57001 58001 59001 60001 61001 62001 63001 64001 65001 66001 67001 68001 69001 70001 71001 72001 73001 74001 75001 76001 77001 78001 79001 80001 81001 82001 83001 84001 85001 86001 87001 88001 89001 90001 91001 92001 93001 94001 95001 96001 97001 98001 99001 100001 101001 102001 103001 104001 105001 106001 107001 108001 109001 110001 111001 112001 113001 114001 115001 116001 117001 118001 119001 120001 121001 122001 123001
20001 21001 22001 23001 24001 25001 26001 27001 28001 29001 30001 31001 32001 33001 34001 35001 36001 37001 38001 39001 40001 41001 42001 43001 44001 45001 46001 47001 48001 49001 50001 51001 52001 53001 54001 55001 56001 57001 58001 59001 60001 61001 62001 63001 64001 65001 66001 67001 68001 69001 70001 71001 72001 73001 74001 75001 76001 77001 78001 79001 80001 81001 82001 83001 84001 85001 86001 87001 88001 89001 90001 91001 92001 93001 94001 95001 96001 97001 98001 99001 100001 101001 102001 103001 104001 105001 106001 107001 108001 109001 110001 111001 112001 113001 114001 115001 116001 117001 118001 119001 120001 121001 122001 123001 124001
21001 22001 23001 24001 25001 26001 27001 28001 29001 30001 31001 32001 33001 34001 35001 36001 37001 38001 39001 40001 41001 42001 43001 44001 45001 46001 47001 48001 49001 50001 51001 52001 53001 54001 55001 56001 57001 58001 59001 60001 61001 62001 63001 64001 65001 66001 67001 68001 69001 70001 71001 72001 73001 74001 75001 76001 77001 78001 79001 80001 81001 82001 83001 84001 85001 86001 87001 88001 89001 90001 91001 92001 93001 94001 95001 96001 97001 98001 99001 100001 101001 102001 103001 104001 105001 106001 107001 108001 109001 110001 111001 112001 113001 114001 115001 116001 117001 118001 119001 120001 121001 122001 123001 124001 125001
22001 23001 24001 25001 26001 27001 28001 29001 30001 31001 32001 33001 34001 35001 36001 37001 38001 39001 40001 41001 42001 43001 44001 45001 46001 47001 48001 49001 50001 51001 52001 53001 54001 55001 56001 57001 58001 59001 60001 61001 62001 63001 64001 65001 66001 67001 68001 69001 70001 71001 72001 73001 74001 75001 76001 77001 78001 79001 80001 81001 82001 83001 84001 85001 86001 87001 88001 89001 90001 91001 92001 93001 94001 95001 96001 97001 98001 99001 100001 101001 102001 103001 104001 105001 106001 107001 108001 109001 110001 111001 112001 113001 114001 115001 116001 117001 118001 119001 120001 121001 122001 123001 124001 125001 126001
23001 24001 25001 26001 27001 28001 29001 30001 31001 32001 33001 34001 35001 36001 37001 38001 39001 40001 41001 42001 43001 44001 45001 46001 47001 48001 49001 50001 51001 52001 53001 54001 55001 56001 57001 58001 59001 60001 61001 62001 63001 64001 65001 66001 67001 68001 69001 70001 71001 72001 73001 74001 75001 76001 77001 78001 79001 80001 81001 82001 83001 84001 85001 86001 87001 88001 89001 90001 91001 92001 93001 94001 95001 96001 97001 98001 99001 100001 101001 102001 103001 104001 105001 106001 107001 108001 109001 110001 111001 112001 113001 114001 115001 116001 117001 118001 119001 120001 121001 122001 123001 124001 125001 126001 127001
24001 25001 26001 27001 28001 29001 30001 31001 32001 33001 34001 35001 36001 37001 38001 39001 40001 41001 42001 43001 44001 45001 46001 47001 48001 49001 50001 51001 52001 53001 54001 55001 56001 57001 58001 59001 60001 61001 62001 63001 64001 65001 66001 67001 68001 69001 70001 71001 72001 73001 74001 75001 76001 77001 78001 79001 80001 81001 82001 83001 84001 85001 86001 87001 88001 89001 90001 91001 92001 93001 94001 95001 96001 97001 98001 99001 100001 101001 102001 103001 104001 105001 106001 107001 108001 109001 110001 111001 112001 113001 114001 115001 116001 117001 118001 119001 120001 121001 122001 123001 124001 125001 126001 127001 128001
25001 26001 27001 28001 29001 30001 31001 32001 33001 34001 35001 36001 37001 38001 39001 40001 41001 42001 43001 44001 45001 46001 47001 48001 49001 50001 51001 52001 53001 54001 55001 56001 57001 58001 59001 60001 61001 62001 63001 64001 65001 66001 67001 68001 69001 70001 71001 72001 73001 74001 75001 76001 77001 78001 79001 80001 81001 82001 83001 84001 85001 86001 87001 88001 89001 90001 91001 92001 93001 94001 95001 96001 97001 98001 99001 100001 101001 102001 103001 104001 105001 106001 107001 108001 109001 110001 111001 112001 113001 114001 115001 116001 117001 118001 119001 120001 121001 122001 123001 124001 125001 126001 127001 128001 129001
26001 27001 28001 29001 30001 31001 32001 33001 34001 35001 36001 37001 38001 39001 40001 41001 42001 43001 44001 45001 46001 47001 48001 49001 50001 51001 52001 53001 54001 55001 56001 57001 58001 59001 60001 61001 62001 63001 64001 65001 66001 67001 68001 69001 70001 71001 72001 73001 74001 75001 76001 77001 78001 79001 80001 81001 82001 83001 84001 85001 86001 87001 88001 89001 90001 91001 92001 93001 94001 95001 96001 97001 98001 99001 100001 101001 102001 103001 104001 105001 106001 107001 108001 109001 110001 111001 112001 113001 114001 115001 116001 117001 118001 119001 120001 121001 122001 123001 124001 125001 126001 127001 128001 129001 130001
27001 28001 29001 30001 31001 32001 33001 34001 35001 36001 37001 38001 39001 40001 41001 42001 43001 44001 45001 46001 47001 48001 49001 50001 51001 52001 53001 54001 55001 56001 57001 58001 59001 60001 61001 62001 63001 64001 65001 66001 67001 68001 69001 70001 71001 72001 73001 74001 75001 76001 77001 78001 79001 80001 81001 82001 83001 84001 85001 86001 87001 88001 89001 90001 91001 92001 93001 94001 95001 96001 97001 98001 99001 100001 101001 102001 103001 104001 105001 106001 107001 108001 109001 110001 111001 112001 113001 114001 115001 116001 117001 118001 119001 120001 121001 122001 123001 124001 125001 126001 127001 128001 129001 130001 131001
28001 29001 30001 31001 32001 33001 34001 35001 36001 37001 38001 39001 40001 41001 42001 43001 44001 45001 46001 47001 48001 49001 50001 51001 52001 53001 54001 55001 56001 57001 58001 59001 60001 61001 62001 63001 64001 65001 66001 67001 68001 69001 70001 71001 72001 73001 74001 75001 76001 77001 78001 79001 80001 81001 82001 83001 84001 85001 86001 87001 88001 89001 90001 91001 92001 93001 94001 95001 96001 97001 98001 99001 100001 101001 102001 103001 104001 105001 106001 107001 108001 109001 110001 111001 112001 113001 114001 115001 116001 117001 118001 119001 120001 121001 122001 123001 124001 125001 126001 127001 128001 129001 130001 131001 132001
29001 30001 31001 32001 33001 34001 35001 36001 37001 38001 39001 40001 41001 42001 43001 44001 45001 46001 47001 48001 49001 50001 51001 52001 53001 54001 55001 56001 57001 58001 59001 60001 61001 62001 63001 64001 65001 66001 67001 68001 69001 70001 71001 72001 73001 74001 75001 76001 77001 78001 79001 80001 81001 82001 83001 84001 85001 86001 87001 88001 89001 90001 91001 92001 93001 94001 95001 96001 97001 98001 99001 100001 101001 102001 103001 104001 105001 106001 107001 108001 109001 110001 111001 112001 113001 114001 115001 116001 117001 118001 119001 120001 121001 122001 123001 124001 125001 126001 127001 128001 129001 130001 131001 132001 133001
30001 31001 32001 33001 34001 35001 36001 37001 38001 39001 40001 41001 42001 43001 44001 45001 46001 47001 48001 49001 50001 51001 52001 53001 54001 55001 56001 57001 58001 59001 60001 61001 62001 63001 64001 65001 66001 67001 68001 69001 70001 71001 72001 73001 74001 75001 76001 77001 78001 79001 80001 81001 82001 83001 84001 85001 86001 87001 88001 89001 90001 91001 92001 93001 94001 95001 96001 97001 98001 99001 100001 101001 102001 103001 104001 105001 106001 107001 108001 109001 110001 111001 112001 113001 114001 115001 116001 117001 118001 119001 120001 121001 122001 123001 124001 125001 126001 127001 128001 129001 130001 131001 132001 133001 134001
31001 32001 33001 34001 35001 36001 37001 38001 39001 40001 41001 42001 43001 44001 45001 46001 47001 48001 49001 50001 51001 52001 53001 54001 55001 56001 57001 58001 59001 60001 61001 62001 63001 64001 65001 66001 67001 68001 69001 70001 71001 72001 73001 74001 75001 76001 77001 78001 79001 80001 81001 82001 83001 84001 85001 86001 87001 88001 89001 90001 91001 92001 93001 94001 95001 96001 97001 98001 99001 100001 101001 102001 103001 104001 105001 106001 107001 108001 109001 110001 111001 112001 113001 114001 115001 116001 117001 118001 119001 120001 121001 122001 123001 124001 125001 126001 127001 128001 129001 130001 131001 132001 133001 134001 135001
32001 33001 34001 35001 36001 37001 38001 39001 40001 41001 42001 43001 44001 45001 46001 47001 48001 49001 50001 51001 52001 53001 54001 55001 56001 57001 58001 59001 60001 61001 62001 63001 64001 65001 66001 67001 68001 69001 70001 71001 72001 73001 74001 75001 76001 77001 78001 79001 80001 81001 82001 83001 84001 85001 86001 87001 88001 89001 90001 91001 92001 93001 94001 95001 96001 97001 98001 99001 100001 101001 102001 103001 104001 105001 106001 107001 108001 109001 110001 111001 112001 113001 114001 115001 116001 117001 118001 119001 120001 121001 122001 123001 124001 125001 126001 127001 128001 129001 130001 131001 132001 133001 134001 135001 136001
33001 34001 35001 36001 37001 38001 39001 40001 41001 42001 43001 44001 45001 46001 47001 48001 49001 50001 51001 52001 53001 54001 55001 56001 57001 58001 59001 60001 61001 62001 63001 64001 65001 66001 67001 68001 69001 70001 71001 72001 73001 74001 75001 76001 77001 78001 79001 80001 81001 82001 83001 84001 85001 86001 87001 88001 89001 90001 91001 92001 93001 94001 95001 96001 97001 98001 99001 100001 101001 102001 103001 104001 105001 106001 107001 108001 109001 110001 111001 112001 113001 114001 115001 116001 117001 118001 119001 120001 121001 122001 123001 124001 125001 126001 127001 128001 129001 130001 131001 132001 133001 134001 135001 136001 137001
34001 35001 36001 37001 38001 39001 40001 41001 42001 43001 44001 45001 46001 47001 48001 49001 50001 51001 52001 53001 54001 55001 56001 57001 58001 59001 60001 61001 62001 63001 64001 65001 66001 67001 68001 69001 70001 71001 72001 73001 74001 75001 76001 77001 78001 79001 80001 81001 82001 83001 84001 85001 86001 87001 88001 89001 90001 91001 92001 93001 94001 95001 96001 97001 98001 99001 100001 101001 102001 103001 104001 105001 106001 107001 108001 109001 110001 111001 112001 113001 114001 115001 116001 117001 118001 119001 120001 121001 122001 123001 124001 125001 126001 127001 128001 129001 130001 131001 132001 133001 134001 135001 136001 137001 138001
35001 36001 37001 38001 39001 40001 41001 42001 43001 44001 45001 46001 47001 48001 49001 50001 51001 52001 53001 54001 55001 56001 57001 58001 59001 60001 61001 62001 63001 64001 65001 66001 67001 68001 69001 70001 71001 72001 73001 74001 75001 76001 77001 78001 79001 80001 81001 82001 83001 84001 85001 86001 87001 88001 89001 90001 91001 92001 93001 94001 95001 96001 97001 98001 99001 100001 101001 102001 103001 104001 105001 106001 107001 108001 109001 110001 111001 112001 113001 114001 115001 116001 117001 118001 119001 120001 121001 122001 123001 124001 125001 126001 127001 128001 129001 130001 131001 132001 133001 134001 135001 136001 137001 138001 139001
36001 37001 38001 39001 40001 41001 42001 43001 44001 45001 46001 47001 48001 49001 50001 51001 52001 53001 54001 55001 56001 57001 58001 59001 60001 61001 62001 63001 64001 65001 66001 67001 68001 69001 70001 71001 72001 73001 74001 75001 76001 77001 78001 79001 80001 81001 82001 83001 84001 85001 86001 87001 88001 89001 90001 91001 92001 93001 94001 95001 96001 97001 98001 99001 100001 101001 102001 103001 104001 105001 106001 107001 108001 109001 110001 111001 112001 113001 114001 115001 116001 117001 118001 119001 120001 121001 122001 123001 124001 125001 126001 127001 128001 129001 130001 131001 132001 133001 134001 135001 136001 137001 138001 139001 140001
37001 38001 39001 40001 41001 42001 43001 44001 45001 46001 47001 48001 49001 50001 51001 52001 53001 54001 55001 56001 57001 58001 59001 60001 61001 62001 63001 64001 65001 66001 67001 68001 69001 70001 71001 72001 73001 74001 75001 76001 77001 78001 79001 80001 81001 82001 83001 84001 85001 86001 87001 88001 89001 90001 91001 92001 93001 94001 95001 96001 97001 98001 99001 100001 101001 102001 103001 104001 105001 106001 107001 108001 109001 110001 111001 112001 113001 114001 115001 116001 117001 118001 119001 120001 121001 122001 123001 124001 125001 126001 127001 128001 129001 130001 131001 132001 133001 134001 135001 136001 137001 138001 139001 140001 141001
38001 39001 40001 41001 42001 43001 44001 45001 46001 47001 48001 49001 50001 51001 52001 53001 54001 55001 56001 57001 58001 59001 60001 61001 62001 63001 64001 65001 66001 67001 68001 69001 70001 71001 72001 73001 74001 75001 76001 77001 78001 79001 80001 81001 82001 83001 84001 85001 86001 87001 88001 89001 90001 91001 92001 93001 94001 95001 96001 97001 98001 99001 100001 101001 102001 103001 104001 105001 106001 107001 108001 109001 110001 111001 112001 113001 114001 115001 116001 117001 118001 119001 120001 121001 122001 123001 124001 125001 126001 127001 128001 129001 130001 131001 132001 133001 134001 135001 136001 137001 138001 139001 140001 141001 142001
39001 40001 41001 42001 43001 44001 45001 46001 47001 48001 49001 50001 51001 52001 53001 54001 55001 56001 57001 58001 59001 60001 61001 62001 63001 64001 65001 66001 67001 68001 69001 70001 71001 72001 73001 74001 75001 76001 77001 78001 79001 80001 81001 82001 83001 84001 85001 86001 87001 88001 89001 90001 91001 92001 93001 94001 95001 96001 97001 98001 99001 100001 101001 102001 103001 104001 105001 106001 107001 108001 109001 110001 111001 112001 113001 114001 115001 116001 117001 118001 119001 120001 121001 122001 123001 124001 125001 126001 127001 128001 129001 130001 131001 132001 133001 134001 135001 136001 137001 138001 139001 140001 141001 142001 143001
40001 41001 42001 43001 44001 45001 46001 47001 48001 49001 50001 51001 52001 53001 54001 55001 56001 57001 58001 59001 60001 61001 62001 63001 64001 65001 66001 67001 68001 69001 70001 71001 72001 73001 74001 75001 76001 77001 78001 79001 80001 81001 82001 83001 84001 85001 86001 87001 88001 89001 90001 91001 92001 93001 94001 95001 96001 97001 98001 99001 100001 101001 102001 103001 104001 105001 106001 107001 108001 109001 110001 111001 112001 113001 114001 115001 116001 117001 118001 119001 120001 121001 122001 123001 124001 125001 126001 127001 128001 129001 130001 131001 132001 133001 134001 135001 136001 137001 138001 139001 140001 141001 142001 143001 144001
41001 42001 43001 44001 45001 46001 47001 48001 49001 50001 51001 52001 53001 54001 55001 56001 57001 58001 59001 60001 61001 62001 63001 64001 65001 66001 67001 68001 69001 70001 71001 72001 73001 74001 75001 76001 77001 78001 79001 80001 81001 82001 83001 84001 85001 86001 87001 88001 89001 90001 91001 92001 93001 94001 95001 96001 97001 98001 99001 100001 101001 102001 103001 104001 105001 106001 107001 108001 109001 110001 111001 112001 113001 114001 115001 116001 117001 118001 119001 120001 121001 122001 123001 124001 125001 126001 127001 128001 129001 130001 131001 132001 133001 134001 135001 136001 137001 138001 139001 140001 141001 142001 143001 144001 145001
42001 43001 44001 45001 46001 47001 48001 49001 50001 51001 52001 53001 54001 55001 56001 57001 58001 59001 60001 61001 62001 63001 64001 65001 66001 67001 68001 69001 70001 71001 72001 73001 74001 75001 76001 77001 78001 79001 80001 81001 82001 83001 84001 85001 86001 87001 88001 89001 90001 91001 92001 93001 94001 95001 96001 97001 98001 99001 100001 101001 102001 103001 104001 105001 106001 107001 108001 109001 110001 111001 112001 113001 114001 115001 116001 117001 118001 119001 120001 121001 122001 123001 124001 125001 126001 127001 128001 129001 130001 131001 132001 133001 134001 135001 136001 137001 138001 139001 140001 141001 142001 143001 144001 145001 146001
43001 44001 45001 46001 47001 48001 49001 50001 51001 52001 53001 54001 55001 56001 57001 58001 59001 60001 61001 62001 63001 64001 65001 66001 67001 68001 69001 70001 71001 72001 73001 74001 75001 76001 77001 78001 79001 80001 81001 82001 83001 84001 85001 86001 87001 88001 89001 90001 91001 92001 93001 94001 95001 96001 97001 98001 99001 100001 101001 102001 103001 104001 105001 106001 107001 108001 109001 110001 111001 112001 113001 114001 115001 116001 117001 118001 119001 120001 121001 122001 123001 124001 125001 126001 127001 128001 129001 130001 131001 132001 133001 134001 135001 136001 137001 138001 139001 140001 141001 142001 143001 144001 145001 146001 147001
44001 45001 46001 47001 48001 49001 50001 51001 52001 53001 54001 55001 56001 57001 58001 59001 60001 61001 62001 63001 64001 65001 66001 67001 68001 69001 70001 71001 72001 73001 74001 75001 76001 77001 78001 79001 80001 81001 82001 83001 84001 85001 86001 87001 88001 89001 90001 91001 92001 93001 94001 95001 96001 97001 98001 99001 100001 101001 102001 103001 104001 105001 106001 107001 108001 109001 110001 111001 112001 113001 114001 115001 116001 117001 118001 119001 120001 121001 122001 123001 124001 125001 126001 127001 128001 129001 130001 131001 132001 133001 134001 135001 136001 137001 138001 139001 140001 141001 142001 143001 144001 145001 146001 147001 148001
45001 46001 47001 48001 49001 50001 51001 52001 53001 54001 55001 56001 57001 58001 59001 60001 61001 62001 63001 64001 65001 66001 67001 68001 69001 70001 71001 72001 73001 74001 75001 76001 77001 78001 79001 80001 81001 82001 83001 84001 85001 86001 87001 88001 89001 90001 91001 92001 93001 94001 95001 96001 97001 98001 99001 100001 101001 102001 103001 104001 105001 106001 107001 108001 109001 110001 111001 112001 113001 114001 115001 116001 117001 118001 119001 120001 121001 122001 123001 124001 125001 126001 127001 128001 129001 130001 131001 132001 133001 134001 135001 136001 137001 138001 139001 140001 141001 142001 143001 144001 145001 146001 147001 148001 149001
46001 47001 48001 49001 50001 51001 52001 53001 54001 55001 56001 57001 58001 59001 60001 61001 62001 63001 64001 65001 66001 67001 68001 69001 70001 71001 72001 73001 74001 75001 76001 77001 78001 79001 80001 81001 82001 83001 84001 85001 86001 87001 88001 89001 90001 91001 92001 93001 94001 95001 96001 97001 98001 99001 100001 101001 102001 103001 104001 105001 106001 107001 108001 109001 110001 111001 112001 113001 114001 115001 116001 117001 118001 119001 120001 121001 122001 123001 124001 125001 126001 127001 128001 129001 130001 131001 132001 133001 134001 135001 136001 137001 138001 139001 140001 141001 142001 143001 144001 145001 146001 147001 148001 149001 150001
47001 48001 49001 50001 51001 52001 53001 54001 55001 56001 57001 58001 59001 60001 61001 62001 63001 64001 65001 66001 67001 68001 69001 70001 71001 72001 73001 74001 75001 76001 77001 78001 79001 80001 81001 82001 83001 84001 85001 86001 87001 88001 89001 90001 91001 92001 93001 94001 95001 96001 97001 98001 99001 100001 101001 102001 103001 104001 105001 106001 107001 108001 109001 110001 111001 112001 113001 114001 115001 116001 117001 118001 119001 120001 121001 122001 123001 124001 125001 126001 127001 128001 129001 130001 131001 132001 133001 134001 135001 136001 137001 138001 139001 140001 141001 142001 143001 144001 145001 146001 147001 148001 149001 150001 151001
48001 49001 50001 51001 52001 53001 54001 55001 56001 57001 58001 59001 60001 61001 62001 63001 64001 65001 66001 67001 68001 69001 70001 71001 72001 73001 74001 75001 76001 77001 78001 79001 80001 81001 82001 83001 84001 85001 86001 87001 88001 89001 90001 91001 92001 93001 94001 95001 96001 97001 98001 99001 100001 101001 102001 103001 104001 105001 106001 107001 108001 109001 110001 111001 112001 113001 114001 115001 116001 117001 118001 119001 120001 121001 122001 123001 124001 125001 126001 127001 128001 129001 130001 131001 132001 133001 134001 135001 136001 137001 138001 139001 140001 141001 142001 143001 144001 145001 146001 147001 148001 149001 150001 151001 152001
49001 50001 51001 52001 53001 54001 55001 56001 57001 58001 59001 60001 61001 62001 63001 64001 65001 66001 67001 68001 69001 70001 71001 72001 73001 74001 75001 76001 77001 78001 79001 80001 81001 82001 83001 84001 85001 86001 87001 88001 89001 90001 91001 92001 93001 94001 95001 96001 97001 98001 99001 100001 101001 102001 103001 104001 105001 106001 107001 108001 109001 110001 111001 112001 113001 114001 115001 116001 117001 118001 119001 120001 121001 122001 123001 124001 125001 126001 127001 128001 129001 130001 131001 132001 133001 134001 135001 136001 137001 138001 139001 140001 141001 142001 143001 144001 145001 146001 147001 148001 149001 150001 151001 152001 153001
50001 51001 52001 53001 54001 55001 56001 57001 58001 59001 60001 61001 62001 63001 64001 65001 66001 67001 68001 69001 70001 71001 72001 73001 74001 75001 76001 77001 78001 79001 80001 81001 82001 83001 84001 85001 86001 87001 88001 89001 90001 91001 92001 93001 94001 95001 96001 97001 98001 99001 100001 101001 102001 103001 104001 105001 106001 107001 108001 109001 110001 111001 112001 113001 114001 115001 116001 117001 118001 119001 120001 121001 122001 123001 124001 125001 126001 127001 128001 129001 130001 131001 132001 133001 134001 135001 136001 137001 138001 139001 140001 141001 142001 143001 144001 145001 146001 147001 148001 149001 150001 151001 152001 153001 154001
51001 52001 53001 54001 55001 56001 57001 58001 59001 60001 61001 62001 63001 64001 65001 66001 67001 68001 69001 70001 71001 72001 73001 74001 75001 76001 77001 78001 79001 80001 81001 82001 83001 84001 85001 86001 87001 88001 89001 90001 91001 92001 93001 94001 95001 96001 97001 98001 99001 100001 101001 102001 103001 104001 105001 106001 107001 108001 109001 110001 111001 112001 113001 114001 115001 116001 117001 118001 119001 120001 121001 122001 123001 124001 125001 126001 127001 128001 129001 130001 131001 132001 133001 134001 135001 136001 137001 138001 139001 140001 141001 142001 143001 144001 145001 146001 147001 148001 149001 150001 151001 152001 153001 154001 155001
52001 53001 54001 55001 56001 57001 58001 59001 60001 61001 62001 63001 64001 65001 66001 67001 68001 69001 70001 71001 72001 73001 74001 75001 76001 77001 78001 79001 80001 81001 82001 83001 84001 85001 86001 87001 88001 89001 90001 91001 92001 93001 94001 95001 96001 97001 98001 99001 100001 101001 102001 103001 104001 105001 106001 107001 108001 109001 110001 111001 112001 113001 114001 115001 116001 117001 118001 119001 120001 121001 122001 123001 124001 125001 126001 127001 128001 129001 130001 131001 132001 133001 134001 135001 136001 137001 138001 139001 140001 141001 142001 143001 144001 145001 146001 147001 148001 149001 150001 151001 152001 153001 154001 155001 156001
53001 54001 55001 56001 57001 58001 59001 60001 61001 62001 63001 64001 65001 66001 67001 68001 69001 70001 71001 72001 73001 74001 75001 76001 77001 78001 79001 80001 81001 82001 83001 84001 85001 86001 87001 88001 89001 90001 91001 92001 93001 94001 95001 96001 97001 98001 99001 100001 101001 102001 103001 104001 105001 106001 107001 108001 109001 110001 111001 112001 113001 114001 115001 116001 117001 118001 119001 120001 121001 122001 123001 124001 125001 126001 127001 128001 129001 130001 131001 132001 133001 134001 135001 136001 137001 138001 139001 140001 141001 142001 143001 144001 145001 146001 147001 148001 149001 150001 151001 152001 153001 154001 155001 156001 157001
54001 55001 56001 57001 58001 59001 60001 61001 62001 63001 64001 65001 66001 67001 68001 69001 70001 71001 72001 73001 74001 75001 76001 77001 78001 79001 80001 81001 82001 83001 84001 85001 86001 87001 88001 89001 90001 91001 92001 93001 94001 95001 96001 97001 98001 99001 100001 101001 102001 103001 104001 105001 106001 107001 108001 109001 110001 111001 112001 113001 114001 115001 116001 117001 118001 119001 120001 121001 122001 123001 124001 125001 126001 127001 128001 129001 130001 131001 132001 133001 134001 135001 136001 137001 138001 139001 140001 141001 142001 143001 144001 145001 146001 147001 148001 149001 150001 151001 152001 153001 154001 155001 156001 157001 158001
55001 56001 57001 58001 59001 60001 61001 62001 63001 64001 65001 66001 67001 68001 69001 70001 71001 72001 73001 74001 75001 76001 77001 78001 79001 80001 81001 82001 83001 84001 85001 86001 87001 88001 89001 90001 91001 92001 93001 94001 95001 96001 97001 98001 99001 100001 101001 102001 103001 104001 105001 106001 107001 108001 109001 110001 111001 112001 113001 114001 115001 116001 117001 118001 119001 120001 121001 122001 123001 124001 125001 126001 127001 128001 129001 130001 131001 132001 133001 134001 135001 136001 137001 138001 139001 140001 141001 142001 143001 144001 145001 146001 147001 148001 149001 150001 151001 152001 153001 154001 155001 156001 157001 158001 159001
56001 57001 58001 59001 60001 61001 62001 63001 64001 65001 66001 67001 68001 69001 70001 71001 72001 73001 74001 75001 76001 77001 78001 79001 80001 81001 82001 83001 84001 85001 86001 87001 88001 89001 90001 91001 92001 93001 94001 95001 96001 97001 98001 99001 100001 101001 102001 103001 104001 105001 106001 107001 108001 109001 110001 111001 112001 113001 114001 115001 116001 117001 118001 119001 120001 121001 122001 123001 124001 125001 126001 127001 128001 129001 130001 131001 132001 133001 134001 135001 136001 137001 138001 139001 140001 141001 142001 143001 144001 145001 146001 147001 148001 149001 150001 151001 152001 153001 154001 155001 156001 157001 158001 159001 160001
57001 58001 59001 60001 61001 62001 63001 64001 65001 66001 67001 68001 69001 70001 71001 72001 73001 74001 75001 76001 77001 78001 79001 80001 81001 82001 83001 84001 85001 86001 87001 88001 89001 90001 91001 92001 93001 94001 95001 96001 97001 98001 99001 100001 101001 102001 103001 104001 105001 106001 107001 108001 109001 110001 111001 112001 113001 114001 115001 116001 117001 118001 119001 120001 121001 122001 123001 124001 125001 126001 127001 128001 129001 130001 131001 132001 133001 134001 135001 136001 137001 138001 139001 140001 141001 142001 143001 144001 145001 146001 147001 148001 149001 150001 151001 152001 153001 154001 155001 156001 157001 158001 159001 160001 161001
58001 59001 60001 61001 62001 63001 64001 65001 66001 67001 68001 69001 70001 71001 72001 73001 74001 75001 76001 77001 78001 79001 80001 81001 82001 83001 84001 85001 86001 87001 88001 89001 90001 91001 92001 93001 94001 95001 96001 97001 98001 99001 100001 101001 102001 103001 104001 105001 106001 107001 108001 109001 110001 111001 112001 113001 114001 115001 116001 117001 118001 119001 120001 121001 122001 123001 124001 125001 126001 127001 128001 129001 130001 131001 132001 133001 134001 135001 136001 137001 138001 139001 140001 141001 142001 143001 144001 145001 146001 147001 148001 149001 150001 151001 152001 153001 154001 155001 156001 157001 158001 159001 160001 161001 162001
59001 60001 61001 62001 63001 64001 65001 66001 67001 68001 69001 70001 71001 72001 73001 74001 75001 76001 77001 78001 79001 80001 81001 82001 83001 84001 85001 86001 87001 88001 89001 90001 91001 92001 93001 94001 95001 96001 97001 98001 99001 100001 101001 102001 103001 104001 105001 106001 107001 108001 109001 110001 111001 112001 113001 114001 115001 116001 117001 118001 119001 120001 121001 122001 123001 124001 125001 126001 127001 128001 129001 130001 131001 132001 133001 134001 135001 136001 137001 138001 139001 140001 141001 142001 143001 144001 145001 146001 147001 148001 149001 150001 151001 152001 153001 154001 155001 156001 157001 158001 159001 160001 161001 162001 163001
60001 61001 62001 63001 64001 65001 66001 67001 68001 69001 70001 71001 72001 73001 74001 75001 76001 77001 78001 79001 80001 81001 82001 83001 84001 85001 86001 87001 88001 89001 90001 91001 92001 93001 94001 95001 96001 97001 98001 99001 100001 101001 102001 103001 104001 105001 106001 107001 108001 109001 110001 111001 112001 113001 114001 115001 116001 117001 118001 119001 120001 121001 122001 123001 124001 125001 126001 127001 128001 129001 130001 131001 132001 133001 134001 135001 136001 137001 138001 139001 140001 141001 142001 143001 144001 145001 146001 147001 148001 149001 150001 151001 152001 153001 154001 155001 156001 157001 158001 159001 160001 161001 162001 163001 164001
61001 62001 63001 64001 65001 66001 67001 68001 69001 70001 71001 72001 73001 74001 75001 76001 77001 78001 79001 80001 81001 82001 83001 84001 85001 86001 87001 88001 89001 90001 91001 92001 93001 94001 95001 96001 97001 98001 99001 100001 101001 102001 103001 104001 105001 106001 107001 108001 109001 110001 111001 112001 113001 114001 115001 116001 117001 118001 119001 120001 121001 122001 123001 124001 125001 126001 127001 128001 129001 130001 131001 132001 133001 134001 135001 136001 137001 138001 139001 140001 141001 142001 143001 144001 145001 146001 147001 148001 149001 150001 151001 152001 153001 154001 155001 156001 157001 158001 159001 160001 161001 162001 163001 164001 165001
62001 63001 64001 65001 66001 67001 68001 69001 70001 71001 72001 73001 74001 75001 76001 77001 78001 79001 80001 81001 82001 83001 84001 85001 86001 87001 88001 89001 90001 91001 92001 93001 94001 95001 96001 97001 98001 99001 100001 101001 102001 103001 104001 105001 106001 107001 108001 109001 110001 111001 112001 113001 114001 115001 116001 117001 118001 119001 120001 121001 122001 123001 124001 125001 126001 127001 128001 129001 130001 131001 132001 133001 134001 135001 136001 137001 138001 139001 140001 141001 142001 143001 144001 145001 146001 147001 148001 149001 150001 151001 152001 153001 154001 155001 156001 157001 158001 159001 160001 161001 162001 163001 164001 165001 166001
63001 64001 65001 66001 67001 68001 69001 70001 71001 72001 73001 74001 75001 76001 77001 78001 79001 80001 81001 82001 83001 84001 85001 86001 87001 88001 89001 90001 91001 92001 93001 94001 95001 96001 97001 98001 99001 100001 101001 102001 103001 104001 105001 106001 107001 108001 109001 110001 111001 112001 113001 114001 115001 116001 117001 118001 119001 120001 121001 122001 123001 124001 125001 126001 127001 128001 129001 130001 131001 132001 133001 134001 135001 136001 137001 138001 139001 140001 141001 142001 143001 144001 145001 146001 147001 148001 149001 150001 151001 152001 153001 154001 155001 156001 157001 158001 159001 160001 161001 162001 163001 164001 165001 166001 167001
64001 65001 66001 67001 68001 69001 70001 71001 72001 73001 74001 75001 76001 77001 78001 79001 80001 81001 82001 83001 84001 85001 86001 87001 88001 89001 90001 91001 92001 93001 94001 95001 96001 97001 98001 99001 100001 101001 102001 103001 104001 105001 106001 107001 108001 109001 110001 111001 112001 113001 114001 115001 116001 117001 118001 119001 120001 121001 122001 123001 124001 125001 126001 127001 128001 129001 130001 131001 132001 133001 134001 135001 136001 137001 138001 139001 140001 141001 142001 143001 144001 145001 146001 147001 148001 149001 150001 151001 152001 153001 154001 155001 156001 157001 158001 159001 160001 161001 162001 163001 164001 165001 166001 167001 168001
65001 66001 67001 68001 69001 70001 71001 72001 73001 74001 75001 76001 77001 78001 79001 80001 81001 82001 83001 84001 85001 86001 87001 88001 89001 90001 91001 92001 93001 94001 95001 96001 97001 98001 99001 100001 101001 102001 103001 104001 105001 106001 107001 108001 109001 110001 111001 112001 113001 114001 115001 116001 117001 118001 119001 120001 121001 122001 123001 124001 125001 126001 127001 128001 129001 130001 131001 132001 133001 134001 135001 136001 137001 138001 139001 140001 141001 142001 143001 144001 145001 146001 147001 148001 149001 150001 151001 152001 153001 154001 155001 156001 157001 158001 159001 160001 161001 162001 163001 164001 165001 166001 167001 168001 169001
66001 67001 68001 69001 70001 71001 72001 73001 74001 75001 76001 77001 78001 79001 80001 81001 82001 83001 84001 85001 86001 87001 88001 89001 90001 91001 92001 93001 94001 95001 96001 97001 98001 99001 100001 101001 102001 103001 104001 105001 106001 107001 108001 109001 110001 111001 112001 113001 114001 115001 116001 117001 118001 119001 120001 121001 122001 123001 124001 125001 126001 127001 128001 129001 130001 131001 132001 133001 134001 135001 136001 137001 138001 139001 140001 141001 142001 143001 144001 145001 146001 147001 148001 149001 150001 151001 152001 153001 154001 155001 156001 157001 158001 159001 160001 161001 162001 163001 164001 165001 166001 167001 168001 169001 170001
67001 68001 69001 70001 71001 72001 73001 74001 75001 76001 77001 78001 79001 80001 81001 82001 83001 84001 85001 86001 87001 88001 89001 90001 91001 92001 93001 94001 95001 96001 97001 98001 99001 100001 101001 102001 103001 104001 105001 106001 107001 108001 109001 110001 111001 112001 113001 114001 115001 116001 117001 118001 119001 120001 121001 122001 123001 124001 125001 126001 127001 128001 129001 130001 131001 132001 133001 134001 135001 136001 137001 138001 139001 140001 141001 142001 143001 144001 145001 146001 147001 148001 149001 150001 151001 152001 153001 154001 155001 156001 157001 158001 159001 160001 161001 162001 163001 164001 165001 166001 167001 168001 169001 170001 171001
68001 69001 70001 71001 72001 73001 74001 75001 76001 77001 78001 79001 80001 81001 82001 83001 84001 85001 86001 87001 88001 89001 90001 91001 92001 93001 94001 95001 96001 97001 98001 99001 100001 101001 102001 103001 104001 105001 106001 107001 108001 109001 110001 111001 112001 113001 114001 115001 116001 117001 118001 119001 120001 121001 122001 123001 124001 125001 126001 127001 128001 129001 130001 131001 132001 133001 134001 135001 136001 137001 138001 139001 140001 141001 142001 143001 144001 145001 146001 147001 148001 149001 150001 151001 152001 153001 154001 155001 156001 157001 158001 159001 160001 161001 162001 163001 164001 165001 166001 167001 168001 169001 170001 171001 172001
69001 70001 71001 72001 73001 74001 75001 76001 77001 78001 79001 80001 81001 82001 83001 84001 85001 86001 87001 88001 89001 90001 91001 92001 93001 94001 95001 96001 97001 98001 99001 100001 101001 102001 103001 104001 105001 106001 107001 108001 109001 110001 111001 112001 113001 114001 115001 116001 117001 118001 119001 120001 121001 122001 123001 124001 125001 126001 127001 128001 129001 130001 131001 132001 133001 134001 135001 136001 137001 138001 139001 140001 141001 142001 143001 144001 145001 146001 147001 148001 149001 150001 151001 152001 153001 154001 155001 156001 157001 158001 159001 160001 161001 162001 163001 164001 165001 166001 167001 168001 169001 170001 171001 172001 173001
70001 71001 72001 73001 74001 75001 76001 77001 78001 79001 80001 81001 82001 83001 84001 85001 86001 87001 88001 89001 90001 91001 92001 93001 94001 95001 96001 97001 98001 99001 100001 101001 102001 103001 104001 105001 106001 107001 108001 109001 110001 111001 112001 113001 114001 115001 116001 117001 118001 119001 120001 121001 122001 123001 124001 125001 126001 127001 128001 129001 130001 131001 132001 133001 134001 135001 136001 137001 138001 139001 140001 141001 142001 143001 144001 145001 146001 147001 148001 149001 150001 151001 152001 153001 154001 155001 156001 157001 158001 159001 160001 161001 162001 163001 164001 165001 166001 167001 168001 169001 170001 171001 172001 173001 174001
71001 72001 73001 74001 75001 76001 77001 78001 79001 80001 81001 82001 83001 84001 85001 86001 87001 88001 89001 90001 91001 92001 93001 94001 95001 96001 97001 98001 99001 100001 101001 102001 103001 104001 105001 106001 107001 108001 109001 110001 111001 112001 113001 114001 115001 116001 117001 118001 119001 120001 121001 122001 123001 124001 125001 126001 127001 128001 129001 130001 131001 132001 133001 134001 135001 136001 137001 138001 139001 140001 141001 142001 143001 144001 145001 146001 147001 148001 149001 150001 151001 152001 153001 154001 155001 156001 157001 158001 159001 160001 161001 162001 163001 164001 165001 166001 167001 168001 169001 170001 171001 172001 173001 174001 175001
72001 73001 74001 75001 76001 77001 78001 79001 80001 81001 82001 83001 84001 85001 86001 87001 88001 89001 90001 91001 92001 93001 94001 95001 96001 97001 98001 99001 100001 101001 102001 103001 104001 105001 106001 107001 108001 109001 110001 111001 112001 113001 114001 115001 116001 117001 118001 119001 120001 121001 122001 123001 124001 125001 126001 127001 128001 129001 130001 131001 132001 133001 134001 135001 136001 137001 138001 139001 140001 141001 142001 143001 144001 145001 146001 147001 148001 149001 150001 151001 152001 153001 154001 155001 156001 157001 158001 159001 160001 161001 162001 163001 164001 165001 166001 167001 168001 169001 170001 171001 172001 173001 174001 175001 176001
73001 74001 75001 76001 77001 78001 79001 80001 81001 82001 83001 84001 85001 86001 87001 88001 89001 90001 91001 92001 93001 94001 95001 96001 97001 98001 99001 100001 101001 102001 103001 104001 105001 106001 107001 108001 109001 110001 111001 112001 113001 114001 115001 116001 117001 118001 119001 120001 121001 122001 123001 124001 125001 126001 127001 128001 129001 130001 131001 132001 133001 134001 135001 136001 137001 138001 139001 140001 141001 142001 143001 144001 145001 146001 147001 148001 149001 150001 151001 152001 153001 154001 155001 156001 157001 158001 159001 160001 161001 162001 163001 164001 165001 166001 167001 168001 169001 170001 171001 172001 173001 174001 175001 176001 177001
74001 75001 76001 77001 78001 79001 80001 81001 82001 83001 84001 85001 86001 87001 88001 89001 90001 91001 92001 93001 94001 95001 96001 97001 98001 99001 100001 101001 102001 103001 104001 105001 106001 107001 108001 109001 110001 111001 112001 113001 114001 115001 116001 117001 118001 119001 120001 121001 122001 123001 124001 125001 126001 127001 128001 129001 130001 131001 132001 133001 134001 135001 136001 137001 138001 139001 140001 141001 142001 143001 144001 145001 146001 147001 148001 149001 150001 151001 152001 153001 154001 155001 156001 157001 158001 159001 160001 161001 162001 163001 164001 165001 166001 167001 168001 169001 170001 171001 172001 173001 174001 175001 176001 177001 178001
75001 76001 77001 78001 79001 80001 81001 82001 83001 84001 85001 86001 87001 88001 89001 90001 91001 92001 93001 94001 95001 96001 97001 98001 99001 100001 101001 102001 103001 104001 105001 106001 107001 108001 109001 110001 111001 112001 113001 114001 115001 116001 117001 118001 119001 120001 121001 122001 123001 124001 125001 126001 127001 128001 129001 130001 131001 132001 133001 134001 135001 136001 137001 138001 139001 140001 141001 142001 143001 144001 145001 146001 147001 148001 149001 150001 151001 152001 153001 154001 155001 156001 157001 158001 159001 160001 161001 162001 163001 164001 165001 166001 167001 168001 169001 170001 171001 172001 173001 174001 175001 176001 177001 178001 179001
76001 77001 78001 79001 80001 81001 82001 83001 84001 85001 86001 87001 88001 89001 90001 91001 92001 93001 94001 95001 96001 97001 98001 99001 100001 101001 102001 103001 104001 105001 106001 107001 108001 109001 110001 111001 112001 113001 114001 115001 116001 117001 118001 119001 120001 121001 122001 123001 124001 125001 126001 127001 128001 129001 130001 131001 132001 133001 134001 135001 136001 137001 138001 139001 140001 141001 142001 143001 144001 145001 146001 147001 148001 149001 150001 151001 152001 153001 154001 155001 156001 157001 158001 159001 160001 161001 162001 163001 164001 165001 166001 167001 168001 169001 170001 171001 172001 173001 174001 175001 176001 177001 178001 179001 180001
77001 78001 79001 80001 81001 82001 83001 84001 85001 86001 87001 88001 89001 90001 91001 92001 93001 94001 95001 96001 97001 98001 99001 100001 101001 102001 103001 104001 105001 106001 107001 108001 109001 110001 111001 112001 113001 114001 115001 116001 117001 118001 119001 120001 121001 122001 123001 124001 125001 126001 127001 128001 129001 130001 131001 132001 133001 134001 135001 136001 137001 138001 139001 140001 141001 142001 143001 144001 145001 146001 147001 148001 149001 150001 151001 152001 153001 154001 155001 156001 157001 158001 159001 160001 161001 162001 163001 164001 165001 166001 167001 168001 169001 170001 171001 172001 173001 174001 175001 176001 177001 178001 179001 180001 181001
78001 79001 80001 81001 82001 83001 84001 85001 86001 87001 88001 89001 90001 91001 92001 93001 94001 95001 96001 97001 98001 99001 100001 101001 102001 103001 104001 105001 106001 107001 108001 109001 110001 111001 112001 113001 114001 115001 116001 117001 118001 119001 120001 121001 122001 123001 124001 125001 126001 127001 128001 129001 130001 131001 132001 133001 134001 135001 136001 137001 138001 139001 140001 141001 142001 143001 144001 145001 146001 147001 148001 149001 150001 151001 152001 153001 154001 155001 156001 157001 158001 159001 160001 161001 162001 163001 164001 165001 166001 167001 168001 169001 170001 171001 172001 173001 174001 175001 176001 177001 178001 179001 180001 181001 182001
79001 80001 81001 82001 83001 84001 85001 86001 87001 88001 89001 90001 91001 92001 93001 94001 95001 96001 97001 98001 99001 100001 101001 102001 103001 104001 105001 106001 107001 108001 109001 110001 111001 112001 113001 114001 115001 116001 117001 118001 119001 120001 121001 122001 123001 124001 125001 126001 127001 128001 129001 130001 131001 132001 133001 134001 135001 136001 137001 138001 139001 140001 141001 142001 143001 144001 145001 146001 147001 148001 149001 150001 151001 152001 153001 154001 155001 156001 157001 158001 159001 160001 161001 162001 163001 164001 165001 166001 167001 168001 169001 170001 171001 172001 173001 174001 175001 176001 177001 178001 179001 180001 181001 182001 183001
80001 81001 82001 83001 84001 85001 86001 87001 88001 89001 90001 91001 92001 93001 94001 95001 96001 97001 98001 99001 100001 101001 102001 103001 104001 105001 106001 107001 108001 109001 110001 111001 112001 113001 114001 115001 116001 117001 118001 119001 120001 121001 122001 123001 124001 125001 126001 127001 128001 129001 130001 131001 132001 133001 134001 135001 136001 137001 138001 139001 140001 141001 142001 143001 144001 145001 146001 147001 148001 149001 150001 151001 152001 153001 154001 155001 156001 157001 158001 159001 160001 161001 162001 163001 164001 165001 166001 167001 168001 169001 170001 171001 172001 173001 174001 175001 176001 177001 178001 179001 180001 181001 182001 183001 184001
81001 82001 83001 84001 85001 86001 87001 88001 89001 90001 91001 92001 93001 94001 95001 96001 97001 98001 99001 100001 101001 102001 103001 104001 105001 106001 107001 108001 109001 110001 111001 112001 113001 114001 115001 116001 117001 118001 119001 120001 121001 122001 123001 124001 125001 126001 127001 128001 129001 130001 131001 132001 133001 134001 135001 136001 137001 138001 139001 140001 141001 142001 143001 144001 145001 146001 147001 148001 149001 150001 151001 152001 153001 154001 155001 156001 157001 158001 159001 160001 161001 162001 163001 164001 165001 166001 167001 168001 169001 170001 171001 172001 173001 174001 175001 176001 177001 178001 179001 180001 181001 182001 183001 184001 185001
82001 83001 84001 85001 86001 87001 88001 89001 90001 91001 92001 93001 94001 95001 96001 97001 98001 99001 100001 101001 102001 103001 104001 105001 106001 107001 108001 109001 110001 111001 112001 113001 114001 115001 116001 117001 118001 119001 120001 121001 122001 123001 124001 125001 126001 127001 128001 129001 130001 131001 132001 133001 134001 135001 136001 137001 138001 139001 140001 141001 142001 143001 144001 145001 146001 147001 148001 149001 150001 151001 152001 153001 154001 155001 156001 157001 158001 159001 160001 161001 162001 163001 164001 165001 166001 167001 168001 169001 170001 171001 172001 173001 174001 175001 176001 177001 178001 179001 180001 181001 182001 183001 184001 185001 186001
83001 84001 85001 86001 87001 88001 89001 90001 91001 92001 93001 94001 95001 96001 97001 98001 99001 100001 101001 102001 103001 104001 105001 106001 107001 108001 109001 110001 111001 112001 113001 114001 115001 116001 117001 118001 119001 120001 121001 122001 123001 124001 125001 126001 127001 128001 129001 130001 131001 132001 133001 134001 135001 136001 137001 138001 139001 140001 141001 142001 143001 144001 145001 146001 147001 148001 149001 150001 151001 152001 153001 154001 155001 156001 157001 158001 159001 160001 161001 162001 163001 164001 165001 166001 167001 168001 169001 170001 171001 172001 173001 174001 175001 176001 177001 178001 179001 180001 181001 182001 183001 184001 185001 186001 187001
84001 85001 86001 87001 88001 89001 90001 91001 92001 93001 94001 95001 96001 97001 98001 99001 100001 101001 102001 103001 104001 105001 106001 107001 108001 109001 110001 111001 112001 113001 114001 115001 116001 117001 118001 119001 120001 121001 122001 123001 124001 125001 126001 127001 128001 129001 130001 131001 132001 133001 134001 135001 136001 137001 138001 139001 140001 141001 142001 143001 144001 145001 146001 147001 148001 149001 150001 151001 152001 153001 154001 155001 156001 157001 158001 159001 160001 161001 162001 163001 164001 165001 166001 167001 168001 169001 170001 171001 172001 173001 174001 175001 176001 177001 178001 179001 180001 181001 182001 183001 184001 185001 186001 187001 188001
85001 86001 87001 88001 89001 90001 91001 92001 93001 94001 95001 96001 97001 98001 99001 100001 101001 102001 103001 104001 105001 106001 107001 108001 109001 110001 111001 112001 113001 114001 115001 116001 117001 118001 119001 120001 121001 122001 123001 124001 125001 126001 127001 128001 129001 130001 131001 132001 133001 134001 135001 136001 137001 138001 139001 140001 141001 142001 143001 144001 145001 146001 147001 148001 149001 150001 151001 152001 153001 154001 155001 156001 157001 158001 159001 160001 161001 162001 163001 164001 165001 166001 167001 168001 169001 170001 171001 172001 173001 174001 175001 176001 177001 178001 179001 180001 181001 182001 183001 184001 185001 186001 187001 188001 189001
86001 87001 88001 89001 90001 91001 92001 93001 94001 95001 96001 97001 98001 99001 100001 101001 102001 103001 104001 105001 106001 107001 108001 109001 110001 111001 112001 113001 114001 115001 116001 117001 118001 119001 120001 121001 122001 123001 124001 125001 126001 127001 128001 129001 130001 131001 132001 133001 134001 135001 136001 137001 138001 139001 140001 141001 142001 143001 144001 145001 146001 147001 148001 149001 150001 151001 152001 153001 154001 155001 156001 157001 158001 159001 160001 161001 162001 163001 164001 165001 166001 167001 168001 169001 170001 171001 172001 173001 174001 175001 176001 177001 178001 179001 180001 181001 182001 183001 184001 185001 186001 187001 188001 189001 190001
87001 88001 89001 90001 91001 92001 93001 94001 95001 96001 97001 98001 99001 100001 101001 102001 103001 104001 105001 106001 107001 108001 109001 110001 111001 112001 113001 114001 115001 116001 117001 118001 119001 120001 121001 122001 123001 124001 125001 126001 127001 128001 129001 130001 131001 132001 133001 134001 135001 136001 137001 138001 139001 140001 141001 142001 143001 144001 145001 146001 147001 148001 149001 150001 151001 152001 153001 154001 155001 156001 157001 158001 159001 160001 161001 162001 163001 164001 165001 166001 167001 168001 169001 170001 171001 172001 173001 174001 175001 176001 177001 178001 179001 180001 181001 182001 183001 184001 185001 186001 187001 188001 189001 190001 191001
88001 89001 90001 91001 92001 93001 94001 95001 96001 97001 98001 99001 100001 101001 102001 103001 104001 105001 106001 107001 108001 109001 110001 111001 112001 113001 114001 115001 116001 117001 118001 119001 120001 121001 122001 123001 124001 125001 126001 127001 128001 129001 130001 131001 132001 133001 134001 135001 136001 137001 138001 139001 140001 141001 142001 143001 144001 145001 146001 147001 148001 149001 150001 151001 152001 153001 154001 155001 156001 157001 158001 159001 160001 161001 162001 163001 164001 165001 166001 167001 168001 169001 170001 171001 172001 173001 174001 175001 176001 177001 178001 179001 180001 181001 182001 183001 184001 185001 186001 187001 188001 189001 190001 191001 192001
89001 90001 91001 92001 93001 94001 95001 96001 97001 98001 99001 100001 101001 102001 103001 104001 105001 106001 107001 108001 109001 110001 111001 112001 113001 114001 115001 116001 117001 118001 119001 120001 121001 122001 123001 124001 125001 126001 127001 128001 129001 130001 131001 132001 133001 134001 135001 136001 137001 138001 139001 140001 141001 142001 143001 144001 145001 146001 147001 148001 149001 150001 151001 152001 153001 154001 155001 156001 157001 158001 159001 160001 161001 162001 163001 164001 165001 166001 167001 168001 169001 170001 171001 172001 173001 174001 175001 176001 177001 178001 179001 180001 181001 182001 183001 184001 185001 186001 187001 188001 189001 190001 191001 192001 193001
90001 91001 92001 93001 94001 95001 96001 97001 98001 99001 100001 101001 102001 103001 104001 105001 106001 107001 108001 109001 110001 111001 112001 113001 114001 115001 116001 117001 118001 119001 120001 121001 122001 123001 124001 125001 126001 127001 128001 129001 130001 131001 132001 133001 134001 135001 136001 137001 138001 139001 140001 141001 142001 143001 144001 145001 146001 147001 148001 149001 150001 151001 152001 153001 154001 155001 156001 157001 158001 159001 160001 161001 162001 163001 164001 165001 166001 167001 168001 169001 170001 171001 172001 173001 174001 175001 176001 177001 178001 179001 180001 181001 182001 183001 184001 185001 186001 187001 188001 189001 190001 191001 192001 193001 194001
91001 92001 93001 94001 95001 96001 97001 98001 99001 100001 101001 102001 103001 104001 105001 106001 107001 108001 109001 110001 111001 112001 113001 114001 115001 116001 117001 118001 119001 120001 121001 122001 123001 124001 125001 126001 127001 128001 129001 130001 131001 132001 133001 134001 135001 136001 137001 138001 139001 140001 141001 142001 143001 144001 145001 146001 147001 148001 149001 150001 151001 152001 153001 154001 155001 156001 157001 158001 159001 160001 161001 162001 163001 164001 165001 166001 167001 168001 169001 170001 171001 172001 173001 174001 175001 176001 177001 178001 179001 180001 181001 182001 183001 184001 185001 186001 187001 188001 189001 190001 191001 192001 193001 194001 195001
92001 93001 94001 95001 96001 97001 98001 99001 100001 101001 102001 103001 104001 105001 106001 107001 108001 109001 110001 111001 112001 113001 114001 115001 116001 117001 118001 119001 120001 121001 122001 123001 124001 125001 126001 127001 128001 129001 130001 131001 132001 133001 134001 135001 136001 137001 138001 139001 140001 141001 142001 143001 144001 145001 146001 147001 148001 149001 150001 151001 152001 153001 154001 155001 156001 157001 158001 159001 160001 161001 162001 163001 164001 165001 166001 167001 168001 169001 170001 171001 172001 173001 174001 175001 176001 177001 178001 179001 180001 181001 182001 183001 184001 185001 186001 187001 188001 189001 190001 191001 192001 193001 194001 195001 196001
93001 94001 95001 96001 97001 98001 99001 100001 101001 102001 103001 104001 105001 106001 107001 108001 109001 110001 111001 112001 113001 114001 115001 116001 117001 118001 119001 120001 121001 122001 123001 124001 125001 126001 127001 128001 129001 130001 131001 132001 133001 134001 135001 136001 137001 138001 139001 140001 141001 142001 143001 144001 145001 146001 147001 148001 149001 150001 151001 152001 153001 154001 155001 156001 157001 158001 159001 160001 161001 162001 163001 164001 165001 166001 167001 168001 169001 170001 171001 172001 173001 174001 175001 176001 177001 178001 179001 180001 181001 182001 183001 184001 185001 186001 187001 188001 189001 190001 191001 192001 193001 194001 195001 196001 197001
94001 95001 96001 97001 98001 99001 100001 101001 102001 103001 104001 105001 106001 107001 108001 109001 110001 111001 112001 113001 114001 115001 116001 117001 118001 119001 120001 121001 122001 123001 124001 125001 126001 127001 128001 129001 130001 131001 132001 133001 134001 135001 136001 137001 138001 139001 140001 141001 142001 143001 144001 145001 146001 147001 148001 149001 150001 151001 152001 153001 154001 155001 156001 157001 158001 159001 160001 161001 162001 163001 164001 165001 166001 167001 168001 169001 170001 171001 172001 173001 174001 175001 176001 177001 178001 179001 180001 181001 182001 183001 184001 185001 186001 187001 188001 189001 190001 191001 192001 193001 194001 195001 196001 197001 198001
95001 96001 97001 98001 99001 100001 101001 102001 103001 104001 105001 106001 107001 108001 109001 110001 111001 112001 113001 114001 115001 116001 117001 118001 119001 120001 121001 122001 123001 124001 125001 126001 127001 128001 129001 130001 131001 132001 133001 134001 135001 136001 137001 138001 139001 140001 141001 142001 143001 144001 145001 146001 147001 148001 149001 150001 151001 152001 153001 154001 155001 156001 157001 158001 159001 160001 161001 162001 163001 164001 165001 166001 167001 168001 169001 170001 171001 172001 173001 174001 175001 176001 177001 178001 179001 180001 181001 182001 183001 184001 185001 186001 187001 188001 189001 190001 191001 192001 193001 194001 195001 196001 197001 198001 199001
96001 97001 98001 99001 100001 101001 102001 103001 104001 105001 106001 107001 108001 109001 110001 111001 112001 113001 114001 115001 116001 117001 118001 119001 120001 121001 122001 123001 124001 125001 126001 127001 128001 129001 130001 131001 132001 133001 134001 135001 136001 137001 138001 139001 140001 141001 142001 143001 144001 145001 146001 147001 148001 149001 150001 151001 152001 153001 154001 155001 156001 157001 158001 159001 160001 161001 162001 163001 164001 165001 166001 167001 168001 169001 170001 171001 172001 173001 174001 175001 176001 177001 178001 179001 180001 181001 182001 183001 184001 185001 186001 187001 188001 189001 190001 191001 192001 193001 194001 195001 196001 197001 198001 199001 200001
97001 98001 99001 100001 101001 102001 103001 104001 105001 106001 107001 108001 109001 110001 111001 112001 113001 114001 115001 116001 117001 118001 119001 120001 121001 122001 123001 124001 125001 126001 127001 128001 129001 130001 131001 132001 133001 134001 135001 136001 137001 138001 139001 140001 141001 142001 143001 144001 145001 146001 147001 148001 149001 150001 151001 152001 153001 154001 155001 156001 157001 158001 159001 160001 161001 162001 163001 164001 165001 166001 167001 168001 169001 170001 171001 172001 173001 174001 175001 176001 177001 178001 179001 180001 181001 182001 183001 184001 185001 186001 187001 188001 189001 190001 191001 192001 193001 194001 195001 196001 197001 198001 199001 200001 201001
98001 99001 100001 101001 102001 103001 104001 105001 106001 107001 108001 109001 110001 111001 112001 113001 114001 115001 116001 117001 118001 119001 120001 121001 122001 123001 124001 125001 126001 127001 128001 129001 130001 131001 132001 133001 134001 135001 136001 137001 138001 139001 140001 141001 142001 143001 144001 145001 146001 147001 148001 149001 150001 151001 152001 153001 154001 155001 156001 157001 158001 159001 160001 161001 162001 163001 164001 165001 166001 167001 168001 169001 170001 171001 172001 173001 174001 175001 176001 177001 178001 179001 180001 181001 182001 183001 184001 185001 186001 187001 188001 189001 190001 191001 192001 193001 194001 195001 196001 197001 198001 199001 200001 201001 202001
99001 100001 101001 102001 103001 104001 105001 106001 107001 108001 109001 110001 111001 112001 113001 114001 115001 116001 117001 118001 119001 120001 121001 122001 123001 124001 125001 126001 127001 128001 129001 130001 131001 132001 133001 134001 135001 136001 137001 138001 139001 140001 141001 142001 143001 144001 145001 146001 147001 148001 149001 150001 151001 152001 153001 154001 155001 156001 157001 158001 159001 160001 161001 162001 163001 164001 165001 166001 167001 168001 169001 170001 171001 172001 173001 174001 175001 176001 177001 178001 179001 180001 181001 182001 183001 184001 185001 186001 187001 188001 189001 190001 191001 192001 193001 194001 195001 196001 197001 198001 199001 200001 201001 202001 203001
100001 101001 102001 103001 104001 105001 106001 107001 108001 109001 110001 111001 112001 113001 114001 115001 116001 117001 118001 119001 120001 121001 122001 123001 124001 125001 126001 127001 128001 129001 130001 131001 132001 133001 134001 135001 136001 137001 138001 139001 140001 141001 142001 143001 144001 145001 146001 147001 148001 149001 150001 151001 152001 153001 154001 155001 156001 157001 158001 159001 160001 161001 162001 163001 164001 165001 166001 167001 168001 169001 170001 171001 172001 173001 174001 175001 176001 177001 178001 179001 180001 181001 182001 183001 184001 185001 186001 187001 188001 189001 190001 191001 192001 193001 194001 195001 196001 197001 198001 199001 200001 201001 202001 203001 204001
101001 102001 103001 104001 105001 106001 107001 108001 109001 110001 111001 112001 113001 114001 115001 116001 117001 118001 119001 120001 121001 122001 123001 124001 125001 126001 127001 128001 129001 130001 131001 132001 133001 134001 135001 136001 137001 138001 139001 140001 141001 142001 143001 144001 145001 146001 147001 148001 149001 150001 151001 152001 153001 154001 155001 156001 157001 158001 159001 160001 161001 162001 163001 164001 165001 166001 167001 168001 169001 170001 171001 172001 173001 174001 175001 176001 177001 178001 179001 180001 181001 182001 183001 184001 185001 186001 187001 188001 189001 190001 191001 192001 193001 194001 195001 196001 197001 198001 199001 200001 201001 202001 203001 204001 205001
102001 103001 104001 105001 106001 107001 108001 109001 110001 111001 112001 113001 114001 115001 116001 117001 118001 119001 120001 121001 122001 123001 124001 125001 126001 127001 128001 129001 130001 131001 132001 133001 134001 135001 136001 137001 138001 139001 140001 141001 142001 143001 144001 145001 146001 147001 148001 149001 150001 151001 152001 153001 154001 155001 156001 157001 158001 159001 160001 161001 162001 163001 164001 165001 166001 167001 168001 169001 170001 171001 172001 173001 174001 175001 176001 177001 178001 179001 180001 181001 182001 183001 184001 185001 186001 187001 188001 189001 190001 191001 192001 193001 194001 195001 196001 197001 198001 199001 200001 201001 202001 203001 204001 205001 206001
103001 104001 105001 106001 107001 108001 109001 110001 111001 112001 113001 114001 115001 116001 117001 118001 119001 120001 121001 122001 123001 124001 125001 126001 127001 128001 129001 130001 131001 132001 133001 134001 135001 136001 137001 138001 139001 140001 141001 142001 143001 144001 145001 146001 147001 148001 149001 150001 151001 152001 153001 154001 155001 156001 157001 158001 159001 160001 161001 162001 163001 164001 165001 166001 167001 168001 169001 170001 171001 172001 173001 174001 175001 176001 177001 178001 179001 180001 181001 182001 183001 184001 185001 186001 187001 188001 189001 190001 191001 192001 193001 194001 195001 196001 197001 198001 199001 200001 201001 202001 203001 204001 205001 206001 207001
104001 105001 106001 107001 108001 109001 110001 111001 112001 113001 114001 115001 116001 117001 118001 119001 120001 121001 122001 123001 124001 125001 126001 127001 128001 129001 130001 131001 132001 133001 134001 135001 136001 137001 138001 139001 140001 141001 142001 143001 144001 145001 146001 147001 148001 149001 150001 151001 152001 153001 154001 155001 156001 157001 158001 159001 160001 161001 162001 163001 164001 165001 166001 167001 168001 169001 170001 171001 172001 173001 174001 175001 176001 177001 178001 179001 180001 181001 182001 183001 184001 185001 186001 187001 188001 189001 190001 191001 192001 193001 194001 195001 196001 197001 198001 199001 200001 201001 202001 203001 204001 205001 206001 207001 208001
