118 107
100 1100 2100 3100 4100 5100 6100 7100 8100 9100 10100 11100 12100 13100 14100 15100 16100 17100 18100 19100 20100 21100 22100 23100 24100 25100 26100 27100 28100 29100 30100 31100 32100 33100 34100 35100 36100 37100 38100 39100 40100 41100 42100 43100 44100 45100 46100 47100 48100 49100 50100 51100 52100 53100 54100 55100 56100 57100 58100 59100 60100 61100 62100 63100 64100 65100 66100 67100 68100 69100 70100 71100 72100 73100 74100 75100 76100 77100 78100 79100 80100 81100 82100 83100 84100 85100 86100 87100 88100 89100 90100 91100 92100 93100 94100 95100 96100 97100 98100 99100 100100 101100 102100 103100 104100 105100 106100
1100 2100 3100 4100 5100 6100 7100 8100 9100 10100 11100 12100 13100 14100 15100 16100 17100 18100 19100 20100 21100 22100 23100 24100 25100 26100 27100 28100 29100 30100 31100 32100 33100 34100 35100 36100 37100 38100 39100 40100 41100 42100 43100 44100 45100 46100 47100 48100 49100 50100 51100 52100 53100 54100 55100 56100 57100 58100 59100 60100 61100 62100 63100 64100 65100 66100 67100 68100 69100 70100 71100 72100 73100 74100 75100 76100 77100 78100 79100 80100 81100 82100 83100 84100 85100 86100 87100 88100 89100 90100 91100 92100 93100 94100 95100 96100 97100 98100 99100 100100 101100 102100 103100 104100 105100 106100 107100
2100 3100 4100 5100 6100 7100 8100 9100 10100 11100 12100 13100 14100 15100 16100 17100 18100 19100 20100 21100 22100 23100 24100 25100 26100 27100 28100 29100 30100 31100 32100 33100 34100 35100 36100 37100 38100 39100 40100 41100 42100 43100 44100 45100 46100 47100 48100 49100 50100 51100 52100 53100 54100 55100 56100 57100 58100 59100 60100 61100 62100 63100 64100 65100 66100 67100 68100 69100 70100 71100 72100 73100 74100 75100 76100 77100 78100 79100 80100 81100 82100 83100 84100 85100 86100 87100 88100 89100 90100 91100 92100 93100 94100 95100 96100 97100 98100 99100 100100 101100 102100 103100 104100 105100 106100 107100 108100
3100 4100 5100 6100 7100 8100 9100 10100 11100 12100 13100 14100 15100 16100 17100 18100 19100 20100 21100 22100 23100 24100 25100 26100 27100 28100 29100 30100 31100 32100 33100 34100 35100 36100 37100 38100 39100 40100 41100 42100 43100 44100 45100 46100 47100 48100 49100 50100 51100 52100 53100 54100 55100 56100 57100 58100 59100 60100 61100 62100 63100 64100 65100 66100 67100 68100 69100 70100 71100 72100 73100 74100 75100 76100 77100 78100 79100 80100 81100 82100 83100 84100 85100 86100 87100 88100 89100 90100 91100 92100 93100 94100 95100 96100 97100 98100 99100 100100 101100 102100 103100 104100 105100 106100 107100 108100 109100
4100 5100 6100 7100 8100 9100 10100 11100 12100 13100 14100 15100 16100 17100 18100 19100 20100 21100 22100 23100 24100 25100 26100 27100 28100 29100 30100 31100 32100 33100 34100 35100 36100 37100 38100 39100 40100 41100 42100 43100 44100 45100 46100 47100 48100 49100 50100 51100 52100 53100 54100 55100 56100 57100 58100 59100 60100 61100 62100 63100 64100 65100 66100 67100 68100 69100 70100 71100 72100 73100 74100 75100 76100 77100 78100 79100 80100 81100 82100 83100 84100 85100 86100 87100 88100 89100 90100 91100 92100 93100 94100 95100 96100 97100 98100 99100 100100 101100 102100 103100 104100 105100 106100 107100 108100 109100 110100
5100 6100 7100 8100 9100 10100 11100 12100 13100 14100 15100 16100 17100 18100 19100 20100 21100 22100 23100 24100 25100 26100 27100 28100 29100 30100 31100 32100 33100 34100 35100 36100 37100 38100 39100 40100 41100 42100 43100 44100 45100 46100 47100 48100 49100 50100 51100 52100 53100 54100 55100 56100 57100 58100 59100 60100 61100 62100 63100 64100 65100 66100 67100 68100 69100 70100 71100 72100 73100 74100 75100 76100 77100 78100 79100 80100 81100 82100 83100 84100 85100 86100 87100 88100 89100 90100 91100 92100 93100 94100 95100 96100 97100 98100 99100 100100 101100 102100 103100 104100 105100 106100 107100 108100 109100 110100 111100
6100 7100 8100 9100 10100 11100 12100 13100 14100 15100 16100 17100 18100 19100 20100 21100 22100 23100 24100 25100 26100 27100 28100 29100 30100 31100 32100 33100 34100 35100 36100 37100 38100 39100 40100 41100 42100 43100 44100 45100 46100 47100 48100 49100 50100 51100 52100 53100 54100 55100 56100 57100 58100 59100 60100 61100 62100 63100 64100 65100 66100 67100 68100 69100 70100 71100 72100 73100 74100 75100 76100 77100 78100 79100 80100 81100 82100 83100 84100 85100 86100 87100 88100 89100 90100 91100 92100 93100 94100 95100 96100 97100 98100 99100 100100 101100 102100 103100 104100 105100 106100 107100 108100 109100 110100 111100 112100
7100 8100 9100 10100 11100 12100 13100 14100 15100 16100 17100 18100 19100 20100 21100 22100 23100 24100 25100 26100 27100 28100 29100 30100 31100 32100 33100 34100 35100 36100 37100 38100 39100 40100 41100 42100 43100 44100 45100 46100 47100 48100 49100 50100 51100 52100 53100 54100 55100 56100 57100 58100 59100 60100 61100 62100 63100 64100 65100 66100 67100 68100 69100 70100 71100 72100 73100 74100 75100 76100 77100 78100 79100 80100 81100 82100 83100 84100 85100 86100 87100 88100 89100 90100 91100 92100 93100 94100 95100 96100 97100 98100 99100 100100 101100 102100 103100 104100 105100 106100 107100 108100 109100 110100 111100 112100 113100
8100 9100 10100 11100 12100 13100 14100 15100 16100 17100 18100 19100 20100 21100 22100 23100 24100 25100 26100 27100 28100 29100 30100 31100 32100 33100 34100 35100 36100 37100 38100 39100 40100 41100 42100 43100 44100 45100 46100 47100 48100 49100 50100 51100 52100 53100 54100 55100 56100 57100 58100 59100 60100 61100 62100 63100 64100 65100 66100 67100 68100 69100 70100 71100 72100 73100 74100 75100 76100 77100 78100 79100 80100 81100 82100 83100 84100 85100 86100 87100 88100 89100 90100 91100 92100 93100 94100 95100 96100 97100 98100 99100 100100 101100 102100 103100 104100 105100 106100 107100 108100 109100 110100 111100 112100 113100 114100
9100 10100 11100 12100 13100 14100 15100 16100 17100 18100 19100 20100 21100 22100 23100 24100 25100 26100 27100 28100 29100 30100 31100 32100 33100 34100 35100 36100 37100 38100 39100 40100 41100 42100 43100 44100 45100 46100 47100 48100 49100 50100 51100 52100 53100 54100 55100 56100 57100 58100 59100 60100 61100 62100 63100 64100 65100 66100 67100 68100 69100 70100 71100 72100 73100 74100 75100 76100 77100 78100 79100 80100 81100 82100 83100 84100 85100 86100 87100 88100 89100 90100 91100 92100 93100 94100 95100 96100 97100 98100 99100 100100 101100 102100 103100 104100 105100 106100 107100 108100 109100 110100 111100 112100 113100 114100 115100
10100 11100 12100 13100 14100 15100 16100 17100 18100 19100 20100 21100 22100 23100 24100 25100 26100 27100 28100 29100 30100 31100 32100 33100 34100 35100 36100 37100 38100 39100 40100 41100 42100 43100 44100 45100 46100 47100 48100 49100 50100 51100 52100 53100 54100 55100 56100 57100 58100 59100 60100 61100 62100 63100 64100 65100 66100 67100 68100 69100 70100 71100 72100 73100 74100 75100 76100 77100 78100 79100 80100 81100 82100 83100 84100 85100 86100 87100 88100 89100 90100 91100 92100 93100 94100 95100 96100 97100 98100 99100 100100 101100 102100 103100 104100 105100 106100 107100 108100 109100 110100 111100 112100 113100 114100 115100 116100
11100 12100 13100 14100 15100 16100 17100 18100 19100 20100 21100 22100 23100 24100 25100 26100 27100 28100 29100 30100 31100 32100 33100 34100 35100 36100 37100 38100 39100 40100 41100 42100 43100 44100 45100 46100 47100 48100 49100 50100 51100 52100 53100 54100 55100 56100 57100 58100 59100 60100 61100 62100 63100 64100 65100 66100 67100 68100 69100 70100 71100 72100 73100 74100 75100 76100 77100 78100 79100 80100 81100 82100 83100 84100 85100 86100 87100 88100 89100 90100 91100 92100 93100 94100 95100 96100 97100 98100 99100 100100 101100 102100 103100 104100 105100 106100 107100 108100 109100 110100 111100 112100 113100 114100 115100 116100 117100
12100 13100 14100 15100 16100 17100 18100 19100 20100 21100 22100 23100 24100 25100 26100 27100 28100 29100 30100 31100 32100 33100 34100 35100 36100 37100 38100 39100 40100 41100 42100 43100 44100 45100 46100 47100 48100 49100 50100 51100 52100 53100 54100 55100 56100 57100 58100 59100 60100 61100 62100 63100 64100 65100 66100 67100 68100 69100 70100 71100 72100 73100 74100 75100 76100 77100 78100 79100 80100 81100 82100 83100 84100 85100 86100 87100 88100 89100 90100 91100 92100 93100 94100 95100 96100 97100 98100 99100 100100 101100 102100 103100 104100 105100 106100 107100 108100 109100 110100 111100 112100 113100 114100 115100 116100 117100 118100
13100 14100 15100 16100 17100 18100 19100 20100 21100 22100 23100 24100 25100 26100 27100 28100 29100 30100 31100 32100 33100 34100 35100 36100 37100 38100 39100 40100 41100 42100 43100 44100 45100 46100 47100 48100 49100 50100 51100 52100 53100 54100 55100 56100 57100 58100 59100 60100 61100 62100 63100 64100 65100 66100 67100 68100 69100 70100 71100 72100 73100 74100 75100 76100 77100 78100 79100 80100 81100 82100 83100 84100 85100 86100 87100 88100 89100 90100 91100 92100 93100 94100 95100 96100 97100 98100 99100 100100 101100 102100 103100 104100 105100 106100 107100 108100 109100 110100 111100 112100 113100 114100 115100 116100 117100 118100 119100
14100 15100 16100 17100 18100 19100 20100 21100 22100 23100 24100 25100 26100 27100 28100 29100 30100 31100 32100 33100 34100 35100 36100 37100 38100 39100 40100 41100 42100 43100 44100 45100 46100 47100 48100 49100 50100 51100 52100 53100 54100 55100 56100 57100 58100 59100 60100 61100 62100 63100 64100 65100 66100 67100 68100 69100 70100 71100 72100 73100 74100 75100 76100 77100 78100 79100 80100 81100 82100 83100 84100 85100 86100 87100 88100 89100 90100 91100 92100 93100 94100 95100 96100 97100 98100 99100 100100 101100 102100 103100 104100 105100 106100 107100 108100 109100 110100 111100 112100 113100 114100 115100 116100 117100 118100 119100 120100
15100 16100 17100 18100 19100 20100 21100 22100 23100 24100 25100 26100 27100 28100 29100 30100 31100 32100 33100 34100 35100 36100 37100 38100 39100 40100 41100 42100 43100 44100 45100 46100 47100 48100 49100 50100 51100 52100 53100 54100 55100 56100 57100 58100 59100 60100 61100 62100 63100 64100 65100 66100 67100 68100 69100 70100 71100 72100 73100 74100 75100 76100 77100 78100 79100 80100 81100 82100 83100 84100 85100 86100 87100 88100 89100 90100 91100 92100 93100 94100 95100 96100 97100 98100 99100 100100 101100 102100 103100 104100 105100 106100 107100 108100 109100 110100 111100 112100 113100 114100 115100 116100 117100 118100 119100 120100 121100
16100 17100 18100 19100 20100 21100 22100 23100 24100 25100 26100 27100 28100 29100 30100 31100 32100 33100 34100 35100 36100 37100 38100 39100 40100 41100 42100 43100 44100 45100 46100 47100 48100 49100 50100 51100 52100 53100 54100 55100 56100 57100 58100 59100 60100 61100 62100 63100 64100 65100 66100 67100 68100 69100 70100 71100 72100 73100 74100 75100 76100 77100 78100 79100 80100 81100 82100 83100 84100 85100 86100 87100 88100 89100 90100 91100 92100 93100 94100 95100 96100 97100 98100 99100 100100 101100 102100 103100 104100 105100 106100 107100 108100 109100 110100 111100 112100 113100 114100 115100 116100 117100 118100 119100 120100 121100 122100
17100 18100 19100 20100 21100 22100 23100 24100 25100 26100 27100 28100 29100 30100 31100 32100 33100 34100 35100 36100 37100 38100 39100 40100 41100 42100 43100 44100 45100 46100 47100 48100 49100 50100 51100 52100 53100 54100 55100 56100 57100 58100 59100 60100 61100 62100 63100 64100 65100 66100 67100 68100 69100 70100 71100 72100 73100 74100 75100 76100 77100 78100 79100 80100 81100 82100 83100 84100 85100 86100 87100 88100 89100 90100 91100 92100 93100 94100 95100 96100 97100 98100 99100 100100 101100 102100 103100 104100 105100 106100 107100 108100 109100 110100 111100 112100 113100 114100 115100 116100 117100 118100 119100 120100 121100 122100 123100
18100 19100 20100 21100 22100 23100 24100 25100 26100 27100 28100 29100 30100 31100 32100 33100 34100 35100 36100 37100 38100 39100 40100 41100 42100 43100 44100 45100 46100 47100 48100 49100 50100 51100 52100 53100 54100 55100 56100 57100 58100 59100 60100 61100 62100 63100 64100 65100 66100 67100 68100 69100 70100 71100 72100 73100 74100 75100 76100 77100 78100 79100 80100 81100 82100 83100 84100 85100 86100 87100 88100 89100 90100 91100 92100 93100 94100 95100 96100 97100 98100 99100 100100 101100 102100 103100 104100 105100 106100 107100 108100 109100 110100 111100 112100 113100 114100 115100 116100 117100 118100 119100 120100 121100 122100 123100 124100
19100 20100 21100 22100 23100 24100 25100 26100 27100 28100 29100 30100 31100 32100 33100 34100 35100 36100 37100 38100 39100 40100 41100 42100 43100 44100 45100 46100 47100 48100 49100 50100 51100 52100 53100 54100 55100 56100 57100 58100 59100 60100 61100 62100 63100 64100 65100 66100 67100 68100 69100 70100 71100 72100 73100 74100 75100 76100 77100 78100 79100 80100 81100 82100 83100 84100 85100 86100 87100 88100 89100 90100 91100 92100 93100 94100 95100 96100 97100 98100 99100 100100 101100 102100 103100 104100 105100 106100 107100 108100 109100 110100 111100 112100 113100 114100 115100 116100 117100 118100 119100 120100 121100 122100 123100 124100 125100
20100 21100 22100 23100 24100 25100 26100 27100 28100 29100 30100 31100 32100 33100 34100 35100 36100 37100 38100 39100 40100 41100 42100 43100 44100 45100 46100 47100 48100 49100 50100 51100 52100 53100 54100 55100 56100 57100 58100 59100 60100 61100 62100 63100 64100 65100 66100 67100 68100 69100 70100 71100 72100 73100 74100 75100 76100 77100 78100 79100 80100 81100 82100 83100 84100 85100 86100 87100 88100 89100 90100 91100 92100 93100 94100 95100 96100 97100 98100 99100 100100 101100 102100 103100 104100 105100 106100 107100 108100 109100 110100 111100 112100 113100 114100 115100 116100 117100 118100 119100 120100 121100 122100 123100 124100 125100 126100
21100 22100 23100 24100 25100 26100 27100 28100 29100 30100 31100 32100 33100 34100 35100 36100 37100 38100 39100 40100 41100 42100 43100 44100 45100 46100 47100 48100 49100 50100 51100 52100 53100 54100 55100 56100 57100 58100 59100 60100 61100 62100 63100 64100 65100 66100 67100 68100 69100 70100 71100 72100 73100 74100 75100 76100 77100 78100 79100 80100 81100 82100 83100 84100 85100 86100 87100 88100 89100 90100 91100 92100 93100 94100 95100 96100 97100 98100 99100 100100 101100 102100 103100 104100 105100 106100 107100 108100 109100 110100 111100 112100 113100 114100 115100 116100 117100 118100 119100 120100 121100 122100 123100 124100 125100 126100 127100
22100 23100 24100 25100 26100 27100 28100 29100 30100 31100 32100 33100 34100 35100 36100 37100 38100 39100 40100 41100 42100 43100 44100 45100 46100 47100 48100 49100 50100 51100 52100 53100 54100 55100 56100 57100 58100 59100 60100 61100 62100 63100 64100 65100 66100 67100 68100 69100 70100 71100 72100 73100 74100 75100 76100 77100 78100 79100 80100 81100 82100 83100 84100 85100 86100 87100 88100 89100 90100 91100 92100 93100 94100 95100 96100 97100 98100 99100 100100 101100 102100 103100 104100 105100 106100 107100 108100 109100 110100 111100 112100 113100 114100 115100 116100 117100 118100 119100 120100 121100 122100 123100 124100 125100 126100 127100 128100
23100 24100 25100 26100 27100 28100 29100 30100 31100 32100 33100 34100 35100 36100 37100 38100 39100 40100 41100 42100 43100 44100 45100 46100 47100 48100 49100 50100 51100 52100 53100 54100 55100 56100 57100 58100 59100 60100 61100 62100 63100 64100 65100 66100 67100 68100 69100 70100 71100 72100 73100 74100 75100 76100 77100 78100 79100 80100 81100 82100 83100 84100 85100 86100 87100 88100 89100 90100 91100 92100 93100 94100 95100 96100 97100 98100 99100 100100 101100 102100 103100 104100 105100 106100 107100 108100 109100 110100 111100 112100 113100 114100 115100 116100 117100 118100 119100 120100 121100 122100 123100 124100 125100 126100 127100 128100 129100
24100 25100 26100 27100 28100 29100 30100 31100 32100 33100 34100 35100 36100 37100 38100 39100 40100 41100 42100 43100 44100 45100 46100 47100 48100 49100 50100 51100 52100 53100 54100 55100 56100 57100 58100 59100 60100 61100 62100 63100 64100 65100 66100 67100 68100 69100 70100 71100 72100 73100 74100 75100 76100 77100 78100 79100 80100 81100 82100 83100 84100 85100 86100 87100 88100 89100 90100 91100 92100 93100 94100 95100 96100 97100 98100 99100 100100 101100 102100 103100 104100 105100 106100 107100 108100 109100 110100 111100 112100 113100 114100 115100 116100 117100 118100 119100 120100 121100 122100 123100 124100 125100 126100 127100 128100 129100 130100
25100 26100 27100 28100 29100 30100 31100 32100 33100 34100 35100 36100 37100 38100 39100 40100 41100 42100 43100 44100 45100 46100 47100 48100 49100 50100 51100 52100 53100 54100 55100 56100 57100 58100 59100 60100 61100 62100 63100 64100 65100 66100 67100 68100 69100 70100 71100 72100 73100 74100 75100 76100 77100 78100 79100 80100 81100 82100 83100 84100 85100 86100 87100 88100 89100 90100 91100 92100 93100 94100 95100 96100 97100 98100 99100 100100 101100 102100 103100 104100 105100 106100 107100 108100 109100 110100 111100 112100 113100 114100 115100 116100 117100 118100 119100 120100 121100 122100 123100 124100 125100 126100 127100 128100 129100 130100 131100
26100 27100 28100 29100 30100 31100 32100 33100 34100 35100 36100 37100 38100 39100 40100 41100 42100 43100 44100 45100 46100 47100 48100 49100 50100 51100 52100 53100 54100 55100 56100 57100 58100 59100 60100 61100 62100 63100 64100 65100 66100 67100 68100 69100 70100 71100 72100 73100 74100 75100 76100 77100 78100 79100 80100 81100 82100 83100 84100 85100 86100 87100 88100 89100 90100 91100 92100 93100 94100 95100 96100 97100 98100 99100 100100 101100 102100 103100 104100 105100 106100 107100 108100 109100 110100 111100 112100 113100 114100 115100 116100 117100 118100 119100 120100 121100 122100 123100 124100 125100 126100 127100 128100 129100 130100 131100 132100
27100 28100 29100 30100 31100 32100 33100 34100 35100 36100 37100 38100 39100 40100 41100 42100 43100 44100 45100 46100 47100 48100 49100 50100 51100 52100 53100 54100 55100 56100 57100 58100 59100 60100 61100 62100 63100 64100 65100 66100 67100 68100 69100 70100 71100 72100 73100 74100 75100 76100 77100 78100 79100 80100 81100 82100 83100 84100 85100 86100 87100 88100 89100 90100 91100 92100 93100 94100 95100 96100 97100 98100 99100 100100 101100 102100 103100 104100 105100 106100 107100 108100 109100 110100 111100 112100 113100 114100 115100 116100 117100 118100 119100 120100 121100 122100 123100 124100 125100 126100 127100 128100 129100 130100 131100 132100 133100
28100 29100 30100 31100 32100 33100 34100 35100 36100 37100 38100 39100 40100 41100 42100 43100 44100 45100 46100 47100 48100 49100 50100 51100 52100 53100 54100 55100 56100 57100 58100 59100 60100 61100 62100 63100 64100 65100 66100 67100 68100 69100 70100 71100 72100 73100 74100 75100 76100 77100 78100 79100 80100 81100 82100 83100 84100 85100 86100 87100 88100 89100 90100 91100 92100 93100 94100 95100 96100 97100 98100 99100 100100 101100 102100 103100 104100 105100 106100 107100 108100 109100 110100 111100 112100 113100 114100 115100 116100 117100 118100 119100 120100 121100 122100 123100 124100 125100 126100 127100 128100 129100 130100 131100 132100 133100 134100
29100 30100 31100 32100 33100 34100 35100 36100 37100 38100 39100 40100 41100 42100 43100 44100 45100 46100 47100 48100 49100 50100 51100 52100 53100 54100 55100 56100 57100 58100 59100 60100 61100 62100 63100 64100 65100 66100 67100 68100 69100 70100 71100 72100 73100 74100 75100 76100 77100 78100 79100 80100 81100 82100 83100 84100 85100 86100 87100 88100 89100 90100 91100 92100 93100 94100 95100 96100 97100 98100 99100 100100 101100 102100 103100 104100 105100 106100 107100 108100 109100 110100 111100 112100 113100 114100 115100 116100 117100 118100 119100 120100 121100 122100 123100 124100 125100 126100 127100 128100 129100 130100 131100 132100 133100 134100 135100
30100 31100 32100 33100 34100 35100 36100 37100 38100 39100 40100 41100 42100 43100 44100 45100 46100 47100 48100 49100 50100 51100 52100 53100 54100 55100 56100 57100 58100 59100 60100 61100 62100 63100 64100 65100 66100 67100 68100 69100 70100 71100 72100 73100 74100 75100 76100 77100 78100 79100 80100 81100 82100 83100 84100 85100 86100 87100 88100 89100 90100 91100 92100 93100 94100 95100 96100 97100 98100 99100 100100 101100 102100 103100 104100 105100 106100 107100 108100 109100 110100 111100 112100 113100 114100 115100 116100 117100 118100 119100 120100 121100 122100 123100 124100 125100 126100 127100 128100 129100 130100 131100 132100 133100 134100 135100 136100
31100 32100 33100 34100 35100 36100 37100 38100 39100 40100 41100 42100 43100 44100 45100 46100 47100 48100 49100 50100 51100 52100 53100 54100 55100 56100 57100 58100 59100 60100 61100 62100 63100 64100 65100 66100 67100 68100 69100 70100 71100 72100 73100 74100 75100 76100 77100 78100 79100 80100 81100 82100 83100 84100 85100 86100 87100 88100 89100 90100 91100 92100 93100 94100 95100 96100 97100 98100 99100 100100 101100 102100 103100 104100 105100 106100 107100 108100 109100 110100 111100 112100 113100 114100 115100 116100 117100 118100 119100 120100 121100 122100 123100 124100 125100 126100 127100 128100 129100 130100 131100 132100 133100 134100 135100 136100 137100
32100 33100 34100 35100 36100 37100 38100 39100 40100 41100 42100 43100 44100 45100 46100 47100 48100 49100 50100 51100 52100 53100 54100 55100 56100 57100 58100 59100 60100 61100 62100 63100 64100 65100 66100 67100 68100 69100 70100 71100 72100 73100 74100 75100 76100 77100 78100 79100 80100 81100 82100 83100 84100 85100 86100 87100 88100 89100 90100 91100 92100 93100 94100 95100 96100 97100 98100 99100 100100 101100 102100 103100 104100 105100 106100 107100 108100 109100 110100 111100 112100 113100 114100 115100 116100 117100 118100 119100 120100 121100 122100 123100 124100 125100 126100 127100 128100 129100 130100 131100 132100 133100 134100 135100 136100 137100 138100
33100 34100 35100 36100 37100 38100 39100 40100 41100 42100 43100 44100 45100 46100 47100 48100 49100 50100 51100 52100 53100 54100 55100 56100 57100 58100 59100 60100 61100 62100 63100 64100 65100 66100 67100 68100 69100 70100 71100 72100 73100 74100 75100 76100 77100 78100 79100 80100 81100 82100 83100 84100 85100 86100 87100 88100 89100 90100 91100 92100 93100 94100 95100 96100 97100 98100 99100 100100 101100 102100 103100 104100 105100 106100 107100 108100 109100 110100 111100 112100 113100 114100 115100 116100 117100 118100 119100 120100 121100 122100 123100 124100 125100 126100 127100 128100 129100 130100 131100 132100 133100 134100 135100 136100 137100 138100 139100
34100 35100 36100 37100 38100 39100 40100 41100 42100 43100 44100 45100 46100 47100 48100 49100 50100 51100 52100 53100 54100 55100 56100 57100 58100 59100 60100 61100 62100 63100 64100 65100 66100 67100 68100 69100 70100 71100 72100 73100 74100 75100 76100 77100 78100 79100 80100 81100 82100 83100 84100 85100 86100 87100 88100 89100 90100 91100 92100 93100 94100 95100 96100 97100 98100 99100 100100 101100 102100 103100 104100 105100 106100 107100 108100 109100 110100 111100 112100 113100 114100 115100 116100 117100 118100 119100 120100 121100 122100 123100 124100 125100 126100 127100 128100 129100 130100 131100 132100 133100 134100 135100 136100 137100 138100 139100 140100
35100 36100 37100 38100 39100 40100 41100 42100 43100 44100 45100 46100 47100 48100 49100 50100 51100 52100 53100 54100 55100 56100 57100 58100 59100 60100 61100 62100 63100 64100 65100 66100 67100 68100 69100 70100 71100 72100 73100 74100 75100 76100 77100 78100 79100 80100 81100 82100 83100 84100 85100 86100 87100 88100 89100 90100 91100 92100 93100 94100 95100 96100 97100 98100 99100 100100 101100 102100 103100 104100 105100 106100 107100 108100 109100 110100 111100 112100 113100 114100 115100 116100 117100 118100 119100 120100 121100 122100 123100 124100 125100 126100 127100 128100 129100 130100 131100 132100 133100 134100 135100 136100 137100 138100 139100 140100 141100
36100 37100 38100 39100 40100 41100 42100 43100 44100 45100 46100 47100 48100 49100 50100 51100 52100 53100 54100 55100 56100 57100 58100 59100 60100 61100 62100 63100 64100 65100 66100 67100 68100 69100 70100 71100 72100 73100 74100 75100 76100 77100 78100 79100 80100 81100 82100 83100 84100 85100 86100 87100 88100 89100 90100 91100 92100 93100 94100 95100 96100 97100 98100 99100 100100 101100 102100 103100 104100 105100 106100 107100 108100 109100 110100 111100 112100 113100 114100 115100 116100 117100 118100 119100 120100 121100 122100 123100 124100 125100 126100 127100 128100 129100 130100 131100 132100 133100 134100 135100 136100 137100 138100 139100 140100 141100 142100
37100 38100 39100 40100 41100 42100 43100 44100 45100 46100 47100 48100 49100 50100 51100 52100 53100 54100 55100 56100 57100 58100 59100 60100 61100 62100 63100 64100 65100 66100 67100 68100 69100 70100 71100 72100 73100 74100 75100 76100 77100 78100 79100 80100 81100 82100 83100 84100 85100 86100 87100 88100 89100 90100 91100 92100 93100 94100 95100 96100 97100 98100 99100 100100 101100 102100 103100 104100 105100 106100 107100 108100 109100 110100 111100 112100 113100 114100 115100 116100 117100 118100 119100 120100 121100 122100 123100 124100 125100 126100 127100 128100 129100 130100 131100 132100 133100 134100 135100 136100 137100 138100 139100 140100 141100 142100 143100
38100 39100 40100 41100 42100 43100 44100 45100 46100 47100 48100 49100 50100 51100 52100 53100 54100 55100 56100 57100 58100 59100 60100 61100 62100 63100 64100 65100 66100 67100 68100 69100 70100 71100 72100 73100 74100 75100 76100 77100 78100 79100 80100 81100 82100 83100 84100 85100 86100 87100 88100 89100 90100 91100 92100 93100 94100 95100 96100 97100 98100 99100 100100 101100 102100 103100 104100 105100 106100 107100 108100 109100 110100 111100 112100 113100 114100 115100 116100 117100 118100 119100 120100 121100 122100 123100 124100 125100 126100 127100 128100 129100 130100 131100 132100 133100 134100 135100 136100 137100 138100 139100 140100 141100 142100 143100 144100
39100 40100 41100 42100 43100 44100 45100 46100 47100 48100 49100 50100 51100 52100 53100 54100 55100 56100 57100 58100 59100 60100 61100 62100 63100 64100 65100 66100 67100 68100 69100 70100 71100 72100 73100 74100 75100 76100 77100 78100 79100 80100 81100 82100 83100 84100 85100 86100 87100 88100 89100 90100 91100 92100 93100 94100 95100 96100 97100 98100 99100 100100 101100 102100 103100 104100 105100 106100 107100 108100 109100 110100 111100 112100 113100 114100 115100 116100 117100 118100 119100 120100 121100 122100 123100 124100 125100 126100 127100 128100 129100 130100 131100 132100 133100 134100 135100 136100 137100 138100 139100 140100 141100 142100 143100 144100 145100
40100 41100 42100 43100 44100 45100 46100 47100 48100 49100 50100 51100 52100 53100 54100 55100 56100 57100 58100 59100 60100 61100 62100 63100 64100 65100 66100 67100 68100 69100 70100 71100 72100 73100 74100 75100 76100 77100 78100 79100 80100 81100 82100 83100 84100 85100 86100 87100 88100 89100 90100 91100 92100 93100 94100 95100 96100 97100 98100 99100 100100 101100 102100 103100 104100 105100 106100 107100 108100 109100 110100 111100 112100 113100 114100 115100 116100 117100 118100 119100 120100 121100 122100 123100 124100 125100 126100 127100 128100 129100 130100 131100 132100 133100 134100 135100 136100 137100 138100 139100 140100 141100 142100 143100 144100 145100 146100
41100 42100 43100 44100 45100 46100 47100 48100 49100 50100 51100 52100 53100 54100 55100 56100 57100 58100 59100 60100 61100 62100 63100 64100 65100 66100 67100 68100 69100 70100 71100 72100 73100 74100 75100 76100 77100 78100 79100 80100 81100 82100 83100 84100 85100 86100 87100 88100 89100 90100 91100 92100 93100 94100 95100 96100 97100 98100 99100 100100 101100 102100 103100 104100 105100 106100 107100 108100 109100 110100 111100 112100 113100 114100 115100 116100 117100 118100 119100 120100 121100 122100 123100 124100 125100 126100 127100 128100 129100 130100 131100 132100 133100 134100 135100 136100 137100 138100 139100 140100 141100 142100 143100 144100 145100 146100 147100
42100 43100 44100 45100 46100 47100 48100 49100 50100 51100 52100 53100 54100 55100 56100 57100 58100 59100 60100 61100 62100 63100 64100 65100 66100 67100 68100 69100 70100 71100 72100 73100 74100 75100 76100 77100 78100 79100 80100 81100 82100 83100 84100 85100 86100 87100 88100 89100 90100 91100 92100 93100 94100 95100 96100 97100 98100 99100 100100 101100 102100 103100 104100 105100 106100 107100 108100 109100 110100 111100 112100 113100 114100 115100 116100 117100 118100 119100 120100 121100 122100 123100 124100 125100 126100 127100 128100 129100 130100 131100 132100 133100 134100 135100 136100 137100 138100 139100 140100 141100 142100 143100 144100 145100 146100 147100 148100
43100 44100 45100 46100 47100 48100 49100 50100 51100 52100 53100 54100 55100 56100 57100 58100 59100 60100 61100 62100 63100 64100 65100 66100 67100 68100 69100 70100 71100 72100 73100 74100 75100 76100 77100 78100 79100 80100 81100 82100 83100 84100 85100 86100 87100 88100 89100 90100 91100 92100 93100 94100 95100 96100 97100 98100 99100 100100 101100 102100 103100 104100 105100 106100 107100 108100 109100 110100 111100 112100 113100 114100 115100 116100 117100 118100 119100 120100 121100 122100 123100 124100 125100 126100 127100 128100 129100 130100 131100 132100 133100 134100 135100 136100 137100 138100 139100 140100 141100 142100 143100 144100 145100 146100 147100 148100 149100
44100 45100 46100 47100 48100 49100 50100 51100 52100 53100 54100 55100 56100 57100 58100 59100 60100 61100 62100 63100 64100 65100 66100 67100 68100 69100 70100 71100 72100 73100 74100 75100 76100 77100 78100 79100 80100 81100 82100 83100 84100 85100 86100 87100 88100 89100 90100 91100 92100 93100 94100 95100 96100 97100 98100 99100 100100 101100 102100 103100 104100 105100 106100 107100 108100 109100 110100 111100 112100 113100 114100 115100 116100 117100 118100 119100 120100 121100 122100 123100 124100 125100 126100 127100 128100 129100 130100 131100 132100 133100 134100 135100 136100 137100 138100 139100 140100 141100 142100 143100 144100 145100 146100 147100 148100 149100 150100
45100 46100 47100 48100 49100 50100 51100 52100 53100 54100 55100 56100 57100 58100 59100 60100 61100 62100 63100 64100 65100 66100 67100 68100 69100 70100 71100 72100 73100 74100 75100 76100 77100 78100 79100 80100 81100 82100 83100 84100 85100 86100 87100 88100 89100 90100 91100 92100 93100 94100 95100 96100 97100 98100 99100 100100 101100 102100 103100 104100 105100 106100 107100 108100 109100 110100 111100 112100 113100 114100 115100 116100 117100 118100 119100 120100 121100 122100 123100 124100 125100 126100 127100 128100 129100 130100 131100 132100 133100 134100 135100 136100 137100 138100 139100 140100 141100 142100 143100 144100 145100 146100 147100 148100 149100 150100 151100
46100 47100 48100 49100 50100 51100 52100 53100 54100 55100 56100 57100 58100 59100 60100 61100 62100 63100 64100 65100 66100 67100 68100 69100 70100 71100 72100 73100 74100 75100 76100 77100 78100 79100 80100 81100 82100 83100 84100 85100 86100 87100 88100 89100 90100 91100 92100 93100 94100 95100 96100 97100 98100 99100 100100 101100 102100 103100 104100 105100 106100 107100 108100 109100 110100 111100 112100 113100 114100 115100 116100 117100 118100 119100 120100 121100 122100 123100 124100 125100 126100 127100 128100 129100 130100 131100 132100 133100 134100 135100 136100 137100 138100 139100 140100 141100 142100 143100 144100 145100 146100 147100 148100 149100 150100 151100 152100
47100 48100 49100 50100 51100 52100 53100 54100 55100 56100 57100 58100 59100 60100 61100 62100 63100 64100 65100 66100 67100 68100 69100 70100 71100 72100 73100 74100 75100 76100 77100 78100 79100 80100 81100 82100 83100 84100 85100 86100 87100 88100 89100 90100 91100 92100 93100 94100 95100 96100 97100 98100 99100 100100 101100 102100 103100 104100 105100 106100 107100 108100 109100 110100 111100 112100 113100 114100 115100 116100 117100 118100 119100 120100 121100 122100 123100 124100 125100 126100 127100 128100 129100 130100 131100 132100 133100 134100 135100 136100 137100 138100 139100 140100 141100 142100 143100 144100 145100 146100 147100 148100 149100 150100 151100 152100 153100
48100 49100 50100 51100 52100 53100 54100 55100 56100 57100 58100 59100 60100 61100 62100 63100 64100 65100 66100 67100 68100 69100 70100 71100 72100 73100 74100 75100 76100 77100 78100 79100 80100 81100 82100 83100 84100 85100 86100 87100 88100 89100 90100 91100 92100 93100 94100 95100 96100 97100 98100 99100 100100 101100 102100 103100 104100 105100 106100 107100 108100 109100 110100 111100 112100 113100 114100 115100 116100 117100 118100 119100 120100 121100 122100 123100 124100 125100 126100 127100 128100 129100 130100 131100 132100 133100 134100 135100 136100 137100 138100 139100 140100 141100 142100 143100 144100 145100 146100 147100 148100 149100 150100 151100 152100 153100 154100
49100 50100 51100 52100 53100 54100 55100 56100 57100 58100 59100 60100 61100 62100 63100 64100 65100 66100 67100 68100 69100 70100 71100 72100 73100 74100 75100 76100 77100 78100 79100 80100 81100 82100 83100 84100 85100 86100 87100 88100 89100 90100 91100 92100 93100 94100 95100 96100 97100 98100 99100 100100 101100 102100 103100 104100 105100 106100 107100 108100 109100 110100 111100 112100 113100 114100 115100 116100 117100 118100 119100 120100 121100 122100 123100 124100 125100 126100 127100 128100 129100 130100 131100 132100 133100 134100 135100 136100 137100 138100 139100 140100 141100 142100 143100 144100 145100 146100 147100 148100 149100 150100 151100 152100 153100 154100 155100
50100 51100 52100 53100 54100 55100 56100 57100 58100 59100 60100 61100 62100 63100 64100 65100 66100 67100 68100 69100 70100 71100 72100 73100 74100 75100 76100 77100 78100 79100 80100 81100 82100 83100 84100 85100 86100 87100 88100 89100 90100 91100 92100 93100 94100 95100 96100 97100 98100 99100 100100 101100 102100 103100 104100 105100 106100 107100 108100 109100 110100 111100 112100 113100 114100 115100 116100 117100 118100 119100 120100 121100 122100 123100 124100 125100 126100 127100 128100 129100 130100 131100 132100 133100 134100 135100 136100 137100 138100 139100 140100 141100 142100 143100 144100 145100 146100 147100 148100 149100 150100 151100 152100 153100 154100 155100 156100
51100 52100 53100 54100 55100 56100 57100 58100 59100 60100 61100 62100 63100 64100 65100 66100 67100 68100 69100 70100 71100 72100 73100 74100 75100 76100 77100 78100 79100 80100 81100 82100 83100 84100 85100 86100 87100 88100 89100 90100 91100 92100 93100 94100 95100 96100 97100 98100 99100 100100 101100 102100 103100 104100 105100 106100 107100 108100 109100 110100 111100 112100 113100 114100 115100 116100 117100 118100 119100 120100 121100 122100 123100 124100 125100 126100 127100 128100 129100 130100 131100 132100 133100 134100 135100 136100 137100 138100 139100 140100 141100 142100 143100 144100 145100 146100 147100 148100 149100 150100 151100 152100 153100 154100 155100 156100 157100
52100 53100 54100 55100 56100 57100 58100 59100 60100 61100 62100 63100 64100 65100 66100 67100 68100 69100 70100 71100 72100 73100 74100 75100 76100 77100 78100 79100 80100 81100 82100 83100 84100 85100 86100 87100 88100 89100 90100 91100 92100 93100 94100 95100 96100 97100 98100 99100 100100 101100 102100 103100 104100 105100 106100 107100 108100 109100 110100 111100 112100 113100 114100 115100 116100 117100 118100 119100 120100 121100 122100 123100 124100 125100 126100 127100 128100 129100 130100 131100 132100 133100 134100 135100 136100 137100 138100 139100 140100 141100 142100 143100 144100 145100 146100 147100 148100 149100 150100 151100 152100 153100 154100 155100 156100 157100 158100
53100 54100 55100 56100 57100 58100 59100 60100 61100 62100 63100 64100 65100 66100 67100 68100 69100 70100 71100 72100 73100 74100 75100 76100 77100 78100 79100 80100 81100 82100 83100 84100 85100 86100 87100 88100 89100 90100 91100 92100 93100 94100 95100 96100 97100 98100 99100 100100 101100 102100 103100 104100 105100 106100 107100 108100 109100 110100 111100 112100 113100 114100 115100 116100 117100 118100 119100 120100 121100 122100 123100 124100 125100 126100 127100 128100 129100 130100 131100 132100 133100 134100 135100 136100 137100 138100 139100 140100 141100 142100 143100 144100 145100 146100 147100 148100 149100 150100 151100 152100 153100 154100 155100 156100 157100 158100 159100
54100 55100 56100 57100 58100 59100 60100 61100 62100 63100 64100 65100 66100 67100 68100 69100 70100 71100 72100 73100 74100 75100 76100 77100 78100 79100 80100 81100 82100 83100 84100 85100 86100 87100 88100 89100 90100 91100 92100 93100 94100 95100 96100 97100 98100 99100 100100 101100 102100 103100 104100 105100 106100 107100 108100 109100 110100 111100 112100 113100 114100 115100 116100 117100 118100 119100 120100 121100 122100 123100 124100 125100 126100 127100 128100 129100 130100 131100 132100 133100 134100 135100 136100 137100 138100 139100 140100 141100 142100 143100 144100 145100 146100 147100 148100 149100 150100 151100 152100 153100 154100 155100 156100 157100 158100 159100 160100
55100 56100 57100 58100 59100 60100 61100 62100 63100 64100 65100 66100 67100 68100 69100 70100 71100 72100 73100 74100 75100 76100 77100 78100 79100 80100 81100 82100 83100 84100 85100 86100 87100 88100 89100 90100 91100 92100 93100 94100 95100 96100 97100 98100 99100 100100 101100 102100 103100 104100 105100 106100 107100 108100 109100 110100 111100 112100 113100 114100 115100 116100 117100 118100 119100 120100 121100 122100 123100 124100 125100 126100 127100 128100 129100 130100 131100 132100 133100 134100 135100 136100 137100 138100 139100 140100 141100 142100 143100 144100 145100 146100 147100 148100 149100 150100 151100 152100 153100 154100 155100 156100 157100 158100 159100 160100 161100
56100 57100 58100 59100 60100 61100 62100 63100 64100 65100 66100 67100 68100 69100 70100 71100 72100 73100 74100 75100 76100 77100 78100 79100 80100 81100 82100 83100 84100 85100 86100 87100 88100 89100 90100 91100 92100 93100 94100 95100 96100 97100 98100 99100 100100 101100 102100 103100 104100 105100 106100 107100 108100 109100 110100 111100 112100 113100 114100 115100 116100 117100 118100 119100 120100 121100 122100 123100 124100 125100 126100 127100 128100 129100 130100 131100 132100 133100 134100 135100 136100 137100 138100 139100 140100 141100 142100 143100 144100 145100 146100 147100 148100 149100 150100 151100 152100 153100 154100 155100 156100 157100 158100 159100 160100 161100 162100
57100 58100 59100 60100 61100 62100 63100 64100 65100 66100 67100 68100 69100 70100 71100 72100 73100 74100 75100 76100 77100 78100 79100 80100 81100 82100 83100 84100 85100 86100 87100 88100 89100 90100 91100 92100 93100 94100 95100 96100 97100 98100 99100 100100 101100 102100 103100 104100 105100 106100 107100 108100 109100 110100 111100 112100 113100 114100 115100 116100 117100 118100 119100 120100 121100 122100 123100 124100 125100 126100 127100 128100 129100 130100 131100 132100 133100 134100 135100 136100 137100 138100 139100 140100 141100 142100 143100 144100 145100 146100 147100 148100 149100 150100 151100 152100 153100 154100 155100 156100 157100 158100 159100 160100 161100 162100 163100
58100 59100 60100 61100 62100 63100 64100 65100 66100 67100 68100 69100 70100 71100 72100 73100 74100 75100 76100 77100 78100 79100 80100 81100 82100 83100 84100 85100 86100 87100 88100 89100 90100 91100 92100 93100 94100 95100 96100 97100 98100 99100 100100 101100 102100 103100 104100 105100 106100 107100 108100 109100 110100 111100 112100 113100 114100 115100 116100 117100 118100 119100 120100 121100 122100 123100 124100 125100 126100 127100 128100 129100 130100 131100 132100 133100 134100 135100 136100 137100 138100 139100 140100 141100 142100 143100 144100 145100 146100 147100 148100 149100 150100 151100 152100 153100 154100 155100 156100 157100 158100 159100 160100 161100 162100 163100 164100
59100 60100 61100 62100 63100 64100 65100 66100 67100 68100 69100 70100 71100 72100 73100 74100 75100 76100 77100 78100 79100 80100 81100 82100 83100 84100 85100 86100 87100 88100 89100 90100 91100 92100 93100 94100 95100 96100 97100 98100 99100 100100 101100 102100 103100 104100 105100 106100 107100 108100 109100 110100 111100 112100 113100 114100 115100 116100 117100 118100 119100 120100 121100 122100 123100 124100 125100 126100 127100 128100 129100 130100 131100 132100 133100 134100 135100 136100 137100 138100 139100 140100 141100 142100 143100 144100 145100 146100 147100 148100 149100 150100 151100 152100 153100 154100 155100 156100 157100 158100 159100 160100 161100 162100 163100 164100 165100
60100 61100 62100 63100 64100 65100 66100 67100 68100 69100 70100 71100 72100 73100 74100 75100 76100 77100 78100 79100 80100 81100 82100 83100 84100 85100 86100 87100 88100 89100 90100 91100 92100 93100 94100 95100 96100 97100 98100 99100 100100 101100 102100 103100 104100 105100 106100 107100 108100 109100 110100 111100 112100 113100 114100 115100 116100 117100 118100 119100 120100 121100 122100 123100 124100 125100 126100 127100 128100 129100 130100 131100 132100 133100 134100 135100 136100 137100 138100 139100 140100 141100 142100 143100 144100 145100 146100 147100 148100 149100 150100 151100 152100 153100 154100 155100 156100 157100 158100 159100 160100 161100 162100 163100 164100 165100 166100
61100 62100 63100 64100 65100 66100 67100 68100 69100 70100 71100 72100 73100 74100 75100 76100 77100 78100 79100 80100 81100 82100 83100 84100 85100 86100 87100 88100 89100 90100 91100 92100 93100 94100 95100 96100 97100 98100 99100 100100 101100 102100 103100 104100 105100 106100 107100 108100 109100 110100 111100 112100 113100 114100 115100 116100 117100 118100 119100 120100 121100 122100 123100 124100 125100 126100 127100 128100 129100 130100 131100 132100 133100 134100 135100 136100 137100 138100 139100 140100 141100 142100 143100 144100 145100 146100 147100 148100 149100 150100 151100 152100 153100 154100 155100 156100 157100 158100 159100 160100 161100 162100 163100 164100 165100 166100 167100
62100 63100 64100 65100 66100 67100 68100 69100 70100 71100 72100 73100 74100 75100 76100 77100 78100 79100 80100 81100 82100 83100 84100 85100 86100 87100 88100 89100 90100 91100 92100 93100 94100 95100 96100 97100 98100 99100 100100 101100 102100 103100 104100 105100 106100 107100 108100 109100 110100 111100 112100 113100 114100 115100 116100 117100 118100 119100 120100 121100 122100 123100 124100 125100 126100 127100 128100 129100 130100 131100 132100 133100 134100 135100 136100 137100 138100 139100 140100 141100 142100 143100 144100 145100 146100 147100 148100 149100 150100 151100 152100 153100 154100 155100 156100 157100 158100 159100 160100 161100 162100 163100 164100 165100 166100 167100 168100
63100 64100 65100 66100 67100 68100 69100 70100 71100 72100 73100 74100 75100 76100 77100 78100 79100 80100 81100 82100 83100 84100 85100 86100 87100 88100 89100 90100 91100 92100 93100 94100 95100 96100 97100 98100 99100 100100 101100 102100 103100 104100 105100 106100 107100 108100 109100 110100 111100 112100 113100 114100 115100 116100 117100 118100 119100 120100 121100 122100 123100 124100 125100 126100 127100 128100 129100 130100 131100 132100 133100 134100 135100 136100 137100 138100 139100 140100 141100 142100 143100 144100 145100 146100 147100 148100 149100 150100 151100 152100 153100 154100 155100 156100 157100 158100 159100 160100 161100 162100 163100 164100 165100 166100 167100 168100 169100
64100 65100 66100 67100 68100 69100 70100 71100 72100 73100 74100 75100 76100 77100 78100 79100 80100 81100 82100 83100 84100 85100 86100 87100 88100 89100 90100 91100 92100 93100 94100 95100 96100 97100 98100 99100 100100 101100 102100 103100 104100 105100 106100 107100 108100 109100 110100 111100 112100 113100 114100 115100 116100 117100 118100 119100 120100 121100 122100 123100 124100 125100 126100 127100 128100 129100 130100 131100 132100 133100 134100 135100 136100 137100 138100 139100 140100 141100 142100 143100 144100 145100 146100 147100 148100 149100 150100 151100 152100 153100 154100 155100 156100 157100 158100 159100 160100 161100 162100 163100 164100 165100 166100 167100 168100 169100 170100
65100 66100 67100 68100 69100 70100 71100 72100 73100 74100 75100 76100 77100 78100 79100 80100 81100 82100 83100 84100 85100 86100 87100 88100 89100 90100 91100 92100 93100 94100 95100 96100 97100 98100 99100 100100 101100 102100 103100 104100 105100 106100 107100 108100 109100 110100 111100 112100 113100 114100 115100 116100 117100 118100 119100 120100 121100 122100 123100 124100 125100 126100 127100 128100 129100 130100 131100 132100 133100 134100 135100 136100 137100 138100 139100 140100 141100 142100 143100 144100 145100 146100 147100 148100 149100 150100 151100 152100 153100 154100 155100 156100 157100 158100 159100 160100 161100 162100 163100 164100 165100 166100 167100 168100 169100 170100 171100
66100 67100 68100 69100 70100 71100 72100 73100 74100 75100 76100 77100 78100 79100 80100 81100 82100 83100 84100 85100 86100 87100 88100 89100 90100 91100 92100 93100 94100 95100 96100 97100 98100 99100 100100 101100 102100 103100 104100 105100 106100 107100 108100 109100 110100 111100 112100 113100 114100 115100 116100 117100 118100 119100 120100 121100 122100 123100 124100 125100 126100 127100 128100 129100 130100 131100 132100 133100 134100 135100 136100 137100 138100 139100 140100 141100 142100 143100 144100 145100 146100 147100 148100 149100 150100 151100 152100 153100 154100 155100 156100 157100 158100 159100 160100 161100 162100 163100 164100 165100 166100 167100 168100 169100 170100 171100 172100
67100 68100 69100 70100 71100 72100 73100 74100 75100 76100 77100 78100 79100 80100 81100 82100 83100 84100 85100 86100 87100 88100 89100 90100 91100 92100 93100 94100 95100 96100 97100 98100 99100 100100 101100 102100 103100 104100 105100 106100 107100 108100 109100 110100 111100 112100 113100 114100 115100 116100 117100 118100 119100 120100 121100 122100 123100 124100 125100 126100 127100 128100 129100 130100 131100 132100 133100 134100 135100 136100 137100 138100 139100 140100 141100 142100 143100 144100 145100 146100 147100 148100 149100 150100 151100 152100 153100 154100 155100 156100 157100 158100 159100 160100 161100 162100 163100 164100 165100 166100 167100 168100 169100 170100 171100 172100 173100
68100 69100 70100 71100 72100 73100 74100 75100 76100 77100 78100 79100 80100 81100 82100 83100 84100 85100 86100 87100 88100 89100 90100 91100 92100 93100 94100 95100 96100 97100 98100 99100 100100 101100 102100 103100 104100 105100 106100 107100 108100 109100 110100 111100 112100 113100 114100 115100 116100 117100 118100 119100 120100 121100 122100 123100 124100 125100 126100 127100 128100 129100 130100 131100 132100 133100 134100 135100 136100 137100 138100 139100 140100 141100 142100 143100 144100 145100 146100 147100 148100 149100 150100 151100 152100 153100 154100 155100 156100 157100 158100 159100 160100 161100 162100 163100 164100 165100 166100 167100 168100 169100 170100 171100 172100 173100 174100
69100 70100 71100 72100 73100 74100 75100 76100 77100 78100 79100 80100 81100 82100 83100 84100 85100 86100 87100 88100 89100 90100 91100 92100 93100 94100 95100 96100 97100 98100 99100 100100 101100 102100 103100 104100 105100 106100 107100 108100 109100 110100 111100 112100 113100 114100 115100 116100 117100 118100 119100 120100 121100 122100 123100 124100 125100 126100 127100 128100 129100 130100 131100 132100 133100 134100 135100 136100 137100 138100 139100 140100 141100 142100 143100 144100 145100 146100 147100 148100 149100 150100 151100 152100 153100 154100 155100 156100 157100 158100 159100 160100 161100 162100 163100 164100 165100 166100 167100 168100 169100 170100 171100 172100 173100 174100 175100
70100 71100 72100 73100 74100 75100 76100 77100 78100 79100 80100 81100 82100 83100 84100 85100 86100 87100 88100 89100 90100 91100 92100 93100 94100 95100 96100 97100 98100 99100 100100 101100 102100 103100 104100 105100 106100 107100 108100 109100 110100 111100 112100 113100 114100 115100 116100 117100 118100 119100 120100 121100 122100 123100 124100 125100 126100 127100 128100 129100 130100 131100 132100 133100 134100 135100 136100 137100 138100 139100 140100 141100 142100 143100 144100 145100 146100 147100 148100 149100 150100 151100 152100 153100 154100 155100 156100 157100 158100 159100 160100 161100 162100 163100 164100 165100 166100 167100 168100 169100 170100 171100 172100 173100 174100 175100 176100
71100 72100 73100 74100 75100 76100 77100 78100 79100 80100 81100 82100 83100 84100 85100 86100 87100 88100 89100 90100 91100 92100 93100 94100 95100 96100 97100 98100 99100 100100 101100 102100 103100 104100 105100 106100 107100 108100 109100 110100 111100 112100 113100 114100 115100 116100 117100 118100 119100 120100 121100 122100 123100 124100 125100 126100 127100 128100 129100 130100 131100 132100 133100 134100 135100 136100 137100 138100 139100 140100 141100 142100 143100 144100 145100 146100 147100 148100 149100 150100 151100 152100 153100 154100 155100 156100 157100 158100 159100 160100 161100 162100 163100 164100 165100 166100 167100 168100 169100 170100 171100 172100 173100 174100 175100 176100 177100
72100 73100 74100 75100 76100 77100 78100 79100 80100 81100 82100 83100 84100 85100 86100 87100 88100 89100 90100 91100 92100 93100 94100 95100 96100 97100 98100 99100 100100 101100 102100 103100 104100 105100 106100 107100 108100 109100 110100 111100 112100 113100 114100 115100 116100 117100 118100 119100 120100 121100 122100 123100 124100 125100 126100 127100 128100 129100 130100 131100 132100 133100 134100 135100 136100 137100 138100 139100 140100 141100 142100 143100 144100 145100 146100 147100 148100 149100 150100 151100 152100 153100 154100 155100 156100 157100 158100 159100 160100 161100 162100 163100 164100 165100 166100 167100 168100 169100 170100 171100 172100 173100 174100 175100 176100 177100 178100
73100 74100 75100 76100 77100 78100 79100 80100 81100 82100 83100 84100 85100 86100 87100 88100 89100 90100 91100 92100 93100 94100 95100 96100 97100 98100 99100 100100 101100 102100 103100 104100 105100 106100 107100 108100 109100 110100 111100 112100 113100 114100 115100 116100 117100 118100 119100 120100 121100 122100 123100 124100 125100 126100 127100 128100 129100 130100 131100 132100 133100 134100 135100 136100 137100 138100 139100 140100 141100 142100 143100 144100 145100 146100 147100 148100 149100 150100 151100 152100 153100 154100 155100 156100 157100 158100 159100 160100 161100 162100 163100 164100 165100 166100 167100 168100 169100 170100 171100 172100 173100 174100 175100 176100 177100 178100 179100
74100 75100 76100 77100 78100 79100 80100 81100 82100 83100 84100 85100 86100 87100 88100 89100 90100 91100 92100 93100 94100 95100 96100 97100 98100 99100 100100 101100 102100 103100 104100 105100 106100 107100 108100 109100 110100 111100 112100 113100 114100 115100 116100 117100 118100 119100 120100 121100 122100 123100 124100 125100 126100 127100 128100 129100 130100 131100 132100 133100 134100 135100 136100 137100 138100 139100 140100 141100 142100 143100 144100 145100 146100 147100 148100 149100 150100 151100 152100 153100 154100 155100 156100 157100 158100 159100 160100 161100 162100 163100 164100 165100 166100 167100 168100 169100 170100 171100 172100 173100 174100 175100 176100 177100 178100 179100 180100
75100 76100 77100 78100 79100 80100 81100 82100 83100 84100 85100 86100 87100 88100 89100 90100 91100 92100 93100 94100 95100 96100 97100 98100 99100 100100 101100 102100 103100 104100 105100 106100 107100 108100 109100 110100 111100 112100 113100 114100 115100 116100 117100 118100 119100 120100 121100 122100 123100 124100 125100 126100 127100 128100 129100 130100 131100 132100 133100 134100 135100 136100 137100 138100 139100 140100 141100 142100 143100 144100 145100 146100 147100 148100 149100 150100 151100 152100 153100 154100 155100 156100 157100 158100 159100 160100 161100 162100 163100 164100 165100 166100 167100 168100 169100 170100 171100 172100 173100 174100 175100 176100 177100 178100 179100 180100 181100
76100 77100 78100 79100 80100 81100 82100 83100 84100 85100 86100 87100 88100 89100 90100 91100 92100 93100 94100 95100 96100 97100 98100 99100 100100 101100 102100 103100 104100 105100 106100 107100 108100 109100 110100 111100 112100 113100 114100 115100 116100 117100 118100 119100 120100 121100 122100 123100 124100 125100 126100 127100 128100 129100 130100 131100 132100 133100 134100 135100 136100 137100 138100 139100 140100 141100 142100 143100 144100 145100 146100 147100 148100 149100 150100 151100 152100 153100 154100 155100 156100 157100 158100 159100 160100 161100 162100 163100 164100 165100 166100 167100 168100 169100 170100 171100 172100 173100 174100 175100 176100 177100 178100 179100 180100 181100 182100
77100 78100 79100 80100 81100 82100 83100 84100 85100 86100 87100 88100 89100 90100 91100 92100 93100 94100 95100 96100 97100 98100 99100 100100 101100 102100 103100 104100 105100 106100 107100 108100 109100 110100 111100 112100 113100 114100 115100 116100 117100 118100 119100 120100 121100 122100 123100 124100 125100 126100 127100 128100 129100 130100 131100 132100 133100 134100 135100 136100 137100 138100 139100 140100 141100 142100 143100 144100 145100 146100 147100 148100 149100 150100 151100 152100 153100 154100 155100 156100 157100 158100 159100 160100 161100 162100 163100 164100 165100 166100 167100 168100 169100 170100 171100 172100 173100 174100 175100 176100 177100 178100 179100 180100 181100 182100 183100
78100 79100 80100 81100 82100 83100 84100 85100 86100 87100 88100 89100 90100 91100 92100 93100 94100 95100 96100 97100 98100 99100 100100 101100 102100 103100 104100 105100 106100 107100 108100 109100 110100 111100 112100 113100 114100 115100 116100 117100 118100 119100 120100 121100 122100 123100 124100 125100 126100 127100 128100 129100 130100 131100 132100 133100 134100 135100 136100 137100 138100 139100 140100 141100 142100 143100 144100 145100 146100 147100 148100 149100 150100 151100 152100 153100 154100 155100 156100 157100 158100 159100 160100 161100 162100 163100 164100 165100 166100 167100 168100 169100 170100 171100 172100 173100 174100 175100 176100 177100 178100 179100 180100 181100 182100 183100 184100
79100 80100 81100 82100 83100 84100 85100 86100 87100 88100 89100 90100 91100 92100 93100 94100 95100 96100 97100 98100 99100 100100 101100 102100 103100 104100 105100 106100 107100 108100 109100 110100 111100 112100 113100 114100 115100 116100 117100 118100 119100 120100 121100 122100 123100 124100 125100 126100 127100 128100 129100 130100 131100 132100 133100 134100 135100 136100 137100 138100 139100 140100 141100 142100 143100 144100 145100 146100 147100 148100 149100 150100 151100 152100 153100 154100 155100 156100 157100 158100 159100 160100 161100 162100 163100 164100 165100 166100 167100 168100 169100 170100 171100 172100 173100 174100 175100 176100 177100 178100 179100 180100 181100 182100 183100 184100 185100
80100 81100 82100 83100 84100 85100 86100 87100 88100 89100 90100 91100 92100 93100 94100 95100 96100 97100 98100 99100 100100 101100 102100 103100 104100 105100 106100 107100 108100 109100 110100 111100 112100 113100 114100 115100 116100 117100 118100 119100 120100 121100 122100 123100 124100 125100 126100 127100 128100 129100 130100 131100 132100 133100 134100 135100 136100 137100 138100 139100 140100 141100 142100 143100 144100 145100 146100 147100 148100 149100 150100 151100 152100 153100 154100 155100 156100 157100 158100 159100 160100 161100 162100 163100 164100 165100 166100 167100 168100 169100 170100 171100 172100 173100 174100 175100 176100 177100 178100 179100 180100 181100 182100 183100 184100 185100 186100
81100 82100 83100 84100 85100 86100 87100 88100 89100 90100 91100 92100 93100 94100 95100 96100 97100 98100 99100 100100 101100 102100 103100 104100 105100 106100 107100 108100 109100 110100 111100 112100 113100 114100 115100 116100 117100 118100 119100 120100 121100 122100 123100 124100 125100 126100 127100 128100 129100 130100 131100 132100 133100 134100 135100 136100 137100 138100 139100 140100 141100 142100 143100 144100 145100 146100 147100 148100 149100 150100 151100 152100 153100 154100 155100 156100 157100 158100 159100 160100 161100 162100 163100 164100 165100 166100 167100 168100 169100 170100 171100 172100 173100 174100 175100 176100 177100 178100 179100 180100 181100 182100 183100 184100 185100 186100 187100
82100 83100 84100 85100 86100 87100 88100 89100 90100 91100 92100 93100 94100 95100 96100 97100 98100 99100 100100 101100 102100 103100 104100 105100 106100 107100 108100 109100 110100 111100 112100 113100 114100 115100 116100 117100 118100 119100 120100 121100 122100 123100 124100 125100 126100 127100 128100 129100 130100 131100 132100 133100 134100 135100 136100 137100 138100 139100 140100 141100 142100 143100 144100 145100 146100 147100 148100 149100 150100 151100 152100 153100 154100 155100 156100 157100 158100 159100 160100 161100 162100 163100 164100 165100 166100 167100 168100 169100 170100 171100 172100 173100 174100 175100 176100 177100 178100 179100 180100 181100 182100 183100 184100 185100 186100 187100 188100
83100 84100 85100 86100 87100 88100 89100 90100 91100 92100 93100 94100 95100 96100 97100 98100 99100 100100 101100 102100 103100 104100 105100 106100 107100 108100 109100 110100 111100 112100 113100 114100 115100 116100 117100 118100 119100 120100 121100 122100 123100 124100 125100 126100 127100 128100 129100 130100 131100 132100 133100 134100 135100 136100 137100 138100 139100 140100 141100 142100 143100 144100 145100 146100 147100 148100 149100 150100 151100 152100 153100 154100 155100 156100 157100 158100 159100 160100 161100 162100 163100 164100 165100 166100 167100 168100 169100 170100 171100 172100 173100 174100 175100 176100 177100 178100 179100 180100 181100 182100 183100 184100 185100 186100 187100 188100 189100
84100 85100 86100 87100 88100 89100 90100 91100 92100 93100 94100 95100 96100 97100 98100 99100 100100 101100 102100 103100 104100 105100 106100 107100 108100 109100 110100 111100 112100 113100 114100 115100 116100 117100 118100 119100 120100 121100 122100 123100 124100 125100 126100 127100 128100 129100 130100 131100 132100 133100 134100 135100 136100 137100 138100 139100 140100 141100 142100 143100 144100 145100 146100 147100 148100 149100 150100 151100 152100 153100 154100 155100 156100 157100 158100 159100 160100 161100 162100 163100 164100 165100 166100 167100 168100 169100 170100 171100 172100 173100 174100 175100 176100 177100 178100 179100 180100 181100 182100 183100 184100 185100 186100 187100 188100 189100 190100
85100 86100 87100 88100 89100 90100 91100 92100 93100 94100 95100 96100 97100 98100 99100 100100 101100 102100 103100 104100 105100 106100 107100 108100 109100 110100 111100 112100 113100 114100 115100 116100 117100 118100 119100 120100 121100 122100 123100 124100 125100 126100 127100 128100 129100 130100 131100 132100 133100 134100 135100 136100 137100 138100 139100 140100 141100 142100 143100 144100 145100 146100 147100 148100 149100 150100 151100 152100 153100 154100 155100 156100 157100 158100 159100 160100 161100 162100 163100 164100 165100 166100 167100 168100 169100 170100 171100 172100 173100 174100 175100 176100 177100 178100 179100 180100 181100 182100 183100 184100 185100 186100 187100 188100 189100 190100 191100
86100 87100 88100 89100 90100 91100 92100 93100 94100 95100 96100 97100 98100 99100 100100 101100 102100 103100 104100 105100 106100 107100 108100 109100 110100 111100 112100 113100 114100 115100 116100 117100 118100 119100 120100 121100 122100 123100 124100 125100 126100 127100 128100 129100 130100 131100 132100 133100 134100 135100 136100 137100 138100 139100 140100 141100 142100 143100 144100 145100 146100 147100 148100 149100 150100 151100 152100 153100 154100 155100 156100 157100 158100 159100 160100 161100 162100 163100 164100 165100 166100 167100 168100 169100 170100 171100 172100 173100 174100 175100 176100 177100 178100 179100 180100 181100 182100 183100 184100 185100 186100 187100 188100 189100 190100 191100 192100
87100 88100 89100 90100 91100 92100 93100 94100 95100 96100 97100 98100 99100 100100 101100 102100 103100 104100 105100 106100 107100 108100 109100 110100 111100 112100 113100 114100 115100 116100 117100 118100 119100 120100 121100 122100 123100 124100 125100 126100 127100 128100 129100 130100 131100 132100 133100 134100 135100 136100 137100 138100 139100 140100 141100 142100 143100 144100 145100 146100 147100 148100 149100 150100 151100 152100 153100 154100 155100 156100 157100 158100 159100 160100 161100 162100 163100 164100 165100 166100 167100 168100 169100 170100 171100 172100 173100 174100 175100 176100 177100 178100 179100 180100 181100 182100 183100 184100 185100 186100 187100 188100 189100 190100 191100 192100 193100
88100 89100 90100 91100 92100 93100 94100 95100 96100 97100 98100 99100 100100 101100 102100 103100 104100 105100 106100 107100 108100 109100 110100 111100 112100 113100 114100 115100 116100 117100 118100 119100 120100 121100 122100 123100 124100 125100 126100 127100 128100 129100 130100 131100 132100 133100 134100 135100 136100 137100 138100 139100 140100 141100 142100 143100 144100 145100 146100 147100 148100 149100 150100 151100 152100 153100 154100 155100 156100 157100 158100 159100 160100 161100 162100 163100 164100 165100 166100 167100 168100 169100 170100 171100 172100 173100 174100 175100 176100 177100 178100 179100 180100 181100 182100 183100 184100 185100 186100 187100 188100 189100 190100 191100 192100 193100 194100
89100 90100 91100 92100 93100 94100 95100 96100 97100 98100 99100 100100 101100 102100 103100 104100 105100 106100 107100 108100 109100 110100 111100 112100 113100 114100 115100 116100 117100 118100 119100 120100 121100 122100 123100 124100 125100 126100 127100 128100 129100 130100 131100 132100 133100 134100 135100 136100 137100 138100 139100 140100 141100 142100 143100 144100 145100 146100 147100 148100 149100 150100 151100 152100 153100 154100 155100 156100 157100 158100 159100 160100 161100 162100 163100 164100 165100 166100 167100 168100 169100 170100 171100 172100 173100 174100 175100 176100 177100 178100 179100 180100 181100 182100 183100 184100 185100 186100 187100 188100 189100 190100 191100 192100 193100 194100 195100
90100 91100 92100 93100 94100 95100 96100 97100 98100 99100 100100 101100 102100 103100 104100 105100 106100 107100 108100 109100 110100 111100 112100 113100 114100 115100 116100 117100 118100 119100 120100 121100 122100 123100 124100 125100 126100 127100 128100 129100 130100 131100 132100 133100 134100 135100 136100 137100 138100 139100 140100 141100 142100 143100 144100 145100 146100 147100 148100 149100 150100 151100 152100 153100 154100 155100 156100 157100 158100 159100 160100 161100 162100 163100 164100 165100 166100 167100 168100 169100 170100 171100 172100 173100 174100 175100 176100 177100 178100 179100 180100 181100 182100 183100 184100 185100 186100 187100 188100 189100 190100 191100 192100 193100 194100 195100 196100
91100 92100 93100 94100 95100 96100 97100 98100 99100 100100 101100 102100 103100 104100 105100 106100 107100 108100 109100 110100 111100 112100 113100 114100 115100 116100 117100 118100 119100 120100 121100 122100 123100 124100 125100 126100 127100 128100 129100 130100 131100 132100 133100 134100 135100 136100 137100 138100 139100 140100 141100 142100 143100 144100 145100 146100 147100 148100 149100 150100 151100 152100 153100 154100 155100 156100 157100 158100 159100 160100 161100 162100 163100 164100 165100 166100 167100 168100 169100 170100 171100 172100 173100 174100 175100 176100 177100 178100 179100 180100 181100 182100 183100 184100 185100 186100 187100 188100 189100 190100 191100 192100 193100 194100 195100 196100 197100
92100 93100 94100 95100 96100 97100 98100 99100 100100 101100 102100 103100 104100 105100 106100 107100 108100 109100 110100 111100 112100 113100 114100 115100 116100 117100 118100 119100 120100 121100 122100 123100 124100 125100 126100 127100 128100 129100 130100 131100 132100 133100 134100 135100 136100 137100 138100 139100 140100 141100 142100 143100 144100 145100 146100 147100 148100 149100 150100 151100 152100 153100 154100 155100 156100 157100 158100 159100 160100 161100 162100 163100 164100 165100 166100 167100 168100 169100 170100 171100 172100 173100 174100 175100 176100 177100 178100 179100 180100 181100 182100 183100 184100 185100 186100 187100 188100 189100 190100 191100 192100 193100 194100 195100 196100 197100 198100
93100 94100 95100 96100 97100 98100 99100 100100 101100 102100 103100 104100 105100 106100 107100 108100 109100 110100 111100 112100 113100 114100 115100 116100 117100 118100 119100 120100 121100 122100 123100 124100 125100 126100 127100 128100 129100 130100 131100 132100 133100 134100 135100 136100 137100 138100 139100 140100 141100 142100 143100 144100 145100 146100 147100 148100 149100 150100 151100 152100 153100 154100 155100 156100 157100 158100 159100 160100 161100 162100 163100 164100 165100 166100 167100 168100 169100 170100 171100 172100 173100 174100 175100 176100 177100 178100 179100 180100 181100 182100 183100 184100 185100 186100 187100 188100 189100 190100 191100 192100 193100 194100 195100 196100 197100 198100 199100
94100 95100 96100 97100 98100 99100 100100 101100 102100 103100 104100 105100 106100 107100 108100 109100 110100 111100 112100 113100 114100 115100 116100 117100 118100 119100 120100 121100 122100 123100 124100 125100 126100 127100 128100 129100 130100 131100 132100 133100 134100 135100 136100 137100 138100 139100 140100 141100 142100 143100 144100 145100 146100 147100 148100 149100 150100 151100 152100 153100 154100 155100 156100 157100 158100 159100 160100 161100 162100 163100 164100 165100 166100 167100 168100 169100 170100 171100 172100 173100 174100 175100 176100 177100 178100 179100 180100 181100 182100 183100 184100 185100 186100 187100 188100 189100 190100 191100 192100 193100 194100 195100 196100 197100 198100 199100 200100
95100 96100 97100 98100 99100 100100 101100 102100 103100 104100 105100 106100 107100 108100 109100 110100 111100 112100 113100 114100 115100 116100 117100 118100 119100 120100 121100 122100 123100 124100 125100 126100 127100 128100 129100 130100 131100 132100 133100 134100 135100 136100 137100 138100 139100 140100 141100 142100 143100 144100 145100 146100 147100 148100 149100 150100 151100 152100 153100 154100 155100 156100 157100 158100 159100 160100 161100 162100 163100 164100 165100 166100 167100 168100 169100 170100 171100 172100 173100 174100 175100 176100 177100 178100 179100 180100 181100 182100 183100 184100 185100 186100 187100 188100 189100 190100 191100 192100 193100 194100 195100 196100 197100 198100 199100 200100 201100
96100 97100 98100 99100 100100 101100 102100 103100 104100 105100 106100 107100 108100 109100 110100 111100 112100 113100 114100 115100 116100 117100 118100 119100 120100 121100 122100 123100 124100 125100 126100 127100 128100 129100 130100 131100 132100 133100 134100 135100 136100 137100 138100 139100 140100 141100 142100 143100 144100 145100 146100 147100 148100 149100 150100 151100 152100 153100 154100 155100 156100 157100 158100 159100 160100 161100 162100 163100 164100 165100 166100 167100 168100 169100 170100 171100 172100 173100 174100 175100 176100 177100 178100 179100 180100 181100 182100 183100 184100 185100 186100 187100 188100 189100 190100 191100 192100 193100 194100 195100 196100 197100 198100 199100 200100 201100 202100
97100 98100 99100 100100 101100 102100 103100 104100 105100 106100 107100 108100 109100 110100 111100 112100 113100 114100 115100 116100 117100 118100 119100 120100 121100 122100 123100 124100 125100 126100 127100 128100 129100 130100 131100 132100 133100 134100 135100 136100 137100 138100 139100 140100 141100 142100 143100 144100 145100 146100 147100 148100 149100 150100 151100 152100 153100 154100 155100 156100 157100 158100 159100 160100 161100 162100 163100 164100 165100 166100 167100 168100 169100 170100 171100 172100 173100 174100 175100 176100 177100 178100 179100 180100 181100 182100 183100 184100 185100 186100 187100 188100 189100 190100 191100 192100 193100 194100 195100 196100 197100 198100 199100 200100 201100 202100 203100
98100 99100 100100 101100 102100 103100 104100 105100 106100 107100 108100 109100 110100 111100 112100 113100 114100 115100 116100 117100 118100 119100 120100 121100 122100 123100 124100 125100 126100 127100 128100 129100 130100 131100 132100 133100 134100 135100 136100 137100 138100 139100 140100 141100 142100 143100 144100 145100 146100 147100 148100 149100 150100 151100 152100 153100 154100 155100 156100 157100 158100 159100 160100 161100 162100 163100 164100 165100 166100 167100 168100 169100 170100 171100 172100 173100 174100 175100 176100 177100 178100 179100 180100 181100 182100 183100 184100 185100 186100 187100 188100 189100 190100 191100 192100 193100 194100 195100 196100 197100 198100 199100 200100 201100 202100 203100 204100
99100 100100 101100 102100 103100 104100 105100 106100 107100 108100 109100 110100 111100 112100 113100 114100 115100 116100 117100 118100 119100 120100 121100 122100 123100 124100 125100 126100 127100 128100 129100 130100 131100 132100 133100 134100 135100 136100 137100 138100 139100 140100 141100 142100 143100 144100 145100 146100 147100 148100 149100 150100 151100 152100 153100 154100 155100 156100 157100 158100 159100 160100 161100 162100 163100 164100 165100 166100 167100 168100 169100 170100 171100 172100 173100 174100 175100 176100 177100 178100 179100 180100 181100 182100 183100 184100 185100 186100 187100 188100 189100 190100 191100 192100 193100 194100 195100 196100 197100 198100 199100 200100 201100 202100 203100 204100 205100
100100 101100 102100 103100 104100 105100 106100 107100 108100 109100 110100 111100 112100 113100 114100 115100 116100 117100 118100 119100 120100 121100 122100 123100 124100 125100 126100 127100 128100 129100 130100 131100 132100 133100 134100 135100 136100 137100 138100 139100 140100 141100 142100 143100 144100 145100 146100 147100 148100 149100 150100 151100 152100 153100 154100 155100 156100 157100 158100 159100 160100 161100 162100 163100 164100 165100 166100 167100 168100 169100 170100 171100 172100 173100 174100 175100 176100 177100 178100 179100 180100 181100 182100 183100 184100 185100 186100 187100 188100 189100 190100 191100 192100 193100 194100 195100 196100 197100 198100 199100 200100 201100 202100 203100 204100 205100 206100
101100 102100 103100 104100 105100 106100 107100 108100 109100 110100 111100 112100 113100 114100 115100 116100 117100 118100 119100 120100 121100 122100 123100 124100 125100 126100 127100 128100 129100 130100 131100 132100 133100 134100 135100 136100 137100 138100 139100 140100 141100 142100 143100 144100 145100 146100 147100 148100 149100 150100 151100 152100 153100 154100 155100 156100 157100 158100 159100 160100 161100 162100 163100 164100 165100 166100 167100 168100 169100 170100 171100 172100 173100 174100 175100 176100 177100 178100 179100 180100 181100 182100 183100 184100 185100 186100 187100 188100 189100 190100 191100 192100 193100 194100 195100 196100 197100 198100 199100 200100 201100 202100 203100 204100 205100 206100 207100
102100 103100 104100 105100 106100 107100 108100 109100 110100 111100 112100 113100 114100 115100 116100 117100 118100 119100 120100 121100 122100 123100 124100 125100 126100 127100 128100 129100 130100 131100 132100 133100 134100 135100 136100 137100 138100 139100 140100 141100 142100 143100 144100 145100 146100 147100 148100 149100 150100 151100 152100 153100 154100 155100 156100 157100 158100 159100 160100 161100 162100 163100 164100 165100 166100 167100 168100 169100 170100 171100 172100 173100 174100 175100 176100 177100 178100 179100 180100 181100 182100 183100 184100 185100 186100 187100 188100 189100 190100 191100 192100 193100 194100 195100 196100 197100 198100 199100 200100 201100 202100 203100 204100 205100 206100 207100 208100
103100 104100 105100 106100 107100 108100 109100 110100 111100 112100 113100 114100 115100 116100 117100 118100 119100 120100 121100 122100 123100 124100 125100 126100 127100 128100 129100 130100 131100 132100 133100 134100 135100 136100 137100 138100 139100 140100 141100 142100 143100 144100 145100 146100 147100 148100 149100 150100 151100 152100 153100 154100 155100 156100 157100 158100 159100 160100 161100 162100 163100 164100 165100 166100 167100 168100 169100 170100 171100 172100 173100 174100 175100 176100 177100 178100 179100 180100 181100 182100 183100 184100 185100 186100 187100 188100 189100 190100 191100 192100 193100 194100 195100 196100 197100 198100 199100 200100 201100 202100 203100 204100 205100 206100 207100 208100 209100
104100 105100 106100 107100 108100 109100 110100 111100 112100 113100 114100 115100 116100 117100 118100 119100 120100 121100 122100 123100 124100 125100 126100 127100 128100 129100 130100 131100 132100 133100 134100 135100 136100 137100 138100 139100 140100 141100 142100 143100 144100 145100 146100 147100 148100 149100 150100 151100 152100 153100 154100 155100 156100 157100 158100 159100 160100 161100 162100 163100 164100 165100 166100 167100 168100 169100 170100 171100 172100 173100 174100 175100 176100 177100 178100 179100 180100 181100 182100 183100 184100 185100 186100 187100 188100 189100 190100 191100 192100 193100 194100 195100 196100 197100 198100 199100 200100 201100 202100 203100 204100 205100 206100 207100 208100 209100 210100
105100 106100 107100 108100 109100 110100 111100 112100 113100 114100 115100 116100 117100 118100 119100 120100 121100 122100 123100 124100 125100 126100 127100 128100 129100 130100 131100 132100 133100 134100 135100 136100 137100 138100 139100 140100 141100 142100 143100 144100 145100 146100 147100 148100 149100 150100 151100 152100 153100 154100 155100 156100 157100 158100 159100 160100 161100 162100 163100 164100 165100 166100 167100 168100 169100 170100 171100 172100 173100 174100 175100 176100 177100 178100 179100 180100 181100 182100 183100 184100 185100 186100 187100 188100 189100 190100 191100 192100 193100 194100 195100 196100 197100 198100 199100 200100 201100 202100 203100 204100 205100 206100 207100 208100 209100 210100 211100
106100 107100 108100 109100 110100 111100 112100 113100 114100 115100 116100 117100 118100 119100 120100 121100 122100 123100 124100 125100 126100 127100 128100 129100 130100 131100 132100 133100 134100 135100 136100 137100 138100 139100 140100 141100 142100 143100 144100 145100 146100 147100 148100 149100 150100 151100 152100 153100 154100 155100 156100 157100 158100 159100 160100 161100 162100 163100 164100 165100 166100 167100 168100 169100 170100 171100 172100 173100 174100 175100 176100 177100 178100 179100 180100 181100 182100 183100 184100 185100 186100 187100 188100 189100 190100 191100 192100 193100 194100 195100 196100 197100 198100 199100 200100 201100 202100 203100 204100 205100 206100 207100 208100 209100 210100 211100 212100
107100 108100 109100 110100 111100 112100 113100 114100 115100 116100 117100 118100 119100 120100 121100 122100 123100 124100 125100 126100 127100 128100 129100 130100 131100 132100 133100 134100 135100 136100 137100 138100 139100 140100 141100 142100 143100 144100 145100 146100 147100 148100 149100 150100 151100 152100 153100 154100 155100 156100 157100 158100 159100 160100 161100 162100 163100 164100 165100 166100 167100 168100 169100 170100 171100 172100 173100 174100 175100 176100 177100 178100 179100 180100 181100 182100 183100 184100 185100 186100 187100 188100 189100 190100 191100 192100 193100 194100 195100 196100 197100 198100 199100 200100 201100 202100 203100 204100 205100 206100 207100 208100 209100 210100 211100 212100 213100
108100 109100 110100 111100 112100 113100 114100 115100 116100 117100 118100 119100 120100 121100 122100 123100 124100 125100 126100 127100 128100 129100 130100 131100 132100 133100 134100 135100 136100 137100 138100 139100 140100 141100 142100 143100 144100 145100 146100 147100 148100 149100 150100 151100 152100 153100 154100 155100 156100 157100 158100 159100 160100 161100 162100 163100 164100 165100 166100 167100 168100 169100 170100 171100 172100 173100 174100 175100 176100 177100 178100 179100 180100 181100 182100 183100 184100 185100 186100 187100 188100 189100 190100 191100 192100 193100 194100 195100 196100 197100 198100 199100 200100 201100 202100 203100 204100 205100 206100 207100 208100 209100 210100 211100 212100 213100 214100
109100 110100 111100 112100 113100 114100 115100 116100 117100 118100 119100 120100 121100 122100 123100 124100 125100 126100 127100 128100 129100 130100 131100 132100 133100 134100 135100 136100 137100 138100 139100 140100 141100 142100 143100 144100 145100 146100 147100 148100 149100 150100 151100 152100 153100 154100 155100 156100 157100 158100 159100 160100 161100 162100 163100 164100 165100 166100 167100 168100 169100 170100 171100 172100 173100 174100 175100 176100 177100 178100 179100 180100 181100 182100 183100 184100 185100 186100 187100 188100 189100 190100 191100 192100 193100 194100 195100 196100 197100 198100 199100 200100 201100 202100 203100 204100 205100 206100 207100 208100 209100 210100 211100 212100 213100 214100 215100
110100 111100 112100 113100 114100 115100 116100 117100 118100 119100 120100 121100 122100 123100 124100 125100 126100 127100 128100 129100 130100 131100 132100 133100 134100 135100 136100 137100 138100 139100 140100 141100 142100 143100 144100 145100 146100 147100 148100 149100 150100 151100 152100 153100 154100 155100 156100 157100 158100 159100 160100 161100 162100 163100 164100 165100 166100 167100 168100 169100 170100 171100 172100 173100 174100 175100 176100 177100 178100 179100 180100 181100 182100 183100 184100 185100 186100 187100 188100 189100 190100 191100 192100 193100 194100 195100 196100 197100 198100 199100 200100 201100 202100 203100 204100 205100 206100 207100 208100 209100 210100 211100 212100 213100 214100 215100 216100
111100 112100 113100 114100 115100 116100 117100 118100 119100 120100 121100 122100 123100 124100 125100 126100 127100 128100 129100 130100 131100 132100 133100 134100 135100 136100 137100 138100 139100 140100 141100 142100 143100 144100 145100 146100 147100 148100 149100 150100 151100 152100 153100 154100 155100 156100 157100 158100 159100 160100 161100 162100 163100 164100 165100 166100 167100 168100 169100 170100 171100 172100 173100 174100 175100 176100 177100 178100 179100 180100 181100 182100 183100 184100 185100 186100 187100 188100 189100 190100 191100 192100 193100 194100 195100 196100 197100 198100 199100 200100 201100 202100 203100 204100 205100 206100 207100 208100 209100 210100 211100 212100 213100 214100 215100 216100 217100
112100 113100 114100 115100 116100 117100 118100 119100 120100 121100 122100 123100 124100 125100 126100 127100 128100 129100 130100 131100 132100 133100 134100 135100 136100 137100 138100 139100 140100 141100 142100 143100 144100 145100 146100 147100 148100 149100 150100 151100 152100 153100 154100 155100 156100 157100 158100 159100 160100 161100 162100 163100 164100 165100 166100 167100 168100 169100 170100 171100 172100 173100 174100 175100 176100 177100 178100 179100 180100 181100 182100 183100 184100 185100 186100 187100 188100 189100 190100 191100 192100 193100 194100 195100 196100 197100 198100 199100 200100 201100 202100 203100 204100 205100 206100 207100 208100 209100 210100 211100 212100 213100 214100 215100 216100 217100 218100
113100 114100 115100 116100 117100 118100 119100 120100 121100 122100 123100 124100 125100 126100 127100 128100 129100 130100 131100 132100 133100 134100 135100 136100 137100 138100 139100 140100 141100 142100 143100 144100 145100 146100 147100 148100 149100 150100 151100 152100 153100 154100 155100 156100 157100 158100 159100 160100 161100 162100 163100 164100 165100 166100 167100 168100 169100 170100 171100 172100 173100 174100 175100 176100 177100 178100 179100 180100 181100 182100 183100 184100 185100 186100 187100 188100 189100 190100 191100 192100 193100 194100 195100 196100 197100 198100 199100 200100 201100 202100 203100 204100 205100 206100 207100 208100 209100 210100 211100 212100 213100 214100 215100 216100 217100 218100 219100
114100 115100 116100 117100 118100 119100 120100 121100 122100 123100 124100 125100 126100 127100 128100 129100 130100 131100 132100 133100 134100 135100 136100 137100 138100 139100 140100 141100 142100 143100 144100 145100 146100 147100 148100 149100 150100 151100 152100 153100 154100 155100 156100 157100 158100 159100 160100 161100 162100 163100 164100 165100 166100 167100 168100 169100 170100 171100 172100 173100 174100 175100 176100 177100 178100 179100 180100 181100 182100 183100 184100 185100 186100 187100 188100 189100 190100 191100 192100 193100 194100 195100 196100 197100 198100 199100 200100 201100 202100 203100 204100 205100 206100 207100 208100 209100 210100 211100 212100 213100 214100 215100 216100 217100 218100 219100 220100
115100 116100 117100 118100 119100 120100 121100 122100 123100 124100 125100 126100 127100 128100 129100 130100 131100 132100 133100 134100 135100 136100 137100 138100 139100 140100 141100 142100 143100 144100 145100 146100 147100 148100 149100 150100 151100 152100 153100 154100 155100 156100 157100 158100 159100 160100 161100 162100 163100 164100 165100 166100 167100 168100 169100 170100 171100 172100 173100 174100 175100 176100 177100 178100 179100 180100 181100 182100 183100 184100 185100 186100 187100 188100 189100 190100 191100 192100 193100 194100 195100 196100 197100 198100 199100 200100 201100 202100 203100 204100 205100 206100 207100 208100 209100 210100 211100 212100 213100 214100 215100 216100 217100 218100 219100 220100 221100
116100 117100 118100 119100 120100 121100 122100 123100 124100 125100 126100 127100 128100 129100 130100 131100 132100 133100 134100 135100 136100 137100 138100 139100 140100 141100 142100 143100 144100 145100 146100 147100 148100 149100 150100 151100 152100 153100 154100 155100 156100 157100 158100 159100 160100 161100 162100 163100 164100 165100 166100 167100 168100 169100 170100 171100 172100 173100 174100 175100 176100 177100 178100 179100 180100 181100 182100 183100 184100 185100 186100 187100 188100 189100 190100 191100 192100 193100 194100 195100 196100 197100 198100 199100 200100 201100 202100 203100 204100 205100 206100 207100 208100 209100 210100 211100 212100 213100 214100 215100 216100 217100 218100 219100 220100 221100 222100
117100 118100 119100 120100 121100 122100 123100 124100 125100 126100 127100 128100 129100 130100 131100 132100 133100 134100 135100 136100 137100 138100 139100 140100 141100 142100 143100 144100 145100 146100 147100 148100 149100 150100 151100 152100 153100 154100 155100 156100 157100 158100 159100 160100 161100 162100 163100 164100 165100 166100 167100 168100 169100 170100 171100 172100 173100 174100 175100 176100 177100 178100 179100 180100 181100 182100 183100 184100 185100 186100 187100 188100 189100 190100 191100 192100 193100 194100 195100 196100 197100 198100 199100 200100 201100 202100 203100 204100 205100 206100 207100 208100 209100 210100 211100 212100 213100 214100 215100 216100 217100 218100 219100 220100 221100 222100 223100
