107 106
105100 104100 103100 102100 101100 100100 99100 98100 97100 96100 95100 94100 93100 92100 91100 90100 89100 88100 87100 86100 85100 84100 83100 82100 81100 80100 79100 78100 77100 76100 75100 74100 73100 72100 71100 70100 69100 68100 67100 66100 65100 64100 63100 62100 61100 60100 59100 58100 57100 56100 55100 54100 53100 52100 51100 50100 49100 48100 47100 46100 45100 44100 43100 42100 41100 40100 39100 38100 37100 36100 35100 34100 33100 32100 31100 30100 29100 28100 27100 26100 25100 24100 23100 22100 21100 20100 19100 18100 17100 16100 15100 14100 13100 12100 11100 10100 9100 8100 7100 6100 5100 4100 3100 2100 1100 100
106100 105100 104100 103100 102100 101100 100100 99100 98100 97100 96100 95100 94100 93100 92100 91100 90100 89100 88100 87100 86100 85100 84100 83100 82100 81100 80100 79100 78100 77100 76100 75100 74100 73100 72100 71100 70100 69100 68100 67100 66100 65100 64100 63100 62100 61100 60100 59100 58100 57100 56100 55100 54100 53100 52100 51100 50100 49100 48100 47100 46100 45100 44100 43100 42100 41100 40100 39100 38100 37100 36100 35100 34100 33100 32100 31100 30100 29100 28100 27100 26100 25100 24100 23100 22100 21100 20100 19100 18100 17100 16100 15100 14100 13100 12100 11100 10100 9100 8100 7100 6100 5100 4100 3100 2100 1100
107100 106100 105100 104100 103100 102100 101100 100100 99100 98100 97100 96100 95100 94100 93100 92100 91100 90100 89100 88100 87100 86100 85100 84100 83100 82100 81100 80100 79100 78100 77100 76100 75100 74100 73100 72100 71100 70100 69100 68100 67100 66100 65100 64100 63100 62100 61100 60100 59100 58100 57100 56100 55100 54100 53100 52100 51100 50100 49100 48100 47100 46100 45100 44100 43100 42100 41100 40100 39100 38100 37100 36100 35100 34100 33100 32100 31100 30100 29100 28100 27100 26100 25100 24100 23100 22100 21100 20100 19100 18100 17100 16100 15100 14100 13100 12100 11100 10100 9100 8100 7100 6100 5100 4100 3100 2100
108100 107100 106100 105100 104100 103100 102100 101100 100100 99100 98100 97100 96100 95100 94100 93100 92100 91100 90100 89100 88100 87100 86100 85100 84100 83100 82100 81100 80100 79100 78100 77100 76100 75100 74100 73100 72100 71100 70100 69100 68100 67100 66100 65100 64100 63100 62100 61100 60100 59100 58100 57100 56100 55100 54100 53100 52100 51100 50100 49100 48100 47100 46100 45100 44100 43100 42100 41100 40100 39100 38100 37100 36100 35100 34100 33100 32100 31100 30100 29100 28100 27100 26100 25100 24100 23100 22100 21100 20100 19100 18100 17100 16100 15100 14100 13100 12100 11100 10100 9100 8100 7100 6100 5100 4100 3100
109100 108100 107100 106100 105100 104100 103100 102100 101100 100100 99100 98100 97100 96100 95100 94100 93100 92100 91100 90100 89100 88100 87100 86100 85100 84100 83100 82100 81100 80100 79100 78100 77100 76100 75100 74100 73100 72100 71100 70100 69100 68100 67100 66100 65100 64100 63100 62100 61100 60100 59100 58100 57100 56100 55100 54100 53100 52100 51100 50100 49100 48100 47100 46100 45100 44100 43100 42100 41100 40100 39100 38100 37100 36100 35100 34100 33100 32100 31100 30100 29100 28100 27100 26100 25100 24100 23100 22100 21100 20100 19100 18100 17100 16100 15100 14100 13100 12100 11100 10100 9100 8100 7100 6100 5100 4100
110100 109100 108100 107100 106100 105100 104100 103100 102100 101100 100100 99100 98100 97100 96100 95100 94100 93100 92100 91100 90100 89100 88100 87100 86100 85100 84100 83100 82100 81100 80100 79100 78100 77100 76100 75100 74100 73100 72100 71100 70100 69100 68100 67100 66100 65100 64100 63100 62100 61100 60100 59100 58100 57100 56100 55100 54100 53100 52100 51100 50100 49100 48100 47100 46100 45100 44100 43100 42100 41100 40100 39100 38100 37100 36100 35100 34100 33100 32100 31100 30100 29100 28100 27100 26100 25100 24100 23100 22100 21100 20100 19100 18100 17100 16100 15100 14100 13100 12100 11100 10100 9100 8100 7100 6100 5100
111100 110100 109100 108100 107100 106100 105100 104100 103100 102100 101100 100100 99100 98100 97100 96100 95100 94100 93100 92100 91100 90100 89100 88100 87100 86100 85100 84100 83100 82100 81100 80100 79100 78100 77100 76100 75100 74100 73100 72100 71100 70100 69100 68100 67100 66100 65100 64100 63100 62100 61100 60100 59100 58100 57100 56100 55100 54100 53100 52100 51100 50100 49100 48100 47100 46100 45100 44100 43100 42100 41100 40100 39100 38100 37100 36100 35100 34100 33100 32100 31100 30100 29100 28100 27100 26100 25100 24100 23100 22100 21100 20100 19100 18100 17100 16100 15100 14100 13100 12100 11100 10100 9100 8100 7100 6100
112100 111100 110100 109100 108100 107100 106100 105100 104100 103100 102100 101100 100100 99100 98100 97100 96100 95100 94100 93100 92100 91100 90100 89100 88100 87100 86100 85100 84100 83100 82100 81100 80100 79100 78100 77100 76100 75100 74100 73100 72100 71100 70100 69100 68100 67100 66100 65100 64100 63100 62100 61100 60100 59100 58100 57100 56100 55100 54100 53100 52100 51100 50100 49100 48100 47100 46100 45100 44100 43100 42100 41100 40100 39100 38100 37100 36100 35100 34100 33100 32100 31100 30100 29100 28100 27100 26100 25100 24100 23100 22100 21100 20100 19100 18100 17100 16100 15100 14100 13100 12100 11100 10100 9100 8100 7100
113100 112100 111100 110100 109100 108100 107100 106100 105100 104100 103100 102100 101100 100100 99100 98100 97100 96100 95100 94100 93100 92100 91100 90100 89100 88100 87100 86100 85100 84100 83100 82100 81100 80100 79100 78100 77100 76100 75100 74100 73100 72100 71100 70100 69100 68100 67100 66100 65100 64100 63100 62100 61100 60100 59100 58100 57100 56100 55100 54100 53100 52100 51100 50100 49100 48100 47100 46100 45100 44100 43100 42100 41100 40100 39100 38100 37100 36100 35100 34100 33100 32100 31100 30100 29100 28100 27100 26100 25100 24100 23100 22100 21100 20100 19100 18100 17100 16100 15100 14100 13100 12100 11100 10100 9100 8100
114100 113100 112100 111100 110100 109100 108100 107100 106100 105100 104100 103100 102100 101100 100100 99100 98100 97100 96100 95100 94100 93100 92100 91100 90100 89100 88100 87100 86100 85100 84100 83100 82100 81100 80100 79100 78100 77100 76100 75100 74100 73100 72100 71100 70100 69100 68100 67100 66100 65100 64100 63100 62100 61100 60100 59100 58100 57100 56100 55100 54100 53100 52100 51100 50100 49100 48100 47100 46100 45100 44100 43100 42100 41100 40100 39100 38100 37100 36100 35100 34100 33100 32100 31100 30100 29100 28100 27100 26100 25100 24100 23100 22100 21100 20100 19100 18100 17100 16100 15100 14100 13100 12100 11100 10100 9100
115100 114100 113100 112100 111100 110100 109100 108100 107100 106100 105100 104100 103100 102100 101100 100100 99100 98100 97100 96100 95100 94100 93100 92100 91100 90100 89100 88100 87100 86100 85100 84100 83100 82100 81100 80100 79100 78100 77100 76100 75100 74100 73100 72100 71100 70100 69100 68100 67100 66100 65100 64100 63100 62100 61100 60100 59100 58100 57100 56100 55100 54100 53100 52100 51100 50100 49100 48100 47100 46100 45100 44100 43100 42100 41100 40100 39100 38100 37100 36100 35100 34100 33100 32100 31100 30100 29100 28100 27100 26100 25100 24100 23100 22100 21100 20100 19100 18100 17100 16100 15100 14100 13100 12100 11100 10100
116100 115100 114100 113100 112100 111100 110100 109100 108100 107100 106100 105100 104100 103100 102100 101100 100100 99100 98100 97100 96100 95100 94100 93100 92100 91100 90100 89100 88100 87100 86100 85100 84100 83100 82100 81100 80100 79100 78100 77100 76100 75100 74100 73100 72100 71100 70100 69100 68100 67100 66100 65100 64100 63100 62100 61100 60100 59100 58100 57100 56100 55100 54100 53100 52100 51100 50100 49100 48100 47100 46100 45100 44100 43100 42100 41100 40100 39100 38100 37100 36100 35100 34100 33100 32100 31100 30100 29100 28100 27100 26100 25100 24100 23100 22100 21100 20100 19100 18100 17100 16100 15100 14100 13100 12100 11100
117100 116100 115100 114100 113100 112100 111100 110100 109100 108100 107100 106100 105100 104100 103100 102100 101100 100100 99100 98100 97100 96100 95100 94100 93100 92100 91100 90100 89100 88100 87100 86100 85100 84100 83100 82100 81100 80100 79100 78100 77100 76100 75100 74100 73100 72100 71100 70100 69100 68100 67100 66100 65100 64100 63100 62100 61100 60100 59100 58100 57100 56100 55100 54100 53100 52100 51100 50100 49100 48100 47100 46100 45100 44100 43100 42100 41100 40100 39100 38100 37100 36100 35100 34100 33100 32100 31100 30100 29100 28100 27100 26100 25100 24100 23100 22100 21100 20100 19100 18100 17100 16100 15100 14100 13100 12100
118100 117100 116100 115100 114100 113100 112100 111100 110100 109100 108100 107100 106100 105100 104100 103100 102100 101100 100100 99100 98100 97100 96100 95100 94100 93100 92100 91100 90100 89100 88100 87100 86100 85100 84100 83100 82100 81100 80100 79100 78100 77100 76100 75100 74100 73100 72100 71100 70100 69100 68100 67100 66100 65100 64100 63100 62100 61100 60100 59100 58100 57100 56100 55100 54100 53100 52100 51100 50100 49100 48100 47100 46100 45100 44100 43100 42100 41100 40100 39100 38100 37100 36100 35100 34100 33100 32100 31100 30100 29100 28100 27100 26100 25100 24100 23100 22100 21100 20100 19100 18100 17100 16100 15100 14100 13100
119100 118100 117100 116100 115100 114100 113100 112100 111100 110100 109100 108100 107100 106100 105100 104100 103100 102100 101100 100100 99100 98100 97100 96100 95100 94100 93100 92100 91100 90100 89100 88100 87100 86100 85100 84100 83100 82100 81100 80100 79100 78100 77100 76100 75100 74100 73100 72100 71100 70100 69100 68100 67100 66100 65100 64100 63100 62100 61100 60100 59100 58100 57100 56100 55100 54100 53100 52100 51100 50100 49100 48100 47100 46100 45100 44100 43100 42100 41100 40100 39100 38100 37100 36100 35100 34100 33100 32100 31100 30100 29100 28100 27100 26100 25100 24100 23100 22100 21100 20100 19100 18100 17100 16100 15100 14100
120100 119100 118100 117100 116100 115100 114100 113100 112100 111100 110100 109100 108100 107100 106100 105100 104100 103100 102100 101100 100100 99100 98100 97100 96100 95100 94100 93100 92100 91100 90100 89100 88100 87100 86100 85100 84100 83100 82100 81100 80100 79100 78100 77100 76100 75100 74100 73100 72100 71100 70100 69100 68100 67100 66100 65100 64100 63100 62100 61100 60100 59100 58100 57100 56100 55100 54100 53100 52100 51100 50100 49100 48100 47100 46100 45100 44100 43100 42100 41100 40100 39100 38100 37100 36100 35100 34100 33100 32100 31100 30100 29100 28100 27100 26100 25100 24100 23100 22100 21100 20100 19100 18100 17100 16100 15100
121100 120100 119100 118100 117100 116100 115100 114100 113100 112100 111100 110100 109100 108100 107100 106100 105100 104100 103100 102100 101100 100100 99100 98100 97100 96100 95100 94100 93100 92100 91100 90100 89100 88100 87100 86100 85100 84100 83100 82100 81100 80100 79100 78100 77100 76100 75100 74100 73100 72100 71100 70100 69100 68100 67100 66100 65100 64100 63100 62100 61100 60100 59100 58100 57100 56100 55100 54100 53100 52100 51100 50100 49100 48100 47100 46100 45100 44100 43100 42100 41100 40100 39100 38100 37100 36100 35100 34100 33100 32100 31100 30100 29100 28100 27100 26100 25100 24100 23100 22100 21100 20100 19100 18100 17100 16100
122100 121100 120100 119100 118100 117100 116100 115100 114100 113100 112100 111100 110100 109100 108100 107100 106100 105100 104100 103100 102100 101100 100100 99100 98100 97100 96100 95100 94100 93100 92100 91100 90100 89100 88100 87100 86100 85100 84100 83100 82100 81100 80100 79100 78100 77100 76100 75100 74100 73100 72100 71100 70100 69100 68100 67100 66100 65100 64100 63100 62100 61100 60100 59100 58100 57100 56100 55100 54100 53100 52100 51100 50100 49100 48100 47100 46100 45100 44100 43100 42100 41100 40100 39100 38100 37100 36100 35100 34100 33100 32100 31100 30100 29100 28100 27100 26100 25100 24100 23100 22100 21100 20100 19100 18100 17100
123100 122100 121100 120100 119100 118100 117100 116100 115100 114100 113100 112100 111100 110100 109100 108100 107100 106100 105100 104100 103100 102100 101100 100100 99100 98100 97100 96100 95100 94100 93100 92100 91100 90100 89100 88100 87100 86100 85100 84100 83100 82100 81100 80100 79100 78100 77100 76100 75100 74100 73100 72100 71100 70100 69100 68100 67100 66100 65100 64100 63100 62100 61100 60100 59100 58100 57100 56100 55100 54100 53100 52100 51100 50100 49100 48100 47100 46100 45100 44100 43100 42100 41100 40100 39100 38100 37100 36100 35100 34100 33100 32100 31100 30100 29100 28100 27100 26100 25100 24100 23100 22100 21100 20100 19100 18100
124100 123100 122100 121100 120100 119100 118100 117100 116100 115100 114100 113100 112100 111100 110100 109100 108100 107100 106100 105100 104100 103100 102100 101100 100100 99100 98100 97100 96100 95100 94100 93100 92100 91100 90100 89100 88100 87100 86100 85100 84100 83100 82100 81100 80100 79100 78100 77100 76100 75100 74100 73100 72100 71100 70100 69100 68100 67100 66100 65100 64100 63100 62100 61100 60100 59100 58100 57100 56100 55100 54100 53100 52100 51100 50100 49100 48100 47100 46100 45100 44100 43100 42100 41100 40100 39100 38100 37100 36100 35100 34100 33100 32100 31100 30100 29100 28100 27100 26100 25100 24100 23100 22100 21100 20100 19100
125100 124100 123100 122100 121100 120100 119100 118100 117100 116100 115100 114100 113100 112100 111100 110100 109100 108100 107100 106100 105100 104100 103100 102100 101100 100100 99100 98100 97100 96100 95100 94100 93100 92100 91100 90100 89100 88100 87100 86100 85100 84100 83100 82100 81100 80100 79100 78100 77100 76100 75100 74100 73100 72100 71100 70100 69100 68100 67100 66100 65100 64100 63100 62100 61100 60100 59100 58100 57100 56100 55100 54100 53100 52100 51100 50100 49100 48100 47100 46100 45100 44100 43100 42100 41100 40100 39100 38100 37100 36100 35100 34100 33100 32100 31100 30100 29100 28100 27100 26100 25100 24100 23100 22100 21100 20100
126100 125100 124100 123100 122100 121100 120100 119100 118100 117100 116100 115100 114100 113100 112100 111100 110100 109100 108100 107100 106100 105100 104100 103100 102100 101100 100100 99100 98100 97100 96100 95100 94100 93100 92100 91100 90100 89100 88100 87100 86100 85100 84100 83100 82100 81100 80100 79100 78100 77100 76100 75100 74100 73100 72100 71100 70100 69100 68100 67100 66100 65100 64100 63100 62100 61100 60100 59100 58100 57100 56100 55100 54100 53100 52100 51100 50100 49100 48100 47100 46100 45100 44100 43100 42100 41100 40100 39100 38100 37100 36100 35100 34100 33100 32100 31100 30100 29100 28100 27100 26100 25100 24100 23100 22100 21100
127100 126100 125100 124100 123100 122100 121100 120100 119100 118100 117100 116100 115100 114100 113100 112100 111100 110100 109100 108100 107100 106100 105100 104100 103100 102100 101100 100100 99100 98100 97100 96100 95100 94100 93100 92100 91100 90100 89100 88100 87100 86100 85100 84100 83100 82100 81100 80100 79100 78100 77100 76100 75100 74100 73100 72100 71100 70100 69100 68100 67100 66100 65100 64100 63100 62100 61100 60100 59100 58100 57100 56100 55100 54100 53100 52100 51100 50100 49100 48100 47100 46100 45100 44100 43100 42100 41100 40100 39100 38100 37100 36100 35100 34100 33100 32100 31100 30100 29100 28100 27100 26100 25100 24100 23100 22100
128100 127100 126100 125100 124100 123100 122100 121100 120100 119100 118100 117100 116100 115100 114100 113100 112100 111100 110100 109100 108100 107100 106100 105100 104100 103100 102100 101100 100100 99100 98100 97100 96100 95100 94100 93100 92100 91100 90100 89100 88100 87100 86100 85100 84100 83100 82100 81100 80100 79100 78100 77100 76100 75100 74100 73100 72100 71100 70100 69100 68100 67100 66100 65100 64100 63100 62100 61100 60100 59100 58100 57100 56100 55100 54100 53100 52100 51100 50100 49100 48100 47100 46100 45100 44100 43100 42100 41100 40100 39100 38100 37100 36100 35100 34100 33100 32100 31100 30100 29100 28100 27100 26100 25100 24100 23100
129100 128100 127100 126100 125100 124100 123100 122100 121100 120100 119100 118100 117100 116100 115100 114100 113100 112100 111100 110100 109100 108100 107100 106100 105100 104100 103100 102100 101100 100100 99100 98100 97100 96100 95100 94100 93100 92100 91100 90100 89100 88100 87100 86100 85100 84100 83100 82100 81100 80100 79100 78100 77100 76100 75100 74100 73100 72100 71100 70100 69100 68100 67100 66100 65100 64100 63100 62100 61100 60100 59100 58100 57100 56100 55100 54100 53100 52100 51100 50100 49100 48100 47100 46100 45100 44100 43100 42100 41100 40100 39100 38100 37100 36100 35100 34100 33100 32100 31100 30100 29100 28100 27100 26100 25100 24100
130100 129100 128100 127100 126100 125100 124100 123100 122100 121100 120100 119100 118100 117100 116100 115100 114100 113100 112100 111100 110100 109100 108100 107100 106100 105100 104100 103100 102100 101100 100100 99100 98100 97100 96100 95100 94100 93100 92100 91100 90100 89100 88100 87100 86100 85100 84100 83100 82100 81100 80100 79100 78100 77100 76100 75100 74100 73100 72100 71100 70100 69100 68100 67100 66100 65100 64100 63100 62100 61100 60100 59100 58100 57100 56100 55100 54100 53100 52100 51100 50100 49100 48100 47100 46100 45100 44100 43100 42100 41100 40100 39100 38100 37100 36100 35100 34100 33100 32100 31100 30100 29100 28100 27100 26100 25100
131100 130100 129100 128100 127100 126100 125100 124100 123100 122100 121100 120100 119100 118100 117100 116100 115100 114100 113100 112100 111100 110100 109100 108100 107100 106100 105100 104100 103100 102100 101100 100100 99100 98100 97100 96100 95100 94100 93100 92100 91100 90100 89100 88100 87100 86100 85100 84100 83100 82100 81100 80100 79100 78100 77100 76100 75100 74100 73100 72100 71100 70100 69100 68100 67100 66100 65100 64100 63100 62100 61100 60100 59100 58100 57100 56100 55100 54100 53100 52100 51100 50100 49100 48100 47100 46100 45100 44100 43100 42100 41100 40100 39100 38100 37100 36100 35100 34100 33100 32100 31100 30100 29100 28100 27100 26100
132100 131100 130100 129100 128100 127100 126100 125100 124100 123100 122100 121100 120100 119100 118100 117100 116100 115100 114100 113100 112100 111100 110100 109100 108100 107100 106100 105100 104100 103100 102100 101100 100100 99100 98100 97100 96100 95100 94100 93100 92100 91100 90100 89100 88100 87100 86100 85100 84100 83100 82100 81100 80100 79100 78100 77100 76100 75100 74100 73100 72100 71100 70100 69100 68100 67100 66100 65100 64100 63100 62100 61100 60100 59100 58100 57100 56100 55100 54100 53100 52100 51100 50100 49100 48100 47100 46100 45100 44100 43100 42100 41100 40100 39100 38100 37100 36100 35100 34100 33100 32100 31100 30100 29100 28100 27100
133100 132100 131100 130100 129100 128100 127100 126100 125100 124100 123100 122100 121100 120100 119100 118100 117100 116100 115100 114100 113100 112100 111100 110100 109100 108100 107100 106100 105100 104100 103100 102100 101100 100100 99100 98100 97100 96100 95100 94100 93100 92100 91100 90100 89100 88100 87100 86100 85100 84100 83100 82100 81100 80100 79100 78100 77100 76100 75100 74100 73100 72100 71100 70100 69100 68100 67100 66100 65100 64100 63100 62100 61100 60100 59100 58100 57100 56100 55100 54100 53100 52100 51100 50100 49100 48100 47100 46100 45100 44100 43100 42100 41100 40100 39100 38100 37100 36100 35100 34100 33100 32100 31100 30100 29100 28100
134100 133100 132100 131100 130100 129100 128100 127100 126100 125100 124100 123100 122100 121100 120100 119100 118100 117100 116100 115100 114100 113100 112100 111100 110100 109100 108100 107100 106100 105100 104100 103100 102100 101100 100100 99100 98100 97100 96100 95100 94100 93100 92100 91100 90100 89100 88100 87100 86100 85100 84100 83100 82100 81100 80100 79100 78100 77100 76100 75100 74100 73100 72100 71100 70100 69100 68100 67100 66100 65100 64100 63100 62100 61100 60100 59100 58100 57100 56100 55100 54100 53100 52100 51100 50100 49100 48100 47100 46100 45100 44100 43100 42100 41100 40100 39100 38100 37100 36100 35100 34100 33100 32100 31100 30100 29100
135100 134100 133100 132100 131100 130100 129100 128100 127100 126100 125100 124100 123100 122100 121100 120100 119100 118100 117100 116100 115100 114100 113100 112100 111100 110100 109100 108100 107100 106100 105100 104100 103100 102100 101100 100100 99100 98100 97100 96100 95100 94100 93100 92100 91100 90100 89100 88100 87100 86100 85100 84100 83100 82100 81100 80100 79100 78100 77100 76100 75100 74100 73100 72100 71100 70100 69100 68100 67100 66100 65100 64100 63100 62100 61100 60100 59100 58100 57100 56100 55100 54100 53100 52100 51100 50100 49100 48100 47100 46100 45100 44100 43100 42100 41100 40100 39100 38100 37100 36100 35100 34100 33100 32100 31100 30100
136100 135100 134100 133100 132100 131100 130100 129100 128100 127100 126100 125100 124100 123100 122100 121100 120100 119100 118100 117100 116100 115100 114100 113100 112100 111100 110100 109100 108100 107100 106100 105100 104100 103100 102100 101100 100100 99100 98100 97100 96100 95100 94100 93100 92100 91100 90100 89100 88100 87100 86100 85100 84100 83100 82100 81100 80100 79100 78100 77100 76100 75100 74100 73100 72100 71100 70100 69100 68100 67100 66100 65100 64100 63100 62100 61100 60100 59100 58100 57100 56100 55100 54100 53100 52100 51100 50100 49100 48100 47100 46100 45100 44100 43100 42100 41100 40100 39100 38100 37100 36100 35100 34100 33100 32100 31100
137100 136100 135100 134100 133100 132100 131100 130100 129100 128100 127100 126100 125100 124100 123100 122100 121100 120100 119100 118100 117100 116100 115100 114100 113100 112100 111100 110100 109100 108100 107100 106100 105100 104100 103100 102100 101100 100100 99100 98100 97100 96100 95100 94100 93100 92100 91100 90100 89100 88100 87100 86100 85100 84100 83100 82100 81100 80100 79100 78100 77100 76100 75100 74100 73100 72100 71100 70100 69100 68100 67100 66100 65100 64100 63100 62100 61100 60100 59100 58100 57100 56100 55100 54100 53100 52100 51100 50100 49100 48100 47100 46100 45100 44100 43100 42100 41100 40100 39100 38100 37100 36100 35100 34100 33100 32100
138100 137100 136100 135100 134100 133100 132100 131100 130100 129100 128100 127100 126100 125100 124100 123100 122100 121100 120100 119100 118100 117100 116100 115100 114100 113100 112100 111100 110100 109100 108100 107100 106100 105100 104100 103100 102100 101100 100100 99100 98100 97100 96100 95100 94100 93100 92100 91100 90100 89100 88100 87100 86100 85100 84100 83100 82100 81100 80100 79100 78100 77100 76100 75100 74100 73100 72100 71100 70100 69100 68100 67100 66100 65100 64100 63100 62100 61100 60100 59100 58100 57100 56100 55100 54100 53100 52100 51100 50100 49100 48100 47100 46100 45100 44100 43100 42100 41100 40100 39100 38100 37100 36100 35100 34100 33100
139100 138100 137100 136100 135100 134100 133100 132100 131100 130100 129100 128100 127100 126100 125100 124100 123100 122100 121100 120100 119100 118100 117100 116100 115100 114100 113100 112100 111100 110100 109100 108100 107100 106100 105100 104100 103100 102100 101100 100100 99100 98100 97100 96100 95100 94100 93100 92100 91100 90100 89100 88100 87100 86100 85100 84100 83100 82100 81100 80100 79100 78100 77100 76100 75100 74100 73100 72100 71100 70100 69100 68100 67100 66100 65100 64100 63100 62100 61100 60100 59100 58100 57100 56100 55100 54100 53100 52100 51100 50100 49100 48100 47100 46100 45100 44100 43100 42100 41100 40100 39100 38100 37100 36100 35100 34100
140100 139100 138100 137100 136100 135100 134100 133100 132100 131100 130100 129100 128100 127100 126100 125100 124100 123100 122100 121100 120100 119100 118100 117100 116100 115100 114100 113100 112100 111100 110100 109100 108100 107100 106100 105100 104100 103100 102100 101100 100100 99100 98100 97100 96100 95100 94100 93100 92100 91100 90100 89100 88100 87100 86100 85100 84100 83100 82100 81100 80100 79100 78100 77100 76100 75100 74100 73100 72100 71100 70100 69100 68100 67100 66100 65100 64100 63100 62100 61100 60100 59100 58100 57100 56100 55100 54100 53100 52100 51100 50100 49100 48100 47100 46100 45100 44100 43100 42100 41100 40100 39100 38100 37100 36100 35100
141100 140100 139100 138100 137100 136100 135100 134100 133100 132100 131100 130100 129100 128100 127100 126100 125100 124100 123100 122100 121100 120100 119100 118100 117100 116100 115100 114100 113100 112100 111100 110100 109100 108100 107100 106100 105100 104100 103100 102100 101100 100100 99100 98100 97100 96100 95100 94100 93100 92100 91100 90100 89100 88100 87100 86100 85100 84100 83100 82100 81100 80100 79100 78100 77100 76100 75100 74100 73100 72100 71100 70100 69100 68100 67100 66100 65100 64100 63100 62100 61100 60100 59100 58100 57100 56100 55100 54100 53100 52100 51100 50100 49100 48100 47100 46100 45100 44100 43100 42100 41100 40100 39100 38100 37100 36100
142100 141100 140100 139100 138100 137100 136100 135100 134100 133100 132100 131100 130100 129100 128100 127100 126100 125100 124100 123100 122100 121100 120100 119100 118100 117100 116100 115100 114100 113100 112100 111100 110100 109100 108100 107100 106100 105100 104100 103100 102100 101100 100100 99100 98100 97100 96100 95100 94100 93100 92100 91100 90100 89100 88100 87100 86100 85100 84100 83100 82100 81100 80100 79100 78100 77100 76100 75100 74100 73100 72100 71100 70100 69100 68100 67100 66100 65100 64100 63100 62100 61100 60100 59100 58100 57100 56100 55100 54100 53100 52100 51100 50100 49100 48100 47100 46100 45100 44100 43100 42100 41100 40100 39100 38100 37100
143100 142100 141100 140100 139100 138100 137100 136100 135100 134100 133100 132100 131100 130100 129100 128100 127100 126100 125100 124100 123100 122100 121100 120100 119100 118100 117100 116100 115100 114100 113100 112100 111100 110100 109100 108100 107100 106100 105100 104100 103100 102100 101100 100100 99100 98100 97100 96100 95100 94100 93100 92100 91100 90100 89100 88100 87100 86100 85100 84100 83100 82100 81100 80100 79100 78100 77100 76100 75100 74100 73100 72100 71100 70100 69100 68100 67100 66100 65100 64100 63100 62100 61100 60100 59100 58100 57100 56100 55100 54100 53100 52100 51100 50100 49100 48100 47100 46100 45100 44100 43100 42100 41100 40100 39100 38100
144100 143100 142100 141100 140100 139100 138100 137100 136100 135100 134100 133100 132100 131100 130100 129100 128100 127100 126100 125100 124100 123100 122100 121100 120100 119100 118100 117100 116100 115100 114100 113100 112100 111100 110100 109100 108100 107100 106100 105100 104100 103100 102100 101100 100100 99100 98100 97100 96100 95100 94100 93100 92100 91100 90100 89100 88100 87100 86100 85100 84100 83100 82100 81100 80100 79100 78100 77100 76100 75100 74100 73100 72100 71100 70100 69100 68100 67100 66100 65100 64100 63100 62100 61100 60100 59100 58100 57100 56100 55100 54100 53100 52100 51100 50100 49100 48100 47100 46100 45100 44100 43100 42100 41100 40100 39100
145100 144100 143100 142100 141100 140100 139100 138100 137100 136100 135100 134100 133100 132100 131100 130100 129100 128100 127100 126100 125100 124100 123100 122100 121100 120100 119100 118100 117100 116100 115100 114100 113100 112100 111100 110100 109100 108100 107100 106100 105100 104100 103100 102100 101100 100100 99100 98100 97100 96100 95100 94100 93100 92100 91100 90100 89100 88100 87100 86100 85100 84100 83100 82100 81100 80100 79100 78100 77100 76100 75100 74100 73100 72100 71100 70100 69100 68100 67100 66100 65100 64100 63100 62100 61100 60100 59100 58100 57100 56100 55100 54100 53100 52100 51100 50100 49100 48100 47100 46100 45100 44100 43100 42100 41100 40100
146100 145100 144100 143100 142100 141100 140100 139100 138100 137100 136100 135100 134100 133100 132100 131100 130100 129100 128100 127100 126100 125100 124100 123100 122100 121100 120100 119100 118100 117100 116100 115100 114100 113100 112100 111100 110100 109100 108100 107100 106100 105100 104100 103100 102100 101100 100100 99100 98100 97100 96100 95100 94100 93100 92100 91100 90100 89100 88100 87100 86100 85100 84100 83100 82100 81100 80100 79100 78100 77100 76100 75100 74100 73100 72100 71100 70100 69100 68100 67100 66100 65100 64100 63100 62100 61100 60100 59100 58100 57100 56100 55100 54100 53100 52100 51100 50100 49100 48100 47100 46100 45100 44100 43100 42100 41100
147100 146100 145100 144100 143100 142100 141100 140100 139100 138100 137100 136100 135100 134100 133100 132100 131100 130100 129100 128100 127100 126100 125100 124100 123100 122100 121100 120100 119100 118100 117100 116100 115100 114100 113100 112100 111100 110100 109100 108100 107100 106100 105100 104100 103100 102100 101100 100100 99100 98100 97100 96100 95100 94100 93100 92100 91100 90100 89100 88100 87100 86100 85100 84100 83100 82100 81100 80100 79100 78100 77100 76100 75100 74100 73100 72100 71100 70100 69100 68100 67100 66100 65100 64100 63100 62100 61100 60100 59100 58100 57100 56100 55100 54100 53100 52100 51100 50100 49100 48100 47100 46100 45100 44100 43100 42100
148100 147100 146100 145100 144100 143100 142100 141100 140100 139100 138100 137100 136100 135100 134100 133100 132100 131100 130100 129100 128100 127100 126100 125100 124100 123100 122100 121100 120100 119100 118100 117100 116100 115100 114100 113100 112100 111100 110100 109100 108100 107100 106100 105100 104100 103100 102100 101100 100100 99100 98100 97100 96100 95100 94100 93100 92100 91100 90100 89100 88100 87100 86100 85100 84100 83100 82100 81100 80100 79100 78100 77100 76100 75100 74100 73100 72100 71100 70100 69100 68100 67100 66100 65100 64100 63100 62100 61100 60100 59100 58100 57100 56100 55100 54100 53100 52100 51100 50100 49100 48100 47100 46100 45100 44100 43100
149100 148100 147100 146100 145100 144100 143100 142100 141100 140100 139100 138100 137100 136100 135100 134100 133100 132100 131100 130100 129100 128100 127100 126100 125100 124100 123100 122100 121100 120100 119100 118100 117100 116100 115100 114100 113100 112100 111100 110100 109100 108100 107100 106100 105100 104100 103100 102100 101100 100100 99100 98100 97100 96100 95100 94100 93100 92100 91100 90100 89100 88100 87100 86100 85100 84100 83100 82100 81100 80100 79100 78100 77100 76100 75100 74100 73100 72100 71100 70100 69100 68100 67100 66100 65100 64100 63100 62100 61100 60100 59100 58100 57100 56100 55100 54100 53100 52100 51100 50100 49100 48100 47100 46100 45100 44100
150100 149100 148100 147100 146100 145100 144100 143100 142100 141100 140100 139100 138100 137100 136100 135100 134100 133100 132100 131100 130100 129100 128100 127100 126100 125100 124100 123100 122100 121100 120100 119100 118100 117100 116100 115100 114100 113100 112100 111100 110100 109100 108100 107100 106100 105100 104100 103100 102100 101100 100100 99100 98100 97100 96100 95100 94100 93100 92100 91100 90100 89100 88100 87100 86100 85100 84100 83100 82100 81100 80100 79100 78100 77100 76100 75100 74100 73100 72100 71100 70100 69100 68100 67100 66100 65100 64100 63100 62100 61100 60100 59100 58100 57100 56100 55100 54100 53100 52100 51100 50100 49100 48100 47100 46100 45100
151100 150100 149100 148100 147100 146100 145100 144100 143100 142100 141100 140100 139100 138100 137100 136100 135100 134100 133100 132100 131100 130100 129100 128100 127100 126100 125100 124100 123100 122100 121100 120100 119100 118100 117100 116100 115100 114100 113100 112100 111100 110100 109100 108100 107100 106100 105100 104100 103100 102100 101100 100100 99100 98100 97100 96100 95100 94100 93100 92100 91100 90100 89100 88100 87100 86100 85100 84100 83100 82100 81100 80100 79100 78100 77100 76100 75100 74100 73100 72100 71100 70100 69100 68100 67100 66100 65100 64100 63100 62100 61100 60100 59100 58100 57100 56100 55100 54100 53100 52100 51100 50100 49100 48100 47100 46100
152100 151100 150100 149100 148100 147100 146100 145100 144100 143100 142100 141100 140100 139100 138100 137100 136100 135100 134100 133100 132100 131100 130100 129100 128100 127100 126100 125100 124100 123100 122100 121100 120100 119100 118100 117100 116100 115100 114100 113100 112100 111100 110100 109100 108100 107100 106100 105100 104100 103100 102100 101100 100100 99100 98100 97100 96100 95100 94100 93100 92100 91100 90100 89100 88100 87100 86100 85100 84100 83100 82100 81100 80100 79100 78100 77100 76100 75100 74100 73100 72100 71100 70100 69100 68100 67100 66100 65100 64100 63100 62100 61100 60100 59100 58100 57100 56100 55100 54100 53100 52100 51100 50100 49100 48100 47100
153100 152100 151100 150100 149100 148100 147100 146100 145100 144100 143100 142100 141100 140100 139100 138100 137100 136100 135100 134100 133100 132100 131100 130100 129100 128100 127100 126100 125100 124100 123100 122100 121100 120100 119100 118100 117100 116100 115100 114100 113100 112100 111100 110100 109100 108100 107100 106100 105100 104100 103100 102100 101100 100100 99100 98100 97100 96100 95100 94100 93100 92100 91100 90100 89100 88100 87100 86100 85100 84100 83100 82100 81100 80100 79100 78100 77100 76100 75100 74100 73100 72100 71100 70100 69100 68100 67100 66100 65100 64100 63100 62100 61100 60100 59100 58100 57100 56100 55100 54100 53100 52100 51100 50100 49100 48100
154100 153100 152100 151100 150100 149100 148100 147100 146100 145100 144100 143100 142100 141100 140100 139100 138100 137100 136100 135100 134100 133100 132100 131100 130100 129100 128100 127100 126100 125100 124100 123100 122100 121100 120100 119100 118100 117100 116100 115100 114100 113100 112100 111100 110100 109100 108100 107100 106100 105100 104100 103100 102100 101100 100100 99100 98100 97100 96100 95100 94100 93100 92100 91100 90100 89100 88100 87100 86100 85100 84100 83100 82100 81100 80100 79100 78100 77100 76100 75100 74100 73100 72100 71100 70100 69100 68100 67100 66100 65100 64100 63100 62100 61100 60100 59100 58100 57100 56100 55100 54100 53100 52100 51100 50100 49100
155100 154100 153100 152100 151100 150100 149100 148100 147100 146100 145100 144100 143100 142100 141100 140100 139100 138100 137100 136100 135100 134100 133100 132100 131100 130100 129100 128100 127100 126100 125100 124100 123100 122100 121100 120100 119100 118100 117100 116100 115100 114100 113100 112100 111100 110100 109100 108100 107100 106100 105100 104100 103100 102100 101100 100100 99100 98100 97100 96100 95100 94100 93100 92100 91100 90100 89100 88100 87100 86100 85100 84100 83100 82100 81100 80100 79100 78100 77100 76100 75100 74100 73100 72100 71100 70100 69100 68100 67100 66100 65100 64100 63100 62100 61100 60100 59100 58100 57100 56100 55100 54100 53100 52100 51100 50100
156100 155100 154100 153100 152100 151100 150100 149100 148100 147100 146100 145100 144100 143100 142100 141100 140100 139100 138100 137100 136100 135100 134100 133100 132100 131100 130100 129100 128100 127100 126100 125100 124100 123100 122100 121100 120100 119100 118100 117100 116100 115100 114100 113100 112100 111100 110100 109100 108100 107100 106100 105100 104100 103100 102100 101100 100100 99100 98100 97100 96100 95100 94100 93100 92100 91100 90100 89100 88100 87100 86100 85100 84100 83100 82100 81100 80100 79100 78100 77100 76100 75100 74100 73100 72100 71100 70100 69100 68100 67100 66100 65100 64100 63100 62100 61100 60100 59100 58100 57100 56100 55100 54100 53100 52100 51100
157100 156100 155100 154100 153100 152100 151100 150100 149100 148100 147100 146100 145100 144100 143100 142100 141100 140100 139100 138100 137100 136100 135100 134100 133100 132100 131100 130100 129100 128100 127100 126100 125100 124100 123100 122100 121100 120100 119100 118100 117100 116100 115100 114100 113100 112100 111100 110100 109100 108100 107100 106100 105100 104100 103100 102100 101100 100100 99100 98100 97100 96100 95100 94100 93100 92100 91100 90100 89100 88100 87100 86100 85100 84100 83100 82100 81100 80100 79100 78100 77100 76100 75100 74100 73100 72100 71100 70100 69100 68100 67100 66100 65100 64100 63100 62100 61100 60100 59100 58100 57100 56100 55100 54100 53100 52100
158100 157100 156100 155100 154100 153100 152100 151100 150100 149100 148100 147100 146100 145100 144100 143100 142100 141100 140100 139100 138100 137100 136100 135100 134100 133100 132100 131100 130100 129100 128100 127100 126100 125100 124100 123100 122100 121100 120100 119100 118100 117100 116100 115100 114100 113100 112100 111100 110100 109100 108100 107100 106100 105100 104100 103100 102100 101100 100100 99100 98100 97100 96100 95100 94100 93100 92100 91100 90100 89100 88100 87100 86100 85100 84100 83100 82100 81100 80100 79100 78100 77100 76100 75100 74100 73100 72100 71100 70100 69100 68100 67100 66100 65100 64100 63100 62100 61100 60100 59100 58100 57100 56100 55100 54100 53100
159100 158100 157100 156100 155100 154100 153100 152100 151100 150100 149100 148100 147100 146100 145100 144100 143100 142100 141100 140100 139100 138100 137100 136100 135100 134100 133100 132100 131100 130100 129100 128100 127100 126100 125100 124100 123100 122100 121100 120100 119100 118100 117100 116100 115100 114100 113100 112100 111100 110100 109100 108100 107100 106100 105100 104100 103100 102100 101100 100100 99100 98100 97100 96100 95100 94100 93100 92100 91100 90100 89100 88100 87100 86100 85100 84100 83100 82100 81100 80100 79100 78100 77100 76100 75100 74100 73100 72100 71100 70100 69100 68100 67100 66100 65100 64100 63100 62100 61100 60100 59100 58100 57100 56100 55100 54100
160100 159100 158100 157100 156100 155100 154100 153100 152100 151100 150100 149100 148100 147100 146100 145100 144100 143100 142100 141100 140100 139100 138100 137100 136100 135100 134100 133100 132100 131100 130100 129100 128100 127100 126100 125100 124100 123100 122100 121100 120100 119100 118100 117100 116100 115100 114100 113100 112100 111100 110100 109100 108100 107100 106100 105100 104100 103100 102100 101100 100100 99100 98100 97100 96100 95100 94100 93100 92100 91100 90100 89100 88100 87100 86100 85100 84100 83100 82100 81100 80100 79100 78100 77100 76100 75100 74100 73100 72100 71100 70100 69100 68100 67100 66100 65100 64100 63100 62100 61100 60100 59100 58100 57100 56100 55100
161100 160100 159100 158100 157100 156100 155100 154100 153100 152100 151100 150100 149100 148100 147100 146100 145100 144100 143100 142100 141100 140100 139100 138100 137100 136100 135100 134100 133100 132100 131100 130100 129100 128100 127100 126100 125100 124100 123100 122100 121100 120100 119100 118100 117100 116100 115100 114100 113100 112100 111100 110100 109100 108100 107100 106100 105100 104100 103100 102100 101100 100100 99100 98100 97100 96100 95100 94100 93100 92100 91100 90100 89100 88100 87100 86100 85100 84100 83100 82100 81100 80100 79100 78100 77100 76100 75100 74100 73100 72100 71100 70100 69100 68100 67100 66100 65100 64100 63100 62100 61100 60100 59100 58100 57100 56100
162100 161100 160100 159100 158100 157100 156100 155100 154100 153100 152100 151100 150100 149100 148100 147100 146100 145100 144100 143100 142100 141100 140100 139100 138100 137100 136100 135100 134100 133100 132100 131100 130100 129100 128100 127100 126100 125100 124100 123100 122100 121100 120100 119100 118100 117100 116100 115100 114100 113100 112100 111100 110100 109100 108100 107100 106100 105100 104100 103100 102100 101100 100100 99100 98100 97100 96100 95100 94100 93100 92100 91100 90100 89100 88100 87100 86100 85100 84100 83100 82100 81100 80100 79100 78100 77100 76100 75100 74100 73100 72100 71100 70100 69100 68100 67100 66100 65100 64100 63100 62100 61100 60100 59100 58100 57100
163100 162100 161100 160100 159100 158100 157100 156100 155100 154100 153100 152100 151100 150100 149100 148100 147100 146100 145100 144100 143100 142100 141100 140100 139100 138100 137100 136100 135100 134100 133100 132100 131100 130100 129100 128100 127100 126100 125100 124100 123100 122100 121100 120100 119100 118100 117100 116100 115100 114100 113100 112100 111100 110100 109100 108100 107100 106100 105100 104100 103100 102100 101100 100100 99100 98100 97100 96100 95100 94100 93100 92100 91100 90100 89100 88100 87100 86100 85100 84100 83100 82100 81100 80100 79100 78100 77100 76100 75100 74100 73100 72100 71100 70100 69100 68100 67100 66100 65100 64100 63100 62100 61100 60100 59100 58100
164100 163100 162100 161100 160100 159100 158100 157100 156100 155100 154100 153100 152100 151100 150100 149100 148100 147100 146100 145100 144100 143100 142100 141100 140100 139100 138100 137100 136100 135100 134100 133100 132100 131100 130100 129100 128100 127100 126100 125100 124100 123100 122100 121100 120100 119100 118100 117100 116100 115100 114100 113100 112100 111100 110100 109100 108100 107100 106100 105100 104100 103100 102100 101100 100100 99100 98100 97100 96100 95100 94100 93100 92100 91100 90100 89100 88100 87100 86100 85100 84100 83100 82100 81100 80100 79100 78100 77100 76100 75100 74100 73100 72100 71100 70100 69100 68100 67100 66100 65100 64100 63100 62100 61100 60100 59100
165100 164100 163100 162100 161100 160100 159100 158100 157100 156100 155100 154100 153100 152100 151100 150100 149100 148100 147100 146100 145100 144100 143100 142100 141100 140100 139100 138100 137100 136100 135100 134100 133100 132100 131100 130100 129100 128100 127100 126100 125100 124100 123100 122100 121100 120100 119100 118100 117100 116100 115100 114100 113100 112100 111100 110100 109100 108100 107100 106100 105100 104100 103100 102100 101100 100100 99100 98100 97100 96100 95100 94100 93100 92100 91100 90100 89100 88100 87100 86100 85100 84100 83100 82100 81100 80100 79100 78100 77100 76100 75100 74100 73100 72100 71100 70100 69100 68100 67100 66100 65100 64100 63100 62100 61100 60100
166100 165100 164100 163100 162100 161100 160100 159100 158100 157100 156100 155100 154100 153100 152100 151100 150100 149100 148100 147100 146100 145100 144100 143100 142100 141100 140100 139100 138100 137100 136100 135100 134100 133100 132100 131100 130100 129100 128100 127100 126100 125100 124100 123100 122100 121100 120100 119100 118100 117100 116100 115100 114100 113100 112100 111100 110100 109100 108100 107100 106100 105100 104100 103100 102100 101100 100100 99100 98100 97100 96100 95100 94100 93100 92100 91100 90100 89100 88100 87100 86100 85100 84100 83100 82100 81100 80100 79100 78100 77100 76100 75100 74100 73100 72100 71100 70100 69100 68100 67100 66100 65100 64100 63100 62100 61100
167100 166100 165100 164100 163100 162100 161100 160100 159100 158100 157100 156100 155100 154100 153100 152100 151100 150100 149100 148100 147100 146100 145100 144100 143100 142100 141100 140100 139100 138100 137100 136100 135100 134100 133100 132100 131100 130100 129100 128100 127100 126100 125100 124100 123100 122100 121100 120100 119100 118100 117100 116100 115100 114100 113100 112100 111100 110100 109100 108100 107100 106100 105100 104100 103100 102100 101100 100100 99100 98100 97100 96100 95100 94100 93100 92100 91100 90100 89100 88100 87100 86100 85100 84100 83100 82100 81100 80100 79100 78100 77100 76100 75100 74100 73100 72100 71100 70100 69100 68100 67100 66100 65100 64100 63100 62100
168100 167100 166100 165100 164100 163100 162100 161100 160100 159100 158100 157100 156100 155100 154100 153100 152100 151100 150100 149100 148100 147100 146100 145100 144100 143100 142100 141100 140100 139100 138100 137100 136100 135100 134100 133100 132100 131100 130100 129100 128100 127100 126100 125100 124100 123100 122100 121100 120100 119100 118100 117100 116100 115100 114100 113100 112100 111100 110100 109100 108100 107100 106100 105100 104100 103100 102100 101100 100100 99100 98100 97100 96100 95100 94100 93100 92100 91100 90100 89100 88100 87100 86100 85100 84100 83100 82100 81100 80100 79100 78100 77100 76100 75100 74100 73100 72100 71100 70100 69100 68100 67100 66100 65100 64100 63100
169100 168100 167100 166100 165100 164100 163100 162100 161100 160100 159100 158100 157100 156100 155100 154100 153100 152100 151100 150100 149100 148100 147100 146100 145100 144100 143100 142100 141100 140100 139100 138100 137100 136100 135100 134100 133100 132100 131100 130100 129100 128100 127100 126100 125100 124100 123100 122100 121100 120100 119100 118100 117100 116100 115100 114100 113100 112100 111100 110100 109100 108100 107100 106100 105100 104100 103100 102100 101100 100100 99100 98100 97100 96100 95100 94100 93100 92100 91100 90100 89100 88100 87100 86100 85100 84100 83100 82100 81100 80100 79100 78100 77100 76100 75100 74100 73100 72100 71100 70100 69100 68100 67100 66100 65100 64100
170100 169100 168100 167100 166100 165100 164100 163100 162100 161100 160100 159100 158100 157100 156100 155100 154100 153100 152100 151100 150100 149100 148100 147100 146100 145100 144100 143100 142100 141100 140100 139100 138100 137100 136100 135100 134100 133100 132100 131100 130100 129100 128100 127100 126100 125100 124100 123100 122100 121100 120100 119100 118100 117100 116100 115100 114100 113100 112100 111100 110100 109100 108100 107100 106100 105100 104100 103100 102100 101100 100100 99100 98100 97100 96100 95100 94100 93100 92100 91100 90100 89100 88100 87100 86100 85100 84100 83100 82100 81100 80100 79100 78100 77100 76100 75100 74100 73100 72100 71100 70100 69100 68100 67100 66100 65100
171100 170100 169100 168100 167100 166100 165100 164100 163100 162100 161100 160100 159100 158100 157100 156100 155100 154100 153100 152100 151100 150100 149100 148100 147100 146100 145100 144100 143100 142100 141100 140100 139100 138100 137100 136100 135100 134100 133100 132100 131100 130100 129100 128100 127100 126100 125100 124100 123100 122100 121100 120100 119100 118100 117100 116100 115100 114100 113100 112100 111100 110100 109100 108100 107100 106100 105100 104100 103100 102100 101100 100100 99100 98100 97100 96100 95100 94100 93100 92100 91100 90100 89100 88100 87100 86100 85100 84100 83100 82100 81100 80100 79100 78100 77100 76100 75100 74100 73100 72100 71100 70100 69100 68100 67100 66100
172100 171100 170100 169100 168100 167100 166100 165100 164100 163100 162100 161100 160100 159100 158100 157100 156100 155100 154100 153100 152100 151100 150100 149100 148100 147100 146100 145100 144100 143100 142100 141100 140100 139100 138100 137100 136100 135100 134100 133100 132100 131100 130100 129100 128100 127100 126100 125100 124100 123100 122100 121100 120100 119100 118100 117100 116100 115100 114100 113100 112100 111100 110100 109100 108100 107100 106100 105100 104100 103100 102100 101100 100100 99100 98100 97100 96100 95100 94100 93100 92100 91100 90100 89100 88100 87100 86100 85100 84100 83100 82100 81100 80100 79100 78100 77100 76100 75100 74100 73100 72100 71100 70100 69100 68100 67100
173100 172100 171100 170100 169100 168100 167100 166100 165100 164100 163100 162100 161100 160100 159100 158100 157100 156100 155100 154100 153100 152100 151100 150100 149100 148100 147100 146100 145100 144100 143100 142100 141100 140100 139100 138100 137100 136100 135100 134100 133100 132100 131100 130100 129100 128100 127100 126100 125100 124100 123100 122100 121100 120100 119100 118100 117100 116100 115100 114100 113100 112100 111100 110100 109100 108100 107100 106100 105100 104100 103100 102100 101100 100100 99100 98100 97100 96100 95100 94100 93100 92100 91100 90100 89100 88100 87100 86100 85100 84100 83100 82100 81100 80100 79100 78100 77100 76100 75100 74100 73100 72100 71100 70100 69100 68100
174100 173100 172100 171100 170100 169100 168100 167100 166100 165100 164100 163100 162100 161100 160100 159100 158100 157100 156100 155100 154100 153100 152100 151100 150100 149100 148100 147100 146100 145100 144100 143100 142100 141100 140100 139100 138100 137100 136100 135100 134100 133100 132100 131100 130100 129100 128100 127100 126100 125100 124100 123100 122100 121100 120100 119100 118100 117100 116100 115100 114100 113100 112100 111100 110100 109100 108100 107100 106100 105100 104100 103100 102100 101100 100100 99100 98100 97100 96100 95100 94100 93100 92100 91100 90100 89100 88100 87100 86100 85100 84100 83100 82100 81100 80100 79100 78100 77100 76100 75100 74100 73100 72100 71100 70100 69100
175100 174100 173100 172100 171100 170100 169100 168100 167100 166100 165100 164100 163100 162100 161100 160100 159100 158100 157100 156100 155100 154100 153100 152100 151100 150100 149100 148100 147100 146100 145100 144100 143100 142100 141100 140100 139100 138100 137100 136100 135100 134100 133100 132100 131100 130100 129100 128100 127100 126100 125100 124100 123100 122100 121100 120100 119100 118100 117100 116100 115100 114100 113100 112100 111100 110100 109100 108100 107100 106100 105100 104100 103100 102100 101100 100100 99100 98100 97100 96100 95100 94100 93100 92100 91100 90100 89100 88100 87100 86100 85100 84100 83100 82100 81100 80100 79100 78100 77100 76100 75100 74100 73100 72100 71100 70100
176100 175100 174100 173100 172100 171100 170100 169100 168100 167100 166100 165100 164100 163100 162100 161100 160100 159100 158100 157100 156100 155100 154100 153100 152100 151100 150100 149100 148100 147100 146100 145100 144100 143100 142100 141100 140100 139100 138100 137100 136100 135100 134100 133100 132100 131100 130100 129100 128100 127100 126100 125100 124100 123100 122100 121100 120100 119100 118100 117100 116100 115100 114100 113100 112100 111100 110100 109100 108100 107100 106100 105100 104100 103100 102100 101100 100100 99100 98100 97100 96100 95100 94100 93100 92100 91100 90100 89100 88100 87100 86100 85100 84100 83100 82100 81100 80100 79100 78100 77100 76100 75100 74100 73100 72100 71100
177100 176100 175100 174100 173100 172100 171100 170100 169100 168100 167100 166100 165100 164100 163100 162100 161100 160100 159100 158100 157100 156100 155100 154100 153100 152100 151100 150100 149100 148100 147100 146100 145100 144100 143100 142100 141100 140100 139100 138100 137100 136100 135100 134100 133100 132100 131100 130100 129100 128100 127100 126100 125100 124100 123100 122100 121100 120100 119100 118100 117100 116100 115100 114100 113100 112100 111100 110100 109100 108100 107100 106100 105100 104100 103100 102100 101100 100100 99100 98100 97100 96100 95100 94100 93100 92100 91100 90100 89100 88100 87100 86100 85100 84100 83100 82100 81100 80100 79100 78100 77100 76100 75100 74100 73100 72100
178100 177100 176100 175100 174100 173100 172100 171100 170100 169100 168100 167100 166100 165100 164100 163100 162100 161100 160100 159100 158100 157100 156100 155100 154100 153100 152100 151100 150100 149100 148100 147100 146100 145100 144100 143100 142100 141100 140100 139100 138100 137100 136100 135100 134100 133100 132100 131100 130100 129100 128100 127100 126100 125100 124100 123100 122100 121100 120100 119100 118100 117100 116100 115100 114100 113100 112100 111100 110100 109100 108100 107100 106100 105100 104100 103100 102100 101100 100100 99100 98100 97100 96100 95100 94100 93100 92100 91100 90100 89100 88100 87100 86100 85100 84100 83100 82100 81100 80100 79100 78100 77100 76100 75100 74100 73100
179100 178100 177100 176100 175100 174100 173100 172100 171100 170100 169100 168100 167100 166100 165100 164100 163100 162100 161100 160100 159100 158100 157100 156100 155100 154100 153100 152100 151100 150100 149100 148100 147100 146100 145100 144100 143100 142100 141100 140100 139100 138100 137100 136100 135100 134100 133100 132100 131100 130100 129100 128100 127100 126100 125100 124100 123100 122100 121100 120100 119100 118100 117100 116100 115100 114100 113100 112100 111100 110100 109100 108100 107100 106100 105100 104100 103100 102100 101100 100100 99100 98100 97100 96100 95100 94100 93100 92100 91100 90100 89100 88100 87100 86100 85100 84100 83100 82100 81100 80100 79100 78100 77100 76100 75100 74100
180100 179100 178100 177100 176100 175100 174100 173100 172100 171100 170100 169100 168100 167100 166100 165100 164100 163100 162100 161100 160100 159100 158100 157100 156100 155100 154100 153100 152100 151100 150100 149100 148100 147100 146100 145100 144100 143100 142100 141100 140100 139100 138100 137100 136100 135100 134100 133100 132100 131100 130100 129100 128100 127100 126100 125100 124100 123100 122100 121100 120100 119100 118100 117100 116100 115100 114100 113100 112100 111100 110100 109100 108100 107100 106100 105100 104100 103100 102100 101100 100100 99100 98100 97100 96100 95100 94100 93100 92100 91100 90100 89100 88100 87100 86100 85100 84100 83100 82100 81100 80100 79100 78100 77100 76100 75100
181100 180100 179100 178100 177100 176100 175100 174100 173100 172100 171100 170100 169100 168100 167100 166100 165100 164100 163100 162100 161100 160100 159100 158100 157100 156100 155100 154100 153100 152100 151100 150100 149100 148100 147100 146100 145100 144100 143100 142100 141100 140100 139100 138100 137100 136100 135100 134100 133100 132100 131100 130100 129100 128100 127100 126100 125100 124100 123100 122100 121100 120100 119100 118100 117100 116100 115100 114100 113100 112100 111100 110100 109100 108100 107100 106100 105100 104100 103100 102100 101100 100100 99100 98100 97100 96100 95100 94100 93100 92100 91100 90100 89100 88100 87100 86100 85100 84100 83100 82100 81100 80100 79100 78100 77100 76100
182100 181100 180100 179100 178100 177100 176100 175100 174100 173100 172100 171100 170100 169100 168100 167100 166100 165100 164100 163100 162100 161100 160100 159100 158100 157100 156100 155100 154100 153100 152100 151100 150100 149100 148100 147100 146100 145100 144100 143100 142100 141100 140100 139100 138100 137100 136100 135100 134100 133100 132100 131100 130100 129100 128100 127100 126100 125100 124100 123100 122100 121100 120100 119100 118100 117100 116100 115100 114100 113100 112100 111100 110100 109100 108100 107100 106100 105100 104100 103100 102100 101100 100100 99100 98100 97100 96100 95100 94100 93100 92100 91100 90100 89100 88100 87100 86100 85100 84100 83100 82100 81100 80100 79100 78100 77100
183100 182100 181100 180100 179100 178100 177100 176100 175100 174100 173100 172100 171100 170100 169100 168100 167100 166100 165100 164100 163100 162100 161100 160100 159100 158100 157100 156100 155100 154100 153100 152100 151100 150100 149100 148100 147100 146100 145100 144100 143100 142100 141100 140100 139100 138100 137100 136100 135100 134100 133100 132100 131100 130100 129100 128100 127100 126100 125100 124100 123100 122100 121100 120100 119100 118100 117100 116100 115100 114100 113100 112100 111100 110100 109100 108100 107100 106100 105100 104100 103100 102100 101100 100100 99100 98100 97100 96100 95100 94100 93100 92100 91100 90100 89100 88100 87100 86100 85100 84100 83100 82100 81100 80100 79100 78100
184100 183100 182100 181100 180100 179100 178100 177100 176100 175100 174100 173100 172100 171100 170100 169100 168100 167100 166100 165100 164100 163100 162100 161100 160100 159100 158100 157100 156100 155100 154100 153100 152100 151100 150100 149100 148100 147100 146100 145100 144100 143100 142100 141100 140100 139100 138100 137100 136100 135100 134100 133100 132100 131100 130100 129100 128100 127100 126100 125100 124100 123100 122100 121100 120100 119100 118100 117100 116100 115100 114100 113100 112100 111100 110100 109100 108100 107100 106100 105100 104100 103100 102100 101100 100100 99100 98100 97100 96100 95100 94100 93100 92100 91100 90100 89100 88100 87100 86100 85100 84100 83100 82100 81100 80100 79100
185100 184100 183100 182100 181100 180100 179100 178100 177100 176100 175100 174100 173100 172100 171100 170100 169100 168100 167100 166100 165100 164100 163100 162100 161100 160100 159100 158100 157100 156100 155100 154100 153100 152100 151100 150100 149100 148100 147100 146100 145100 144100 143100 142100 141100 140100 139100 138100 137100 136100 135100 134100 133100 132100 131100 130100 129100 128100 127100 126100 125100 124100 123100 122100 121100 120100 119100 118100 117100 116100 115100 114100 113100 112100 111100 110100 109100 108100 107100 106100 105100 104100 103100 102100 101100 100100 99100 98100 97100 96100 95100 94100 93100 92100 91100 90100 89100 88100 87100 86100 85100 84100 83100 82100 81100 80100
186100 185100 184100 183100 182100 181100 180100 179100 178100 177100 176100 175100 174100 173100 172100 171100 170100 169100 168100 167100 166100 165100 164100 163100 162100 161100 160100 159100 158100 157100 156100 155100 154100 153100 152100 151100 150100 149100 148100 147100 146100 145100 144100 143100 142100 141100 140100 139100 138100 137100 136100 135100 134100 133100 132100 131100 130100 129100 128100 127100 126100 125100 124100 123100 122100 121100 120100 119100 118100 117100 116100 115100 114100 113100 112100 111100 110100 109100 108100 107100 106100 105100 104100 103100 102100 101100 100100 99100 98100 97100 96100 95100 94100 93100 92100 91100 90100 89100 88100 87100 86100 85100 84100 83100 82100 81100
187100 186100 185100 184100 183100 182100 181100 180100 179100 178100 177100 176100 175100 174100 173100 172100 171100 170100 169100 168100 167100 166100 165100 164100 163100 162100 161100 160100 159100 158100 157100 156100 155100 154100 153100 152100 151100 150100 149100 148100 147100 146100 145100 144100 143100 142100 141100 140100 139100 138100 137100 136100 135100 134100 133100 132100 131100 130100 129100 128100 127100 126100 125100 124100 123100 122100 121100 120100 119100 118100 117100 116100 115100 114100 113100 112100 111100 110100 109100 108100 107100 106100 105100 104100 103100 102100 101100 100100 99100 98100 97100 96100 95100 94100 93100 92100 91100 90100 89100 88100 87100 86100 85100 84100 83100 82100
188100 187100 186100 185100 184100 183100 182100 181100 180100 179100 178100 177100 176100 175100 174100 173100 172100 171100 170100 169100 168100 167100 166100 165100 164100 163100 162100 161100 160100 159100 158100 157100 156100 155100 154100 153100 152100 151100 150100 149100 148100 147100 146100 145100 144100 143100 142100 141100 140100 139100 138100 137100 136100 135100 134100 133100 132100 131100 130100 129100 128100 127100 126100 125100 124100 123100 122100 121100 120100 119100 118100 117100 116100 115100 114100 113100 112100 111100 110100 109100 108100 107100 106100 105100 104100 103100 102100 101100 100100 99100 98100 97100 96100 95100 94100 93100 92100 91100 90100 89100 88100 87100 86100 85100 84100 83100
189100 188100 187100 186100 185100 184100 183100 182100 181100 180100 179100 178100 177100 176100 175100 174100 173100 172100 171100 170100 169100 168100 167100 166100 165100 164100 163100 162100 161100 160100 159100 158100 157100 156100 155100 154100 153100 152100 151100 150100 149100 148100 147100 146100 145100 144100 143100 142100 141100 140100 139100 138100 137100 136100 135100 134100 133100 132100 131100 130100 129100 128100 127100 126100 125100 124100 123100 122100 121100 120100 119100 118100 117100 116100 115100 114100 113100 112100 111100 110100 109100 108100 107100 106100 105100 104100 103100 102100 101100 100100 99100 98100 97100 96100 95100 94100 93100 92100 91100 90100 89100 88100 87100 86100 85100 84100
190100 189100 188100 187100 186100 185100 184100 183100 182100 181100 180100 179100 178100 177100 176100 175100 174100 173100 172100 171100 170100 169100 168100 167100 166100 165100 164100 163100 162100 161100 160100 159100 158100 157100 156100 155100 154100 153100 152100 151100 150100 149100 148100 147100 146100 145100 144100 143100 142100 141100 140100 139100 138100 137100 136100 135100 134100 133100 132100 131100 130100 129100 128100 127100 126100 125100 124100 123100 122100 121100 120100 119100 118100 117100 116100 115100 114100 113100 112100 111100 110100 109100 108100 107100 106100 105100 104100 103100 102100 101100 100100 99100 98100 97100 96100 95100 94100 93100 92100 91100 90100 89100 88100 87100 86100 85100
191100 190100 189100 188100 187100 186100 185100 184100 183100 182100 181100 180100 179100 178100 177100 176100 175100 174100 173100 172100 171100 170100 169100 168100 167100 166100 165100 164100 163100 162100 161100 160100 159100 158100 157100 156100 155100 154100 153100 152100 151100 150100 149100 148100 147100 146100 145100 144100 143100 142100 141100 140100 139100 138100 137100 136100 135100 134100 133100 132100 131100 130100 129100 128100 127100 126100 125100 124100 123100 122100 121100 120100 119100 118100 117100 116100 115100 114100 113100 112100 111100 110100 109100 108100 107100 106100 105100 104100 103100 102100 101100 100100 99100 98100 97100 96100 95100 94100 93100 92100 91100 90100 89100 88100 87100 86100
192100 191100 190100 189100 188100 187100 186100 185100 184100 183100 182100 181100 180100 179100 178100 177100 176100 175100 174100 173100 172100 171100 170100 169100 168100 167100 166100 165100 164100 163100 162100 161100 160100 159100 158100 157100 156100 155100 154100 153100 152100 151100 150100 149100 148100 147100 146100 145100 144100 143100 142100 141100 140100 139100 138100 137100 136100 135100 134100 133100 132100 131100 130100 129100 128100 127100 126100 125100 124100 123100 122100 121100 120100 119100 118100 117100 116100 115100 114100 113100 112100 111100 110100 109100 108100 107100 106100 105100 104100 103100 102100 101100 100100 99100 98100 97100 96100 95100 94100 93100 92100 91100 90100 89100 88100 87100
193100 192100 191100 190100 189100 188100 187100 186100 185100 184100 183100 182100 181100 180100 179100 178100 177100 176100 175100 174100 173100 172100 171100 170100 169100 168100 167100 166100 165100 164100 163100 162100 161100 160100 159100 158100 157100 156100 155100 154100 153100 152100 151100 150100 149100 148100 147100 146100 145100 144100 143100 142100 141100 140100 139100 138100 137100 136100 135100 134100 133100 132100 131100 130100 129100 128100 127100 126100 125100 124100 123100 122100 121100 120100 119100 118100 117100 116100 115100 114100 113100 112100 111100 110100 109100 108100 107100 106100 105100 104100 103100 102100 101100 100100 99100 98100 97100 96100 95100 94100 93100 92100 91100 90100 89100 88100
194100 193100 192100 191100 190100 189100 188100 187100 186100 185100 184100 183100 182100 181100 180100 179100 178100 177100 176100 175100 174100 173100 172100 171100 170100 169100 168100 167100 166100 165100 164100 163100 162100 161100 160100 159100 158100 157100 156100 155100 154100 153100 152100 151100 150100 149100 148100 147100 146100 145100 144100 143100 142100 141100 140100 139100 138100 137100 136100 135100 134100 133100 132100 131100 130100 129100 128100 127100 126100 125100 124100 123100 122100 121100 120100 119100 118100 117100 116100 115100 114100 113100 112100 111100 110100 109100 108100 107100 106100 105100 104100 103100 102100 101100 100100 99100 98100 97100 96100 95100 94100 93100 92100 91100 90100 89100
195100 194100 193100 192100 191100 190100 189100 188100 187100 186100 185100 184100 183100 182100 181100 180100 179100 178100 177100 176100 175100 174100 173100 172100 171100 170100 169100 168100 167100 166100 165100 164100 163100 162100 161100 160100 159100 158100 157100 156100 155100 154100 153100 152100 151100 150100 149100 148100 147100 146100 145100 144100 143100 142100 141100 140100 139100 138100 137100 136100 135100 134100 133100 132100 131100 130100 129100 128100 127100 126100 125100 124100 123100 122100 121100 120100 119100 118100 117100 116100 115100 114100 113100 112100 111100 110100 109100 108100 107100 106100 105100 104100 103100 102100 101100 100100 99100 98100 97100 96100 95100 94100 93100 92100 91100 90100
196100 195100 194100 193100 192100 191100 190100 189100 188100 187100 186100 185100 184100 183100 182100 181100 180100 179100 178100 177100 176100 175100 174100 173100 172100 171100 170100 169100 168100 167100 166100 165100 164100 163100 162100 161100 160100 159100 158100 157100 156100 155100 154100 153100 152100 151100 150100 149100 148100 147100 146100 145100 144100 143100 142100 141100 140100 139100 138100 137100 136100 135100 134100 133100 132100 131100 130100 129100 128100 127100 126100 125100 124100 123100 122100 121100 120100 119100 118100 117100 116100 115100 114100 113100 112100 111100 110100 109100 108100 107100 106100 105100 104100 103100 102100 101100 100100 99100 98100 97100 96100 95100 94100 93100 92100 91100
197100 196100 195100 194100 193100 192100 191100 190100 189100 188100 187100 186100 185100 184100 183100 182100 181100 180100 179100 178100 177100 176100 175100 174100 173100 172100 171100 170100 169100 168100 167100 166100 165100 164100 163100 162100 161100 160100 159100 158100 157100 156100 155100 154100 153100 152100 151100 150100 149100 148100 147100 146100 145100 144100 143100 142100 141100 140100 139100 138100 137100 136100 135100 134100 133100 132100 131100 130100 129100 128100 127100 126100 125100 124100 123100 122100 121100 120100 119100 118100 117100 116100 115100 114100 113100 112100 111100 110100 109100 108100 107100 106100 105100 104100 103100 102100 101100 100100 99100 98100 97100 96100 95100 94100 93100 92100
198100 197100 196100 195100 194100 193100 192100 191100 190100 189100 188100 187100 186100 185100 184100 183100 182100 181100 180100 179100 178100 177100 176100 175100 174100 173100 172100 171100 170100 169100 168100 167100 166100 165100 164100 163100 162100 161100 160100 159100 158100 157100 156100 155100 154100 153100 152100 151100 150100 149100 148100 147100 146100 145100 144100 143100 142100 141100 140100 139100 138100 137100 136100 135100 134100 133100 132100 131100 130100 129100 128100 127100 126100 125100 124100 123100 122100 121100 120100 119100 118100 117100 116100 115100 114100 113100 112100 111100 110100 109100 108100 107100 106100 105100 104100 103100 102100 101100 100100 99100 98100 97100 96100 95100 94100 93100
199100 198100 197100 196100 195100 194100 193100 192100 191100 190100 189100 188100 187100 186100 185100 184100 183100 182100 181100 180100 179100 178100 177100 176100 175100 174100 173100 172100 171100 170100 169100 168100 167100 166100 165100 164100 163100 162100 161100 160100 159100 158100 157100 156100 155100 154100 153100 152100 151100 150100 149100 148100 147100 146100 145100 144100 143100 142100 141100 140100 139100 138100 137100 136100 135100 134100 133100 132100 131100 130100 129100 128100 127100 126100 125100 124100 123100 122100 121100 120100 119100 118100 117100 116100 115100 114100 113100 112100 111100 110100 109100 108100 107100 106100 105100 104100 103100 102100 101100 100100 99100 98100 97100 96100 95100 94100
200100 199100 198100 197100 196100 195100 194100 193100 192100 191100 190100 189100 188100 187100 186100 185100 184100 183100 182100 181100 180100 179100 178100 177100 176100 175100 174100 173100 172100 171100 170100 169100 168100 167100 166100 165100 164100 163100 162100 161100 160100 159100 158100 157100 156100 155100 154100 153100 152100 151100 150100 149100 148100 147100 146100 145100 144100 143100 142100 141100 140100 139100 138100 137100 136100 135100 134100 133100 132100 131100 130100 129100 128100 127100 126100 125100 124100 123100 122100 121100 120100 119100 118100 117100 116100 115100 114100 113100 112100 111100 110100 109100 108100 107100 106100 105100 104100 103100 102100 101100 100100 99100 98100 97100 96100 95100
201100 200100 199100 198100 197100 196100 195100 194100 193100 192100 191100 190100 189100 188100 187100 186100 185100 184100 183100 182100 181100 180100 179100 178100 177100 176100 175100 174100 173100 172100 171100 170100 169100 168100 167100 166100 165100 164100 163100 162100 161100 160100 159100 158100 157100 156100 155100 154100 153100 152100 151100 150100 149100 148100 147100 146100 145100 144100 143100 142100 141100 140100 139100 138100 137100 136100 135100 134100 133100 132100 131100 130100 129100 128100 127100 126100 125100 124100 123100 122100 121100 120100 119100 118100 117100 116100 115100 114100 113100 112100 111100 110100 109100 108100 107100 106100 105100 104100 103100 102100 101100 100100 99100 98100 97100 96100
202100 201100 200100 199100 198100 197100 196100 195100 194100 193100 192100 191100 190100 189100 188100 187100 186100 185100 184100 183100 182100 181100 180100 179100 178100 177100 176100 175100 174100 173100 172100 171100 170100 169100 168100 167100 166100 165100 164100 163100 162100 161100 160100 159100 158100 157100 156100 155100 154100 153100 152100 151100 150100 149100 148100 147100 146100 145100 144100 143100 142100 141100 140100 139100 138100 137100 136100 135100 134100 133100 132100 131100 130100 129100 128100 127100 126100 125100 124100 123100 122100 121100 120100 119100 118100 117100 116100 115100 114100 113100 112100 111100 110100 109100 108100 107100 106100 105100 104100 103100 102100 101100 100100 99100 98100 97100
203100 202100 201100 200100 199100 198100 197100 196100 195100 194100 193100 192100 191100 190100 189100 188100 187100 186100 185100 184100 183100 182100 181100 180100 179100 178100 177100 176100 175100 174100 173100 172100 171100 170100 169100 168100 167100 166100 165100 164100 163100 162100 161100 160100 159100 158100 157100 156100 155100 154100 153100 152100 151100 150100 149100 148100 147100 146100 145100 144100 143100 142100 141100 140100 139100 138100 137100 136100 135100 134100 133100 132100 131100 130100 129100 128100 127100 126100 125100 124100 123100 122100 121100 120100 119100 118100 117100 116100 115100 114100 113100 112100 111100 110100 109100 108100 107100 106100 105100 104100 103100 102100 101100 100100 99100 98100
204100 203100 202100 201100 200100 199100 198100 197100 196100 195100 194100 193100 192100 191100 190100 189100 188100 187100 186100 185100 184100 183100 182100 181100 180100 179100 178100 177100 176100 175100 174100 173100 172100 171100 170100 169100 168100 167100 166100 165100 164100 163100 162100 161100 160100 159100 158100 157100 156100 155100 154100 153100 152100 151100 150100 149100 148100 147100 146100 145100 144100 143100 142100 141100 140100 139100 138100 137100 136100 135100 134100 133100 132100 131100 130100 129100 128100 127100 126100 125100 124100 123100 122100 121100 120100 119100 118100 117100 116100 115100 114100 113100 112100 111100 110100 109100 108100 107100 106100 105100 104100 103100 102100 101100 100100 99100
205100 204100 203100 202100 201100 200100 199100 198100 197100 196100 195100 194100 193100 192100 191100 190100 189100 188100 187100 186100 185100 184100 183100 182100 181100 180100 179100 178100 177100 176100 175100 174100 173100 172100 171100 170100 169100 168100 167100 166100 165100 164100 163100 162100 161100 160100 159100 158100 157100 156100 155100 154100 153100 152100 151100 150100 149100 148100 147100 146100 145100 144100 143100 142100 141100 140100 139100 138100 137100 136100 135100 134100 133100 132100 131100 130100 129100 128100 127100 126100 125100 124100 123100 122100 121100 120100 119100 118100 117100 116100 115100 114100 113100 112100 111100 110100 109100 108100 107100 106100 105100 104100 103100 102100 101100 100100
206100 205100 204100 203100 202100 201100 200100 199100 198100 197100 196100 195100 194100 193100 192100 191100 190100 189100 188100 187100 186100 185100 184100 183100 182100 181100 180100 179100 178100 177100 176100 175100 174100 173100 172100 171100 170100 169100 168100 167100 166100 165100 164100 163100 162100 161100 160100 159100 158100 157100 156100 155100 154100 153100 152100 151100 150100 149100 148100 147100 146100 145100 144100 143100 142100 141100 140100 139100 138100 137100 136100 135100 134100 133100 132100 131100 130100 129100 128100 127100 126100 125100 124100 123100 122100 121100 120100 119100 118100 117100 116100 115100 114100 113100 112100 111100 110100 109100 108100 107100 106100 105100 104100 103100 102100 101100
207100 206100 205100 204100 203100 202100 201100 200100 199100 198100 197100 196100 195100 194100 193100 192100 191100 190100 189100 188100 187100 186100 185100 184100 183100 182100 181100 180100 179100 178100 177100 176100 175100 174100 173100 172100 171100 170100 169100 168100 167100 166100 165100 164100 163100 162100 161100 160100 159100 158100 157100 156100 155100 154100 153100 152100 151100 150100 149100 148100 147100 146100 145100 144100 143100 142100 141100 140100 139100 138100 137100 136100 135100 134100 133100 132100 131100 130100 129100 128100 127100 126100 125100 124100 123100 122100 121100 120100 119100 118100 117100 116100 115100 114100 113100 112100 111100 110100 109100 108100 107100 106100 105100 104100 103100 102100
208100 207100 206100 205100 204100 203100 202100 201100 200100 199100 198100 197100 196100 195100 194100 193100 192100 191100 190100 189100 188100 187100 186100 185100 184100 183100 182100 181100 180100 179100 178100 177100 176100 175100 174100 173100 172100 171100 170100 169100 168100 167100 166100 165100 164100 163100 162100 161100 160100 159100 158100 157100 156100 155100 154100 153100 152100 151100 150100 149100 148100 147100 146100 145100 144100 143100 142100 141100 140100 139100 138100 137100 136100 135100 134100 133100 132100 131100 130100 129100 128100 127100 126100 125100 124100 123100 122100 121100 120100 119100 118100 117100 116100 115100 114100 113100 112100 111100 110100 109100 108100 107100 106100 105100 104100 103100
209100 208100 207100 206100 205100 204100 203100 202100 201100 200100 199100 198100 197100 196100 195100 194100 193100 192100 191100 190100 189100 188100 187100 186100 185100 184100 183100 182100 181100 180100 179100 178100 177100 176100 175100 174100 173100 172100 171100 170100 169100 168100 167100 166100 165100 164100 163100 162100 161100 160100 159100 158100 157100 156100 155100 154100 153100 152100 151100 150100 149100 148100 147100 146100 145100 144100 143100 142100 141100 140100 139100 138100 137100 136100 135100 134100 133100 132100 131100 130100 129100 128100 127100 126100 125100 124100 123100 122100 121100 120100 119100 118100 117100 116100 115100 114100 113100 112100 111100 110100 109100 108100 107100 106100 105100 104100
210100 209100 208100 207100 206100 205100 204100 203100 202100 201100 200100 199100 198100 197100 196100 195100 194100 193100 192100 191100 190100 189100 188100 187100 186100 185100 184100 183100 182100 181100 180100 179100 178100 177100 176100 175100 174100 173100 172100 171100 170100 169100 168100 167100 166100 165100 164100 163100 162100 161100 160100 159100 158100 157100 156100 155100 154100 153100 152100 151100 150100 149100 148100 147100 146100 145100 144100 143100 142100 141100 140100 139100 138100 137100 136100 135100 134100 133100 132100 131100 130100 129100 128100 127100 126100 125100 124100 123100 122100 121100 120100 119100 118100 117100 116100 115100 114100 113100 112100 111100 110100 109100 108100 107100 106100 105100
211100 210100 209100 208100 207100 206100 205100 204100 203100 202100 201100 200100 199100 198100 197100 196100 195100 194100 193100 192100 191100 190100 189100 188100 187100 186100 185100 184100 183100 182100 181100 180100 179100 178100 177100 176100 175100 174100 173100 172100 171100 170100 169100 168100 167100 166100 165100 164100 163100 162100 161100 160100 159100 158100 157100 156100 155100 154100 153100 152100 151100 150100 149100 148100 147100 146100 145100 144100 143100 142100 141100 140100 139100 138100 137100 136100 135100 134100 133100 132100 131100 130100 129100 128100 127100 126100 125100 124100 123100 122100 121100 120100 119100 118100 117100 116100 115100 114100 113100 112100 111100 110100 109100 108100 107100 106100
