265 1
114
134
132
181
104
108
129
141
148
120
132
109
131
165
126
194
154
108
168
124
190
102
132
116
114
113
176
134
152
154
165
122
147
149
194
127
197
191
119
108
151
181
110
126
194
159
153
121
106
141
181
132
102
126
135
191
137
176
101
187
142
114
133
198
150
124
121
190
139
185
145
122
118
186
121
129
171
152
134
100
122
157
165
158
197
151
174
131
187
139
192
106
123
162
120
107
183
197
155
196
200
144
118
145
179
117
123
191
180
134
182
170
168
190
135
187
196
147
128
200
139
116
197
136
153
104
181
167
125
198
154
146
108
183
186
101
178
182
131
100
181
106
123
130
118
183
151
100
153
191
104
168
132
174
189
191
134
200
139
176
127
108
160
163
194
107
102
139
180
180
130
159
192
120
124
191
123
100
186
167
192
163
181
153
114
131
116
153
177
138
153
127
133
127
114
178
200
130
123
116
107
200
120
131
190
164
129
143
117
183
164
132
109
133
126
112
175
131
115
185
114
142
182
167
191
131
111
111
159
144
125
113
110
133
128
143
136
143
123
183
191
143
173
181
121
171
101
134
170
141
138
158
126
136
178
110
115
119
171
195
169
186
131
117
165
