130 1
1585
1706
1741
1945
1998
1063
1791
1171
1347
1103
1032
1889
1846
1150
1085
1242
1000
1614
1664
1820
1749
1271
1830
1858
1751
1834
1429
1923
1949
1174
1345
1042
1907
1492
1758
1673
1025
1534
1559
1179
1269
1262
1905
1306
1927
1872
1979
1143
1035
1641
1031
1801
1961
1178
1169
1469
1272
1726
1970
1265
1446
1594
1386
1714
1366
1994
1578
1388
1417
1677
1848
1691
1805
1008
1507
1766
1799
1391
1206
1444
1894
1176
1054
1349
1274
1429
1039
1211
1324
1038
1674
1055
1963
1410
1466
1229
1340
1942
1131
1418
1204
1780
1441
1474
1229
1407
1211
1766
1267
1692
1885
1003
1295
1795
1669
1487
1471
1151
1574
1324
1797
1220
1922
1972
1827
1112
1546
1960
1614
1468
