172 2
1741 1442
1191 1891
1438 1584
1176 1231
1050 1416
1170 1597
1902 1380
1478 1339
1671 1238
1995 1891
1952 1698
1290 1268
1526 1311
1412 1825
1638 1492
1115 1946
1212 1314
1958 1347
1721 1597
1069 1138
1298 1145
1292 1679
1010 1036
1013 1292
1288 1236
1694 1753
1361 1295
1833 1506
1870 1064
1218 1389
1787 1115
1043 1412
1278 1372
1657 1926
1825 1039
1451 1791
1118 1194
1257 1323
1708 1886
1655 1007
1356 1711
1913 1948
1181 1041
1258 1101
1429 1961
1707 1717
1475 1776
1383 1556
1060 1157
1101 1524
1395 1639
1860 1346
1313 1341
1379 1322
1741 1732
1751 1836
1066 1375
1305 1318
1032 1842
1382 1693
1835 1517
1674 1053
1540 1252
1731 1191
1421 1584
1754 1612
1270 1935
1267 1582
1889 1770
1124 1273
1798 1460
1747 1872
1553 1381
1419 1423
1753 1755
1199 1784
1844 1430
1680 1619
1212 1105
1462 1261
1169 1929
1347 1554
1881 1121
1177 1319
1553 1480
1223 1243
1140 1366
1277 1043
1003 1089
1301 1372
1739 1714
1617 1981
1167 1079
1100 1605
1376 1019
1500 1856
1894 1655
1638 1244
1418 1933
1164 1641
1588 1196
1556 1021
1634 1016
1304 1487
1568 1219
1501 1177
1798 1263
1038 1584
1847 1564
1025 1721
1662 1524
1570 1427
1473 1413
1027 1962
1580 1284
1357 1545
1116 1103
1148 1895
1878 1211
1108 1826
1612 1798
1719 1843
1034 1875
1841 1320
1478 1771
1460 1659
1654 1960
1605 1652
1257 1628
1102 1599
1683 1042
1084 1148
1894 1099
1954 1196
1206 1094
1507 1535
1456 1754
1311 1251
1700 1810
1755 1765
1394 1072
1336 1447
1856 1937
1083 1075
1553 1546
1083 1715
1324 1877
1794 1160
1380 1764
1811 1413
1830 1379
1214 1309
1906 1811
1298 1689
1136 1156
1333 1579
1146 1751
1609 1287
1647 1199
1887 1261
1382 1439
1538 1565
1595 1094
1500 1213
1679 1378
1994 1021
1945 1343
1290 1798
1372 1372
1370 1262
1598 1702
1776 1361
