17 19
446 473 516 473 487 413 444 518 442 524 539 553 558 499 484 544 577 458 508
427 516 523 504 564 599 464 501 426 554 537 587 490 524 521 448 565 452 422
402 437 509 558 423 412 483 579 456 464 500 441 409 492 463 528 565 504 580
433 521 534 585 519 499 468 485 498 499 570 550 434 468 502 410 531 526 491
518 469 401 400 412 493 426 400 569 538 439 560 415 523 505 449 466 401 563
582 413 409 449 418 440 519 436 464 436 477 532 588 408 504 520 550 581 411
438 437 558 559 470 585 407 439 576 452 581 483 533 453 522 553 591 549 478
420 551 469 525 416 557 534 507 452 554 592 570 585 478 510 508 573 485 567
401 589 459 423 581 595 523 414 553 490 582 450 427 420 509 515 518 467 557
486 415 429 441 571 501 474 520 415 499 496 527 592 534 457 560 480 450 412
486 595 458 569 422 467 541 553 562 568 425 472 471 548 573 545 474 538 449
545 401 592 580 534 546 529 556 488 543 468 531 450 555 430 471 578 461 462
531 439 597 582 594 488 412 526 553 472 592 597 409 424 546 404 590 593 454
535 498 426 599 523 448 488 444 589 553 576 557 504 412 452 474 576 500 477
427 477 408 502 578 532 572 441 545 438 457 547 417 538 481 425 528 410 464
587 518 596 505 592 554 461 502 488 559 592 510 541 554 588 497 511 479 554
597 463 494 459 494 587 463 585 424 482 563 583 466 438 460 487 504 541 421
