21 22
622 765 617 884 852 690 838 737 756 658 655 813 638 689 816 646 640 651 632 748 861 828
627 846 600 660 761 899 636 857 781 872 680 637 805 707 882 819 812 649 617 769 740 610
702 878 641 695 775 728 836 766 690 868 710 681 765 798 605 830 674 744 735 720 649 660
847 881 709 842 730 900 790 698 839 851 881 693 770 623 674 736 723 804 892 673 672 745
859 676 603 601 845 847 665 627 669 858 632 761 795 823 811 881 671 815 790 608 804 856
749 718 686 778 780 710 824 674 729 768 726 675 896 693 857 676 663 872 641 861 880 681
860 874 832 769 823 669 856 847 849 788 631 834 880 627 747 704 649 839 858 887 689 845
789 790 894 703 755 751 722 880 631 651 758 840 818 660 689 659 751 663 643 805 859 739
769 705 808 703 611 778 722 647 748 631 768 870 615 642 712 605 883 867 835 694 770 845
649 619 750 874 689 815 745 735 846 857 728 714 657 846 625 736 629 860 642 676 618 621
647 829 877 732 896 838 825 634 604 804 750 801 835 725 859 792 740 795 740 741 618 900
752 695 624 623 886 607 667 785 646 759 642 668 758 796 705 822 652 797 719 775 789 846
643 796 709 858 641 773 815 777 662 804 777 861 696 693 805 665 698 649 667 778 796 635
808 711 648 608 674 887 702 691 742 890 605 846 710 878 826 732 743 686 612 734 784 698
659 797 770 657 630 811 703 705 894 800 708 875 606 843 853 703 686 628 864 770 761 869
601 769 743 882 774 620 727 619 670 661 642 633 762 625 849 610 825 858 848 836 658 826
880 892 772 603 753 710 658 870 643 664 631 859 785 771 859 703 635 830 738 709 707 601
896 771 884 666 669 851 878 662 778 878 795 703 690 638 764 878 840 633 696 680 657 611
847 604 772 834 821 870 879 896 854 779 843 849 672 691 897 711 806 674 614 809 743 664
813 745 736 874 689 860 784 721 718 886 844 664 619 782 637 672 877 783 657 852 801 712
827 854 860 638 806 686 791 711 819 764 639 793 841 846 805 708 668 872 803 900 784 885
