35 37
1190 1010 876 1114 1184 839 932 1012 1079 832 1070 1040 1133 1174 925 919 940 1158 1071 886 1094 814 951 834 1172 915 1170 1179 865 1083 1185 1070 1113 1185 951 841 1079
829 1179 1043 1072 1190 825 1102 963 1160 1081 1059 1022 1159 1092 964 1091 912 1079 1007 860 1006 1005 1086 961 1187 1034 1126 876 975 1094 861 1020 1187 1092 1054 964 988
1128 1133 890 1094 1066 986 1174 863 969 1040 943 1161 1086 1090 863 835 922 839 989 949 1021 874 881 879 812 1151 1157 1160 1120 955 990 1085 1164 1154 844 1139 954
829 1148 1000 1122 1108 1106 906 845 901 1183 1152 1057 965 889 911 972 1090 1117 844 871 1077 1185 1184 1106 1198 1094 1121 1112 1025 871 1099 1163 1017 889 855 925 829
975 820 1101 1174 963 819 1079 1172 1045 924 899 871 1072 802 986 1182 1141 936 1093 862 1046 905 1073 890 970 937 921 1001 1084 873 1177 1200 1170 1173 804 1167 1153
971 852 997 859 1173 1075 800 1027 1015 1159 1083 1149 1163 1171 969 1127 838 980 1055 857 1019 987 881 952 881 917 1045 997 955 858 1044 1020 894 1139 993 1173 805
850 1141 1176 1145 909 930 1040 980 1019 1195 972 860 1020 1123 860 849 1076 1083 873 1116 1162 937 1171 994 1155 957 879 1075 855 981 1177 1145 1187 974 1164 992 989
971 866 1084 841 913 1154 902 1193 1085 1053 815 851 997 965 1171 862 1141 1177 1139 827 1173 1192 1061 1046 1032 934 1192 911 1080 1199 1033 834 1033 850 1153 875 984
1100 844 1085 1168 835 900 925 1180 1193 1171 1200 825 966 964 1122 1066 1156 996 1110 873 1008 993 1141 1107 912 1047 853 936 821 1012 1066 870 1010 991 1101 1145 932
1091 1167 906 1058 1173 857 976 956 1162 1014 1093 1115 922 886 1039 832 884 1035 964 929 1154 1095 801 912 1002 1173 1140 1045 905 965 973 1137 1002 930 828 1168 806
1105 1091 1146 1159 1172 935 871 845 893 930 820 857 1070 1145 898 1182 1080 917 1011 810 1174 944 1073 983 817 1050 907 905 1035 984 892 927 1112 1035 836 1087 908
957 896 847 1057 1076 888 1158 896 1179 871 805 1082 804 1101 859 919 996 1115 881 1154 1107 979 1065 1047 987 998 1059 1079 1098 1195 1194 1041 908 956 816 1030 965
860 1190 1177 1164 1029 998 809 869 1085 1082 1059 903 1177 852 1014 956 1150 905 1065 1110 1125 997 962 1063 806 822 1145 917 978 887 849 867 830 1187 915 1170 1192
1039 1109 1051 1075 970 1049 1075 878 1010 896 902 1198 870 918 1089 962 1007 1050 1188 898 1086 827 1030 1161 1071 973 1094 826 893 850 837 985 1116 1190 1182 1013 1190
873 818 953 1101 982 1109 1042 1108 1007 1017 933 1013 1193 926 890 1161 1098 991 1122 1197 924 1010 901 1126 1072 836 1029 936 876 1082 847 903 1188 836 856 965 942
998 926 888 1169 908 1021 819 1135 830 1129 1159 1088 1181 912 1079 943 1104 964 1159 1132 1123 986 1102 1073 829 953 1129 1184 1123 1196 920 1119 1056 982 911 803 855
925 883 1156 968 884 1027 1184 800 1091 879 1119 942 1137 1191 838 1123 876 947 869 858 1179 1147 1090 1124 854 1178 1188 992 988 808 1160 1063 1158 891 998 912 1024
927 1013 1034 1172 1087 849 983 911 890 906 1062 972 1114 920 1001 1159 1195 1138 974 1052 861 1147 878 1114 1137 901 865 1065 1177 892 1033 1060 843 811 929 864 817
830 974 1131 938 988 1013 1067 864 1011 878 984 1063 935 1130 1198 1149 1184 829 1151 1041 857 1042 1168 943 1071 914 942 1140 899 876 980 857 823 888 873 803 1001
1170 1090 1046 974 1177 974 895 862 1132 1131 1002 1114 821 994 1070 958 1113 981 1160 940 959 827 1035 899 1158 1117 925 893 1019 1097 1182 956 1022 1073 834 822 930
829 867 1156 901 1125 1072 1010 1108 1131 1200 887 1197 854 831 1049 829 1089 1051 841 947 1116 873 1138 977 1179 892 1172 817 941 1046 1176 1025 832 1182 1080 1105 874
1070 919 838 1006 1130 1150 1128 974 911 1028 1193 847 887 872 1153 895 1017 988 863 1121 969 1195 911 1076 864 1113 997 1193 911 1173 989 853 867 986 821 1065 1042
1070 1153 1017 935 1058 1171 1011 905 1043 1192 882 1124 898 814 1086 1021 897 1196 1071 886 1083 966 887 1056 1005 948 1132 989 1196 1129 916 1093 964 1133 1165 1030 1022
973 1163 1168 849 1110 1052 1082 1153 1117 1084 1184 1158 1026 1035 1145 950 1113 922 1200 1123 854 1133 1123 1013 1132 1129 1162 1105 1105 1155 1005 1163 1174 815 1017 845 892
1189 928 801 1189 1127 975 1040 811 1160 801 1134 1109 1076 883 1136 1039 1071 950 1034 1138 823 1166 950 994 931 1058 813 1022 854 811 826 934 956 1115 907 1170 824
896 1132 868 840 1089 1057 1052 1128 986 1052 987 1186 949 1014 957 1139 989 1172 1065 886 1027 1057 861 1154 876 858 961 979 956 1092 1068 1099 1163 817 876 1189 1143
931 856 822 852 921 976 1048 1134 1189 1075 1083 1087 818 837 1168 841 813 1112 828 849 1060 1002 1191 839 911 912 1087 836 1003 935 823 1084 1150 824 1154 828 1175
810 1166 936 888 982 1138 1074 1039 1090 996 815 909 896 833 1126 1200 844 947 979 946 966 1080 928 1157 1186 880 1179 987 890 903 975 1015 1062 993 829 979 976
952 1087 1019 915 943 1151 932 1134 1104 862 1196 1015 801 1087 1011 811 1003 939 837 1088 1199 1137 873 1109 1188 824 1005 1182 1081 922 1191 1089 946 861 872 1012 958
1065 1169 986 1196 1022 1100 968 1018 855 911 933 987 982 1047 884 988 1099 933 939 1166 1199 1168 987 1190 869 940 950 968 875 829 908 1076 1179 1071 1079 1168 1143
871 1022 967 1108 999 1099 817 1028 992 1035 971 800 951 806 1016 1143 1162 1126 822 1199 1195 821 801 1170 941 816 884 1121 1132 890 888 964 870 1104 1090 1017 1148
864 1064 1113 1152 1051 1179 930 1164 1138 1156 843 1124 965 886 1085 1020 1021 1077 925 1198 947 1040 1116 1175 828 1041 840 896 1000 1130 897 956 1154 1134 910 853 1041
1050 931 826 870 1050 800 839 1054 888 819 1113 1195 974 1159 831 1101 941 940 829 821 824 1071 970 1017 927 954 1010 983 987 1121 958 1128 1008 1004 1164 1077 1086
1143 1177 1198 1125 1062 981 834 984 1114 1136 922 1171 830 898 1181 1133 954 1005 1055 874 1197 1190 983 1199 1038 914 988 1002 1098 885 839 830 1021 846 882 1145 908
1093 1122 1029 1048 931 895 1018 1141 993 968 800 895 825 1009 964 1151 1010 1092 992 934 1117 1036 1005 1056 1004 1171 981 1065 1165 862 976 1058 874 1012 805 825 1153
