42 48
1382 1272 1024 1351 1128 1127 1048 1472 1319 1192 1105 1458 1497 1332 1442 1407 1180 1388 1069 1474 1323 1135 1137 1330 1259 1120 1035 1304 1008 1309 1419 1298 1011 1342 1105 1412 1315 1030 1349 1200 1325 1279 1288 1007 1373 1341 1089 1441
1079 1312 1442 1253 1014 1467 1380 1068 1405 1317 1354 1236 1031 1081 1321 1422 1303 1094 1441 1403 1115 1271 1213 1387 1207 1150 1456 1491 1186 1096 1462 1115 1435 1178 1063 1406 1430 1192 1477 1157 1092 1385 1212 1201 1302 1058 1377 1186
1378 1363 1088 1229 1150 1068 1431 1162 1092 1463 1321 1247 1010 1170 1309 1122 1462 1366 1478 1364 1238 1081 1001 1326 1187 1180 1431 1385 1001 1381 1498 1370 1189 1305 1398 1495 1096 1066 1405 1048 1150 1030 1038 1351 1146 1209 1143 1438
1205 1346 1017 1256 1463 1224 1136 1069 1170 1414 1057 1390 1162 1345 1381 1320 1459 1133 1402 1221 1397 1488 1255 1406 1407 1019 1339 1406 1224 1059 1219 1284 1238 1419 1158 1323 1438 1287 1384 1101 1237 1089 1475 1366 1225 1074 1391 1071
1306 1117 1279 1464 1078 1360 1152 1201 1218 1006 1067 1365 1249 1342 1056 1134 1403 1262 1181 1324 1165 1129 1239 1450 1115 1438 1327 1484 1453 1222 1304 1428 1170 1472 1466 1449 1288 1165 1073 1428 1194 1418 1240 1270 1414 1419 1339 1318
1425 1180 1483 1291 1205 1303 1004 1060 1011 1200 1063 1338 1499 1415 1104 1040 1021 1063 1103 1341 1283 1333 1320 1096 1189 1013 1264 1243 1280 1458 1399 1306 1310 1169 1435 1150 1462 1133 1095 1077 1326 1173 1315 1039 1482 1353 1030 1037
1122 1319 1038 1302 1404 1001 1146 1492 1030 1367 1242 1074 1374 1092 1317 1232 1212 1146 1212 1241 1356 1111 1041 1275 1174 1059 1340 1214 1180 1085 1158 1229 1100 1155 1425 1345 1164 1133 1341 1325 1491 1239 1087 1259 1214 1179 1109 1185
1480 1273 1143 1089 1326 1290 1164 1036 1199 1161 1480 1162 1124 1109 1085 1409 1287 1139 1096 1385 1288 1424 1423 1329 1235 1068 1392 1315 1310 1466 1265 1285 1390 1297 1439 1352 1208 1371 1272 1426 1193 1236 1126 1031 1100 1023 1381 1321
1000 1432 1375 1367 1199 1181 1216 1046 1435 1122 1170 1268 1224 1417 1234 1414 1044 1117 1269 1238 1493 1489 1445 1071 1391 1191 1284 1471 1382 1152 1112 1331 1245 1396 1169 1421 1008 1362 1458 1161 1063 1214 1290 1263 1139 1083 1486 1488
1048 1202 1062 1035 1236 1359 1418 1053 1339 1310 1045 1350 1266 1256 1177 1155 1237 1026 1079 1299 1496 1012 1333 1437 1324 1454 1171 1321 1083 1112 1409 1146 1002 1113 1257 1366 1224 1068 1369 1486 1041 1326 1181 1224 1079 1128 1181 1227
1373 1282 1049 1025 1057 1057 1112 1135 1451 1271 1495 1293 1306 1149 1495 1416 1222 1278 1221 1457 1264 1058 1310 1473 1135 1398 1454 1293 1435 1254 1239 1144 1500 1205 1205 1467 1345 1019 1321 1144 1268 1241 1498 1431 1294 1304 1278 1384
1447 1174 1285 1400 1447 1061 1197 1115 1389 1089 1437 1346 1091 1349 1332 1423 1185 1097 1062 1155 1185 1421 1126 1373 1351 1423 1105 1321 1379 1336 1384 1360 1408 1243 1427 1048 1236 1185 1279 1354 1052 1256 1403 1385 1299 1197 1431 1408
1015 1276 1088 1488 1016 1030 1122 1134 1384 1020 1428 1394 1006 1099 1355 1103 1423 1119 1301 1283 1370 1411 1227 1480 1018 1089 1422 1019 1065 1127 1445 1321 1051 1171 1050 1106 1450 1303 1170 1416 1202 1226 1273 1062 1297 1470 1204 1486
1036 1391 1294 1324 1331 1476 1352 1207 1440 1348 1353 1372 1297 1080 1249 1011 1402 1324 1096 1156 1417 1049 1417 1154 1330 1370 1081 1236 1403 1390 1029 1319 1132 1107 1426 1339 1348 1348 1321 1052 1154 1061 1038 1458 1122 1321 1347 1374
1081 1452 1061 1299 1147 1044 1486 1054 1116 1278 1461 1130 1278 1314 1433 1394 1487 1462 1237 1214 1468 1111 1144 1155 1132 1471 1443 1163 1427 1325 1110 1365 1359 1228 1079 1418 1043 1247 1170 1302 1484 1091 1222 1012 1444 1055 1486 1154
1214 1177 1335 1048 1384 1166 1134 1113 1365 1339 1492 1231 1176 1442 1328 1136 1119 1230 1011 1013 1493 1384 1195 1276 1472 1174 1232 1310 1112 1435 1483 1244 1044 1135 1450 1343 1498 1453 1111 1168 1098 1231 1219 1399 1217 1382 1140 1463
1391 1320 1356 1045 1179 1325 1162 1299 1495 1272 1364 1049 1083 1267 1228 1429 1163 1257 1070 1398 1471 1027 1439 1051 1316 1062 1375 1076 1148 1176 1312 1366 1269 1376 1412 1291 1126 1199 1048 1138 1130 1096 1041 1199 1029 1307 1074 1233
1194 1226 1362 1193 1287 1237 1055 1059 1142 1376 1108 1288 1218 1445 1016 1241 1161 1310 1140 1252 1385 1093 1304 1010 1210 1363 1252 1243 1230 1415 1485 1232 1175 1321 1160 1211 1117 1239 1119 1198 1139 1161 1107 1242 1361 1139 1426 1108
1195 1214 1262 1293 1180 1191 1438 1072 1362 1249 1182 1481 1179 1281 1257 1362 1072 1283 1295 1423 1152 1127 1287 1255 1350 1239 1368 1188 1121 1025 1045 1237 1175 1405 1163 1161 1306 1034 1370 1381 1101 1023 1068 1477 1488 1427 1197 1422
1128 1416 1040 1213 1132 1048 1153 1488 1317 1117 1099 1225 1416 1399 1243 1008 1365 1259 1431 1154 1371 1184 1301 1352 1270 1278 1221 1229 1341 1266 1423 1020 1118 1134 1359 1001 1029 1214 1261 1312 1270 1317 1478 1096 1062 1254 1420 1348
1261 1319 1445 1078 1466 1140 1078 1014 1430 1313 1428 1320 1441 1474 1063 1146 1193 1101 1475 1037 1041 1104 1262 1362 1419 1204 1420 1045 1127 1396 1150 1384 1096 1405 1022 1067 1036 1484 1498 1267 1021 1361 1186 1324 1447 1221 1052 1226
1335 1459 1391 1088 1220 1087 1224 1339 1330 1025 1248 1370 1350 1280 1500 1371 1181 1250 1252 1122 1350 1205 1252 1409 1478 1036 1080 1429 1401 1332 1013 1418 1003 1107 1445 1055 1500 1213 1178 1002 1171 1215 1130 1062 1393 1308 1376 1282
1001 1416 1289 1244 1093 1345 1187 1432 1321 1447 1484 1364 1278 1354 1486 1238 1091 1108 1295 1397 1351 1264 1050 1023 1245 1041 1214 1215 1402 1211 1439 1237 1198 1296 1036 1446 1237 1003 1442 1211 1114 1094 1175 1190 1321 1047 1065 1421
1137 1226 1309 1451 1464 1083 1018 1211 1456 1117 1276 1004 1263 1167 1298 1088 1486 1416 1472 1470 1012 1483 1247 1401 1334 1191 1292 1102 1402 1073 1491 1069 1423 1386 1080 1113 1438 1363 1221 1331 1241 1295 1439 1065 1063 1325 1335 1215
1384 1122 1457 1210 1185 1066 1129 1218 1284 1198 1038 1480 1019 1455 1332 1152 1320 1078 1265 1085 1476 1238 1354 1471 1364 1368 1109 1449 1169 1371 1356 1281 1279 1453 1067 1042 1260 1348 1055 1139 1240 1137 1185 1013 1493 1304 1263 1494
1333 1309 1213 1054 1167 1489 1500 1206 1152 1261 1161 1059 1420 1249 1145 1385 1291 1418 1122 1028 1020 1333 1000 1494 1016 1123 1406 1150 1036 1036 1208 1176 1034 1374 1246 1299 1467 1399 1368 1229 1091 1054 1432 1266 1000 1479 1488 1486
1267 1359 1327 1221 1493 1215 1444 1175 1468 1283 1157 1203 1355 1054 1375 1200 1367 1156 1070 1204 1124 1331 1200 1479 1132 1474 1117 1330 1458 1098 1328 1155 1482 1062 1479 1275 1272 1068 1247 1492 1178 1082 1425 1317 1467 1251 1102 1190
1419 1140 1126 1215 1033 1059 1014 1456 1304 1061 1323 1056 1440 1040 1215 1013 1175 1444 1280 1332 1290 1341 1125 1192 1020 1352 1399 1002 1312 1245 1412 1186 1362 1464 1441 1481 1497 1095 1181 1005 1114 1017 1063 1462 1257 1176 1079 1127
1220 1414 1449 1161 1472 1006 1390 1265 1308 1471 1411 1380 1091 1382 1237 1117 1403 1318 1287 1211 1161 1444 1085 1333 1095 1230 1081 1120 1303 1373 1169 1390 1271 1036 1359 1364 1361 1327 1047 1145 1374 1262 1427 1022 1273 1311 1488 1282
1149 1017 1349 1447 1001 1490 1240 1028 1087 1375 1462 1305 1417 1228 1203 1179 1436 1278 1244 1246 1279 1276 1335 1253 1263 1010 1464 1014 1266 1202 1250 1320 1039 1495 1152 1267 1167 1292 1235 1135 1105 1163 1047 1142 1470 1469 1252 1455
1480 1089 1150 1043 1445 1182 1367 1145 1236 1155 1049 1309 1359 1029 1352 1084 1072 1267 1281 1272 1279 1449 1086 1474 1064 1043 1139 1031 1015 1207 1153 1065 1117 1271 1472 1392 1374 1130 1216 1194 1358 1446 1191 1352 1448 1124 1482 1497
1092 1107 1258 1347 1453 1459 1094 1028 1442 1346 1069 1389 1495 1093 1134 1023 1205 1347 1208 1230 1484 1098 1310 1302 1146 1387 1329 1056 1200 1010 1187 1199 1478 1391 1403 1022 1452 1253 1086 1009 1033 1293 1484 1440 1368 1457 1380 1430
1222 1121 1045 1396 1240 1128 1372 1491 1348 1483 1050 1144 1433 1109 1318 1064 1350 1288 1484 1315 1021 1189 1026 1097 1203 1307 1285 1285 1046 1468 1265 1218 1000 1288 1432 1233 1416 1380 1109 1244 1390 1468 1127 1104 1456 1029 1360 1453
1427 1487 1229 1001 1338 1010 1394 1181 1056 1133 1466 1005 1323 1414 1096 1265 1159 1030 1191 1323 1291 1173 1445 1169 1007 1248 1173 1353 1311 1350 1082 1416 1256 1432 1013 1170 1177 1387 1462 1096 1454 1219 1041 1128 1167 1105 1433 1426
1456 1274 1084 1119 1033 1472 1015 1127 1246 1095 1241 1242 1336 1254 1447 1379 1440 1390 1126 1100 1153 1278 1348 1158 1301 1259 1373 1123 1339 1474 1027 1356 1253 1459 1340 1203 1458 1220 1487 1435 1182 1033 1339 1253 1376 1372 1139 1126
1445 1428 1432 1012 1484 1215 1296 1248 1173 1141 1087 1377 1038 1024 1360 1385 1173 1278 1006 1329 1345 1236 1444 1228 1437 1447 1232 1006 1444 1057 1461 1494 1017 1054 1261 1393 1351 1414 1189 1354 1261 1487 1239 1326 1162 1342 1152 1325
1397 1356 1022 1280 1380 1238 1125 1366 1327 1185 1284 1472 1028 1443 1362 1052 1326 1092 1348 1365 1207 1189 1404 1173 1049 1096 1472 1017 1166 1183 1309 1110 1283 1134 1385 1364 1291 1034 1144 1337 1444 1469 1500 1306 1182 1208 1218 1425
1472 1350 1183 1332 1166 1211 1126 1055 1280 1135 1066 1341 1029 1456 1274 1366 1417 1096 1277 1115 1178 1483 1049 1287 1216 1248 1036 1377 1199 1099 1270 1443 1488 1077 1108 1107 1328 1451 1459 1433 1227 1136 1144 1112 1235 1297 1024 1433
1302 1134 1170 1046 1219 1455 1499 1155 1457 1091 1320 1264 1056 1423 1138 1237 1162 1193 1413 1052 1364 1005 1444 1241 1322 1012 1352 1235 1111 1303 1478 1361 1275 1077 1226 1316 1301 1226 1179 1089 1193 1349 1051 1245 1496 1345 1045 1497
1352 1105 1220 1493 1017 1364 1426 1231 1227 1122 1018 1203 1382 1195 1008 1223 1414 1019 1435 1496 1009 1324 1280 1265 1390 1375 1246 1482 1011 1222 1436 1396 1027 1243 1277 1233 1423 1358 1411 1094 1351 1146 1104 1351 1087 1060 1286 1351
1412 1101 1336 1074 1372 1080 1006 1304 1018 1273 1207 1128 1185 1364 1466 1110 1361 1272 1460 1102 1056 1287 1390 1483 1133 1410 1422 1281 1088 1380 1138 1155 1121 1418 1209 1411 1025 1433 1333 1032 1078 1350 1025 1206 1131 1370 1392 1050
1189 1252 1153 1303 1018 1382 1389 1243 1076 1382 1161 1160 1209 1252 1399 1207 1015 1172 1155 1178 1078 1131 1376 1304 1189 1221 1464 1096 1333 1075 1440 1434 1255 1084 1272 1010 1184 1471 1455 1298 1288 1336 1473 1071 1349 1182 1500 1382
